processed_m4438_ME11_HV0_test40_SRCoff_170714_023815_TMBCounters.txt																																													
alct0 valid pattern flag received	alct1 valid pattern flag received	raw hits readout   	Pretrigger   	Pretrigger on CFEB0	Pretrigger on CFEB1	Pretrigger on CFEB2	Pretrigger on CFEB3	Pretrigger on CFEB4	Pretrigger on CFEB5	Pretrigger on CFEB6	Pretrigger on ME1A CFEB 4-6 only	Pretrigger on ME1B CFEBs 0-3 only	Discarded, CLCT0 invalid pattern after drift	BX pretrig waiting for triads to dissipate	clct0 sent to TMB matching section	clct1 sent to TMB matching section	TMB accepted alct	TMB match reject event  	Matching found one ALCT	Matching found one CLCT	Matching found two ALCTs	Matching found two CLCTs	ALCT0 copied into ALCT1 to make 2nd LCT	CLCT0 copied into CLCT1 to make 2nd LCT	LCT1 has higher quality than LCT0 	Transmitted LCT0 to MPC	Transmitted LCT1 to MPC	MPC rejected both LCT0 and LCT1	L1A received   	L1A received, TMB in L1A window	L1A received, no TMB in window	TMB triggered, no L1A in window	TMB readouts completed	Pretrigger counter   	CLCT counter   	TMB trigger counter	ALCTs received counter	L1As received counter 	Readout counter 	Orbit counter	CLCT pre-trigger and ALCT coincidence counter	CFEB0 active flag sent to DMB for readout	CFEB1 active flag sent to DMB for readout	CFEB2 active flag sent to DMB for readout	CFEB3 active flag sent to DMB for readout
22148	359	1508	31774	8935	10964	11106	0	397	390	390	1166	30608	30751	42265	1023	19	963	60	872	944	91	19	2	74	4	963	93	963	1767	152	1615	811	152	57182	1071	964	27807	1767	152	104803	0	0	0	0	0
45676	29	0	202824	54779	68053	74042	0	2777	2634	2620	7962	194861	202505	249883	319	1	2	317	1	1	1	1	0	0	1	2	1	2	0	0	0	2	0	260192	1391	966	73510	1767	152	509254	0	0	0	0	0
22338	383	1478	31817	8791	11178	11124	0	409	376	375	1150	30667	30669	42612	1148	33	1091	57	992	1059	99	32	5	72	5	1091	104	1091	1706	199	1507	892	199	292063	2539	2057	95867	3473	351	563628	0	0	0	0	0
45415	27	0	203253	54802	67997	74194	0	2713	2855	2616	8118	195135	202924	250758	329	0	3	326	3	3	0	0	0	0	0	3	0	3	0	0	0	3	0	495382	2869	2060	141302	3473	351	968069	0	0	0	0	0
24669	440	1781	32721	9265	11350	11342	0	431	420	366	1208	31513	31458	44164	1263	36	1210	53	1094	1174	116	36	8	88	5	1210	124	1210	2046	206	1840	1004	206	528166	4132	3270	165982	1423	557	1022452	0	0	0	0	0
45617	19	0	203795	54643	68182	74837	0	2736	2793	2614	8076	195719	203504	251171	291	0	3	288	3	3	0	0	0	0	0	3	0	3	0	0	0	3	0	732037	4423	3273	211616	1423	557	1426896	0	0	0	0	0
24064	406	1772	32270	9023	11224	11323	0	415	374	367	1144	31126	31114	43225	1156	25	1108	48	1017	1083	91	25	5	71	3	1108	96	1108	2045	206	1839	902	206	764353	5580	4381	235692	3468	763	1481267	0	0	0	0	0
45636	30	0	202148	54476	67438	74194	0	2703	2781	2547	7956	194190	201857	249087	291	0	7	284	7	7	0	0	0	0	0	7	0	7	0	0	0	7	0	966555	5871	4388	281344	3468	763	1885719	0	0	0	0	0
23201	360	1585	32367	9017	11211	11399	0	381	402	368	1142	31224	31194	43269	1173	26	1116	57	1017	1090	99	26	6	79	3	1116	105	1116	1820	182	1638	934	182	998978	7044	5504	304555	1192	945	1940091	0	0	0	0	0
45143	31	0	204350	55112	68308	74824	0	2737	2798	2579	8031	196317	204067	252175	283	0	2	281	2	2	0	0	0	0	0	2	0	2	0	0	0	2	0	1203401	7327	5506	349713	1192	945	2344534	0	0	0	0	0
25066	457	1766	32844	9320	11302	11484	0	406	415	390	1198	31644	31620	44401	1224	33	1172	52	1041	1139	131	33	8	106	10	1172	139	1172	2048	197	1851	975	197	1236314	8551	6678	374794	3240	1142	2398906	0	0	0	0	0
45440	27	0	203635	54870	68023	74697	0	2696	2748	2623	7998	195636	203326	251642	309	0	7	302	7	7	0	0	0	0	0	7	0	7	0	0	0	7	0	1440010	8861	6685	420243	3240	1142	2803359	0	0	0	0	0
25552	424	1794	32669	9167	11393	11411	0	397	399	367	1151	31516	31337	44224	1332	34	1286	46	1172	1252	114	34	5	85	5	1286	119	1286	2075	199	1876	1087	199	1472746	10193	7971	445816	1219	1341	2857730	0	0	0	0	0
45565	31	0	203600	54804	68434	74317	0	2780	2762	2563	8038	195559	203282	251099	318	0	5	313	5	5	0	0	0	0	0	5	0	5	0	0	0	5	0	1676408	10511	7976	491397	1219	1341	3262172	0	0	0	0	0
25465	426	1831	32838	9256	11361	11484	0	384	425	357	1157	31680	31550	44431	1288	30	1228	60	1113	1198	115	30	12	97	6	1228	127	1228	2107	235	1872	993	235	1709308	11799	9204	516880	3326	1576	3316556	0	0	0	0	0
45025	23	0	203803	55223	68057	74334	0	2839	2759	2633	8163	195637	203521	251197	282	1	5	277	4	4	1	1	0	0	0	5	1	5	0	0	0	5	0	1913157	12081	9209	561922	3326	1576	3720998	0	0	0	0	0
24454	406	1717	32662	9081	11244	11618	0	389	384	368	1136	31525	31520	43778	1142	28	1087	55	984	1059	103	28	8	83	7	1087	111	1087	2001	178	1823	909	178	1945880	13223	10296	586392	1231	1754	3775370	0	0	0	0	0
45527	25	0	203363	54961	68178	74203	0	2811	2751	2528	8009	195352	203023	251075	340	0	2	338	2	2	0	0	0	0	0	2	0	2	0	0	0	2	0	2149312	13563	10298	631931	1231	1754	4179812	0	0	0	0	0
24517	398	1722	32515	9115	11114	11621	0	372	378	365	1102	31412	31224	43923	1291	29	1238	53	1137	1209	101	29	12	84	6	1238	113	1238	1979	221	1758	1017	221	2181894	14854	11536	656458	3210	1975	4234195	0	0	0	0	0
45541	28	0	203784	55220	67565	74766	0	2832	2876	2535	8187	195597	203445	251582	339	0	7	332	6	7	1	0	0	1	0	7	1	7	0	0	0	7	0	2385743	15193	11543	702011	3210	1975	4638635	0	0	0	0	0
23519	399	1621	32380	9157	11162	11329	0	355	439	336	1114	31263	31266	43324	1114	33	1058	56	958	1025	100	33	5	72	8	1058	105	1058	1876	214	1662	844	214	2418184	16307	12601	725547	990	2189	4693009	0	0	0	0	0
45765	26	0	203530	54949	68083	74644	0	2711	2719	2449	7813	195715	203237	250848	293	0	2	291	2	2	0	0	0	0	0	2	0	2	0	0	0	2	0	2621780	16600	12603	771330	990	2189	5097451	0	0	0	0	0
22967	364	1557	31846	8904	11122	11084	0	394	404	358	1147	30698	30744	42473	1102	32	1036	66	946	1004	90	32	7	65	4	1036	97	1036	1771	185	1586	851	185	2653673	17702	13639	794309	2761	2374	5151835	0	0	0	0	0
45466	23	0	203114	54894	67946	74213	0	2803	2744	2531	8013	195101	202785	251120	329	0	2	327	2	2	0	0	0	0	0	2	0	2	0	0	0	2	0	2856841	18031	13641	839796	2761	2374	5556276	0	0	0	0	0
24540	407	1750	32522	9007	11421	11353	0	383	412	386	1175	31347	31226	43871	1296	29	1229	67	1129	1200	100	29	7	78	2	1229	107	1229	2024	226	1798	1003	226	2889418	19327	14870	864345	689	2600	5610649	0	0	0	0	0
46031	33	0	202973	54602	67770	74463	0	2822	2774	2545	8079	194894	202661	250742	312	0	8	304	8	8	0	0	0	0	0	8	0	8	0	0	0	8	0	3092452	19639	14878	910393	689	2600	6015100	0	0	0	0	0
25024	440	1798	32579	9138	11241	11481	0	345	405	392	1133	31445	31331	43973	1248	42	1181	67	1062	1139	119	42	5	82	2	1181	124	1181	2074	226	1848	955	226	3125094	20887	16059	935434	2763	2826	6069474	0	0	0	0	0
45352	19	0	202831	54600	67848	74238	0	2719	2784	2549	7988	194843	202541	250322	290	0	4	286	4	4	0	0	0	0	0	4	0	4	0	0	0	4	0	3327979	21177	16063	980797	2763	2826	6473915	0	0	0	0	0
24702	410	1658	32345	9112	11243	11260	0	378	414	379	1159	31184	31103	43747	1242	29	1190	52	1087	1161	103	29	12	86	4	1190	115	1190	1937	191	1746	999	191	3360387	22419	17253	1005513	604	3017	6528287	0	0	0	0	0
45920	31	0	202595	54698	67425	74324	0	2776	2805	2496	8013	194580	202323	249456	272	0	3	269	3	3	0	0	0	0	0	3	0	3	0	0	0	3	0	3563034	22691	17256	1051448	604	3017	6932741	0	0	0	0	0
24185	404	1720	32382	9089	11237	11287	0	385	405	393	1172	31210	31197	43432	1185	33	1126	59	1032	1093	94	33	9	70	6	1126	103	1126	1954	214	1740	912	214	3595477	23877	18382	1075650	2558	3231	6987113	0	0	0	0	0
45845	37	0	202735	54635	67820	74281	0	2670	2756	2556	7929	194806	202446	250305	289	0	5	284	5	5	0	0	0	0	0	5	0	5	0	0	0	5	0	3798279	24166	18387	1121516	2558	3231	7391554	0	0	0	0	0
24907	393	1800	32591	9088	11318	11474	0	364	421	367	1141	31450	31360	43817	1231	40	1157	74	1059	1117	98	40	12	70	7	1157	110	1157	2046	198	1848	959	198	3830935	25398	19544	1146438	508	3429	7445939	0	0	0	0	0
45392	23	0	202850	54723	67729	74178	0	2735	2827	2632	8128	194721	202552	250268	298	1	4	294	4	3	0	1	1	0	0	4	1	4	0	0	0	4	0	4033849	25697	19549	1191844	508	3429	7850380	0	0	0	0	0
24112	405	1616	32289	9154	11209	11244	0	336	414	371	1109	31180	31125	43435	1164	36	1115	49	1022	1079	93	36	8	65	6	1115	101	1115	1866	192	1674	923	192	4066201	26861	20664	1215968	2374	3621	7904752	0	0	0	0	0
45208	32	0	203021	54723	68081	74234	0	2770	2728	2525	7951	195069	202737	250427	284	0	4	280	4	4	0	0	0	0	0	4	0	4	0	0	0	4	0	4269284	27145	20668	1261189	2374	3621	8309195	0	0	0	0	0
24063	409	1740	32200	8988	11068	11407	0	408	408	346	1149	31051	31012	43437	1188	38	1131	57	1021	1093	110	38	9	81	7	1131	119	1131	1999	207	1792	924	207	4301548	28333	21799	1285272	277	3828	8363576	0	0	0	0	0
45567	24	0	203110	54826	67829	74469	0	2732	2672	2589	7920	195189	202786	250627	324	0	2	322	2	2	0	0	0	0	0	2	0	2	0	0	0	2	0	4504726	28657	21801	1330853	277	3828	8768021	0	0	0	0	0
24914	382	1776	32799	9165	11470	11401	0	433	427	359	1201	31596	31558	44196	1241	36	1178	63	1085	1142	93	36	11	68	10	1178	104	1178	2049	209	1840	969	209	4537598	29898	22979	1355785	2326	4037	8822391	0	0	0	0	0
45592	32	0	203352	54632	68005	74577	0	2793	2790	2645	8155	195196	203080	250815	272	0	4	268	4	4	0	0	0	0	0	4	0	4	0	0	0	4	0	4741003	30170	22983	1401389	2326	4037	9226844	0	0	0	0	0
25268	435	1796	32872	9293	11538	11330	0	408	430	327	1148	31721	31600	44664	1272	29	1221	51	1116	1192	105	29	9	85	6	1221	114	1221	2079	211	1868	1010	211	4773943	31442	24204	1426676	309	152	9281217	0	0	0	0	0
16683	3	0	74387	20146	24830	27061	0	1019	1092	937	3016	71370	74278	91653	109	0	2	107	2	2	0	0	0	0	0	2	0	2	0	0	0	2	0	4848393	31551	24206	1443371	309	152	9429255	0	0	0	0	0
22856	341	1585	32157	9080	11020	11348	0	411	399	344	1146	31010	31050	42964	1107	22	1048	59	973	1026	75	22	5	58	2	1048	80	1048	1838	183	1655	865	183	4880620	32658	25254	1466236	2147	335	9483640	0	0	0	0	0
16466	5	0	74220	19941	24822	27254	0	994	1002	955	2930	71290	74111	91818	109	0	1	108	1	1	0	0	0	0	0	1	0	1	0	0	0	1	0	4954907	32767	25255	1482713	2147	335	9631678	0	0	0	0	0

processed_m4439_ME11_HV0_test40_SRCoff_170714_025611_TMBCounters.txt																																													
alct0 valid pattern flag received	alct1 valid pattern flag received	raw hits readout   	Pretrigger   	Pretrigger on CFEB0	Pretrigger on CFEB1	Pretrigger on CFEB2	Pretrigger on CFEB3	Pretrigger on CFEB4	Pretrigger on CFEB5	Pretrigger on CFEB6	Pretrigger on ME1A CFEB 4-6 only	Pretrigger on ME1B CFEBs 0-3 only	Discarded, CLCT0 invalid pattern after drift	BX pretrig waiting for triads to dissipate	clct0 sent to TMB matching section	clct1 sent to TMB matching section	TMB accepted alct	TMB match reject event  	Matching found one ALCT	Matching found one CLCT	Matching found two ALCTs	Matching found two CLCTs	ALCT0 copied into ALCT1 to make 2nd LCT	CLCT0 copied into CLCT1 to make 2nd LCT	LCT1 has higher quality than LCT0 	Transmitted LCT0 to MPC	Transmitted LCT1 to MPC	MPC rejected both LCT0 and LCT1	L1A received   	L1A received, TMB in L1A window	L1A received, no TMB in window	TMB triggered, no L1A in window	TMB readouts completed	Pretrigger counter   	CLCT counter   	TMB trigger counter	ALCTs received counter	L1As received counter 	Readout counter 	Orbit counter	CLCT pre-trigger and ALCT coincidence counter	CFEB0 active flag sent to DMB for readout	CFEB1 active flag sent to DMB for readout	CFEB2 active flag sent to DMB for readout	CFEB3 active flag sent to DMB for readout
33802	751	2074	69410	20657	22335	24630	0	1015	1036	962	2975	66430	56149	113083	13261	244	13149	112	12653	12905	496	244	85	337	38	13149	581	13149	2079	1648	431	11501	1648	116191	13349	13155	41794	2079	1648	104802	0	0	0	0	0
23675	21	0	136838	37715	43172	50617	0	2360	2127	2079	6520	130316	136565	169399	273	0	9	264	9	9	0	0	0	0	0	9	0	9	0	0	0	9	0	253166	13622	13164	65484	2079	1648	252852	0	0	0	0	0
34676	742	2214	69763	20958	22564	24400	0	1009	1079	944	2981	66776	55871	114632	13892	264	13763	129	13262	13499	501	264	90	327	52	13763	591	13763	2221	1767	454	11996	1767	323042	27514	26927	100175	204	3415	307236	0	0	0	0	0
23970	10	0	137918	38001	43308	51246	0	2282	2235	2103	6567	131350	137625	170652	293	0	11	282	10	11	1	0	0	1	0	11	1	11	0	0	0	11	0	461069	27807	26938	124163	204	3415	455275	0	0	0	0	0
33468	752	2167	69063	20492	22300	24468	0	1071	996	950	2969	66089	55907	112254	13156	229	13024	132	12532	12795	492	229	68	331	46	13024	560	13024	2171	1711	460	11313	1711	530244	40963	39962	157642	2375	1030	509659	0	0	0	0	0
23590	15	0	137685	37893	43417	51025	0	2402	2240	2031	6626	131056	137458	170383	227	0	8	219	8	8	0	0	0	0	0	8	0	8	0	0	0	8	0	668036	41190	39970	181250	2375	1030	657686	0	0	0	0	0
32632	703	2035	68316	20313	22049	24229	0	1007	935	925	2831	65484	55907	110227	12409	235	12278	131	11815	12043	463	235	82	310	49	12278	545	12278	2042	1551	491	10727	1551	736466	53599	52248	213903	321	2581	712060	0	0	0	0	0
23810	15	0	137573	37863	43251	51133	0	2341	2222	2046	6545	131028	137337	170120	236	0	6	230	6	6	0	0	0	0	0	6	0	6	0	0	0	6	0	874160	53835	52254	237732	321	2581	860109	0	0	0	0	0
33789	770	2200	69370	20733	22471	24397	0	1045	1008	940	2946	66416	56026	113224	13344	222	13237	107	12719	13015	518	222	68	364	33	13237	586	13237	2209	1744	465	11493	1744	943641	67180	65491	271539	2530	229	914494	0	0	0	0	0
23631	22	0	136803	37656	42834	50882	0	2368	2194	2169	6672	130130	136560	169146	243	0	4	239	4	4	0	0	0	0	0	4	0	4	0	0	0	4	0	1080564	67423	65495	295189	2530	229	1062544	0	0	0	0	0
34337	811	2129	69760	20557	22675	24791	0	1010	964	958	2894	66859	56355	113857	13405	276	13286	119	12764	13010	522	276	100	346	48	13286	622	13286	2136	1613	523	11673	1613	1150422	80828	78781	329544	570	1842	1116917	0	0	0	0	0
23462	26	0	137340	37901	43281	50906	0	2303	2169	2115	6543	130796	137092	169846	248	0	9	239	8	9	1	0	0	1	0	9	1	9	0	0	0	9	0	1287899	81076	78790	353020	570	1842	1264955	0	0	0	0	0
33522	702	2127	68851	20321	22562	24174	0	1067	973	917	2921	65926	55716	111990	13135	221	13027	108	12565	12806	462	221	76	317	49	13027	538	13027	2129	1627	502	11400	1627	1356871	94212	91818	386557	2700	3470	1319340	0	0	0	0	0
23725	19	0	137507	37859	43236	51142	0	2368	2081	2113	6525	130981	137263	169656	244	1	10	234	10	9	0	1	1	0	0	10	1	10	0	0	0	10	0	1494493	94456	91828	410297	2700	3470	1467367	0	0	0	0	0
33771	723	2084	68855	20580	22182	24222	0	1016	1063	953	2992	65858	55701	112223	13154	232	13032	122	12559	12800	473	232	82	323	57	13032	555	13032	2092	1605	487	11427	1605	1563470	107610	104860	444088	696	979	1521752	0	0	0	0	0
23702	21	0	136945	37367	43061	51205	0	2330	2188	2056	6530	130413	136698	169348	247	0	12	235	12	12	0	0	0	0	0	12	0	12	0	0	0	12	0	1700522	107857	104872	467811	696	979	1669801	0	0	0	0	0
34539	756	2155	69879	20757	22855	24372	0	1084	1043	998	3084	66789	56365	114212	13514	253	13370	144	12854	13117	516	253	90	353	64	13370	606	13370	2162	1671	491	11699	1671	1770482	121371	118242	502374	2858	2650	1724175	0	0	0	0	0
23493	9	0	138018	37814	43447	51496	0	2283	2223	2083	6533	131484	137779	170660	239	0	7	232	7	7	0	0	0	0	0	7	0	7	0	0	0	7	0	1908603	121610	118249	525891	2858	2650	1872224	0	0	0	0	0
35376	831	2274	70148	20991	22630	24713	0	999	1056	967	2972	67164	56004	115627	14144	285	14012	132	13453	13727	559	285	88	362	60	14012	647	14012	2281	1770	511	12242	1770	1978869	135755	132262	561293	1043	324	1926585	0	0	0	0	0
23616	20	0	137558	38131	43557	50565	0	2324	2184	2085	6546	131009	137301	170113	257	0	8	249	8	8	0	0	0	0	0	8	0	8	0	0	0	8	0	2116546	136013	132270	584933	1043	324	2074647	0	0	0	0	0
34088	768	2194	69707	20975	22195	24698	0	1049	1017	940	2964	66739	56283	113713	13424	248	13291	133	12783	13043	508	248	104	364	47	13291	612	13291	2198	1731	467	11560	1731	2186365	149438	145561	619047	3241	2055	2129008	0	0	0	0	0
23862	20	0	137370	38020	43268	50708	0	2368	2196	2106	6622	130748	137109	170053	262	0	5	257	5	5	0	0	0	0	0	5	0	5	0	0	0	5	0	2323843	149700	145566	642928	3241	2055	2277059	0	0	0	0	0
34282	761	2144	69798	20416	22694	24710	0	1071	1089	937	3057	66738	56153	114442	13645	259	13517	128	13008	13258	509	259	83	333	50	13517	592	13517	2150	1649	501	11868	1649	2393741	163345	159083	677237	1295	3704	2331431	0	0	0	0	0
23645	11	0	137746	38048	43168	51193	0	2400	2213	2026	6571	131171	137513	170469	233	0	9	224	9	9	0	0	0	0	0	9	0	9	0	0	0	9	0	2531593	163578	159092	700900	1295	3704	2479471	0	0	0	0	0
33916	711	2158	69650	20918	22456	24485	0	1019	1015	984	2975	66673	56281	113705	13369	229	13247	122	12775	13018	472	229	74	317	42	13247	546	13247	2164	1697	467	11550	1697	2601350	176947	172339	734837	3459	1305	2533854	0	0	0	0	0
23586	15	0	137988	37825	43244	51642	0	2382	2210	2036	6579	131409	137722	170652	266	0	13	253	11	13	2	0	0	2	0	13	2	13	0	0	0	13	0	2739450	177213	172352	758444	3459	1305	2681894	0	0	0	0	0
35494	817	2252	70471	20941	22909	24785	0	1029	1078	951	3015	67449	56441	115990	14030	268	13895	135	13369	13627	526	268	87	345	51	13895	613	13895	2259	1798	461	12097	1798	2810052	191243	186247	793964	1622	3103	2736277	0	0	0	0	0
23735	8	0	137334	37512	43202	51183	0	2364	2223	2182	6717	130613	137091	169808	243	0	7	236	7	7	0	0	0	0	0	7	0	7	0	0	0	7	0	2947489	191487	186254	817728	1622	3103	2884315	0	0	0	0	0
34075	750	2201	69854	20834	22321	24936	0	1062	1010	894	2929	66921	56410	113662	13444	259	13317	127	12808	13058	509	259	91	341	61	13317	600	13317	2207	1711	496	11606	1711	3017473	204931	199571	851818	3829	718	2938690	0	0	0	0	0
23398	11	0	137803	37881	43490	51167	0	2357	2199	2016	6521	131280	137539	170149	264	0	10	254	10	10	0	0	0	0	0	10	0	10	0	0	0	10	0	3155399	205195	199581	875230	3829	718	3086740	0	0	0	0	0
34591	753	2239	69751	20852	22538	24592	0	1091	975	930	2963	66777	56034	114260	13717	262	13589	128	13079	13327	510	262	84	332	52	13589	594	13589	2247	1752	495	11837	1752	3225264	218912	213170	909841	1980	2470	3141111	0	0	0	0	0
23675	12	0	137494	37901	43219	51095	0	2314	2184	2067	6526	130966	137238	170076	256	0	5	251	5	5	0	0	0	0	0	5	0	5	0	0	0	5	0	3362858	219168	213175	933534	1980	2470	3289163	0	0	0	0	0
36559	806	2275	71147	21516	22935	24860	0	1054	1058	959	3021	68120	56351	118209	14796	271	14643	153	14112	14372	531	271	92	352	61	14643	623	14643	2281	1777	504	12866	1777	3434105	233965	227818	970109	165	151	3343534	0	0	0	0	0
23578	13	0	137909	37657	43649	51362	0	2350	2155	2043	6505	131403	137660	170037	249	0	11	238	9	11	2	0	0	2	0	11	2	11	0	0	0	11	0	3572131	234214	227829	993707	165	151	3491574	0	0	0	0	0
34982	747	2321	69687	20675	22666	24464	0	1084	1021	959	3025	66656	55870	114748	13817	238	13694	123	13202	13456	492	238	73	327	45	13694	565	13694	2326	1806	520	11888	1806	3641944	248031	241523	1028707	2491	1957	3545957	0	0	0	0	0
23630	22	0	137437	37745	43466	50855	0	2365	2241	2110	6663	130771	137183	169720	254	0	7	247	7	7	0	0	0	0	0	7	0	7	0	0	0	7	0	3779498	248285	241530	1052355	2491	1957	3693997	0	0	0	0	0

processed_m4440_ME11_HV0_test40_SRCoff_170714_030532_TMBCounters.txt																																													
alct0 valid pattern flag received	alct1 valid pattern flag received	raw hits readout   	Pretrigger   	Pretrigger on CFEB0	Pretrigger on CFEB1	Pretrigger on CFEB2	Pretrigger on CFEB3	Pretrigger on CFEB4	Pretrigger on CFEB5	Pretrigger on CFEB6	Pretrigger on ME1A CFEB 4-6 only	Pretrigger on ME1B CFEBs 0-3 only	Discarded, CLCT0 invalid pattern after drift	BX pretrig waiting for triads to dissipate	clct0 sent to TMB matching section	clct1 sent to TMB matching section	TMB accepted alct	TMB match reject event  	Matching found one ALCT	Matching found one CLCT	Matching found two ALCTs	Matching found two CLCTs	ALCT0 copied into ALCT1 to make 2nd LCT	CLCT0 copied into CLCT1 to make 2nd LCT	LCT1 has higher quality than LCT0 	Transmitted LCT0 to MPC	Transmitted LCT1 to MPC	MPC rejected both LCT0 and LCT1	L1A received   	L1A received, TMB in L1A window	L1A received, no TMB in window	TMB triggered, no L1A in window	TMB readouts completed	Pretrigger counter   	CLCT counter   	TMB trigger counter	ALCTs received counter	L1As received counter 	Readout counter 	Orbit counter	CLCT pre-trigger and ALCT coincidence counter	CFEB0 active flag sent to DMB for readout	CFEB1 active flag sent to DMB for readout	CFEB2 active flag sent to DMB for readout	CFEB3 active flag sent to DMB for readout
37311	874	2379	80855	24557	25661	28522	0	1324	1236	1195	3695	77155	60911	140155	19944	506	19809	135	19084	19303	725	506	184	403	107	19809	909	19809	2384	2281	103	17528	2281	135290	20053	19815	46226	2384	2281	104802	0	0	0	0	0
26098	21	0	158613	44260	48277	59247	0	3022	2652	2633	8226	150383	158317	196381	296	0	15	281	14	15	1	0	0	1	0	15	1	15	0	0	0	15	0	294019	20349	19830	72353	2384	2281	252852	0	0	0	0	0
37117	825	2337	80122	24479	25173	28300	0	1381	1204	1200	3731	76382	59981	139327	20141	442	19981	160	19313	19539	668	442	141	367	96	19981	809	19981	2343	2238	105	17743	2238	374289	40491	39811	109491	631	423	307225	0	0	0	0	0
26330	24	0	159394	44186	49116	59359	0	3006	2658	2511	8111	151279	159067	197160	327	1	16	311	13	15	3	1	0	2	1	16	3	16	0	0	0	16	0	533794	40818	39827	135846	631	423	455275	0	0	0	0	0
38038	916	2353	81523	24872	25722	28677	0	1366	1251	1214	3762	77754	60834	142366	20689	480	20539	150	19826	20059	713	480	185	418	95	20539	898	20539	2358	2257	101	18282	2257	615472	61507	60366	173901	2989	2680	509648	0	0	0	0	0
26006	16	0	159010	44725	48503	58922	0	2967	2700	2599	8203	150806	158690	196869	320	0	12	308	12	12	0	0	0	0	0	12	0	12	0	0	0	12	0	774592	61828	60378	199931	2989	2680	657686	0	0	0	0	0
37581	838	2283	80657	24228	25439	28755	0	1339	1165	1240	3685	76962	60428	140135	20229	449	20061	168	19396	19613	665	448	159	376	85	20061	824	20061	2290	2180	110	17881	2180	855363	82057	80439	237540	1183	764	712069	0	0	0	0	0
26121	12	0	158858	43914	48808	59410	0	3033	2697	2459	8137	150716	158570	196452	288	0	14	274	14	14	0	0	0	0	0	14	0	14	0	0	0	14	0	1014356	82345	80453	263696	1183	764	860109	0	0	0	0	0
36979	892	2355	80223	24155	25401	28236	0	1440	1272	1253	3908	76306	60485	138822	19738	433	19583	155	18869	19150	714	433	132	413	84	19583	846	19583	2360	2257	103	17326	2257	1094700	102088	100041	300704	3543	3021	914494	0	0	0	0	0
26027	17	0	157618	43896	48405	58664	0	3055	2586	2541	8118	149499	157312	195023	306	0	18	288	18	18	0	0	0	0	0	18	0	18	0	0	0	18	0	1252449	102395	100059	326762	3543	3021	1062532	0	0	0	0	0
37649	905	2344	80346	24320	25218	28525	0	1397	1276	1183	3797	76534	60088	140164	20258	494	20111	147	19352	19617	759	494	141	406	89	20111	900	20111	2349	2245	104	17866	2245	1332915	122653	120170	364437	1796	1170	1116904	0	0	0	0	0
26399	13	0	159117	44339	48838	59221	0	3070	2631	2565	8188	150926	158809	196927	308	0	12	296	12	12	0	0	0	0	0	12	0	12	0	0	0	12	0	1492177	122961	120182	390856	1796	1170	1264954	0	0	0	0	0
39097	876	2511	81446	24653	25668	28942	0	1332	1186	1243	3703	77733	60177	143320	21269	469	21093	176	20384	20624	709	469	160	400	100	21093	869	21093	2517	2399	118	18694	2399	1573758	144231	141275	429969	217	3569	1319327	0	0	0	0	0
26205	16	0	158590	44041	48658	59202	0	2954	2670	2558	8116	150470	158279	196282	311	0	12	299	11	12	1	0	0	1	0	12	1	12	0	0	0	12	0	1732489	144543	141287	456202	217	3569	1467377	0	0	0	0	0
37971	884	2333	81011	24637	25534	28638	0	1365	1213	1227	3759	77244	60396	141454	20615	486	20460	155	19750	19974	710	486	164	388	107	20460	874	20460	2341	2224	117	18236	2224	1813639	165158	161747	494198	2558	1697	1521752	0	0	0	0	0
25961	21	0	159201	44166	48562	59734	0	3024	2657	2539	8152	151049	158896	197010	305	1	10	295	10	9	0	1	1	0	1	10	1	10	0	0	0	10	0	1972962	165463	161757	520188	2558	1697	1669790	0	0	0	0	0
37105	874	2360	80105	24139	25132	28484	0	1386	1258	1212	3809	76288	60011	139031	20094	467	19956	138	19257	19489	699	467	154	386	90	19956	853	19956	2369	2261	108	17695	2261	2053208	185558	181713	557316	831	3958	1724173	0	0	0	0	0
25957	23	0	159171	44180	48581	59519	0	3079	2648	2666	8330	150840	158848	197100	323	0	12	311	11	12	1	0	0	1	0	12	1	12	0	0	0	12	0	2212495	185882	181725	583291	831	3958	1872212	0	0	0	0	0
35609	840	2266	79016	23906	24719	28173	0	1320	1179	1151	3600	75410	60187	135490	18829	432	18673	156	18007	18241	666	432	130	364	77	18673	796	18673	2269	2157	112	16516	2157	2291651	204711	200398	618927	3100	2019	1926596	0	0	0	0	0
26318	9	0	158387	44278	48363	58927	0	3043	2722	2539	8233	150152	158066	196088	321	1	12	309	11	11	1	1	0	0	0	12	1	12	0	0	0	12	0	2450185	205032	200410	645263	3100	2019	2074636	0	0	0	0	0
37951	900	2374	80555	24314	25452	28556	0	1335	1284	1170	3741	76800	60163	140784	20392	474	20233	159	19494	19759	739	474	155	420	94	20233	894	20233	2378	2248	130	17985	2248	2530869	225425	220643	683235	1382	171	2129019	0	0	0	0	0
25934	13	0	158400	43893	48547	59165	0	3015	2654	2606	8212	150188	158078	196315	322	0	12	310	12	12	0	0	0	0	0	12	0	12	0	0	0	12	0	2689398	225747	220655	709195	1382	171	2277059	0	0	0	0	0
37282	860	2399	80287	24125	25432	28536	0	1365	1228	1189	3731	76545	60182	139734	20105	452	19960	145	19265	19508	695	452	154	397	88	19960	849	19960	2405	2281	124	17679	2281	2769818	245853	240615	746493	3787	2452	2331431	0	0	0	0	0
26202	20	0	158753	44038	48424	59385	0	3037	2765	2630	8356	150395	158452	196401	301	0	17	284	16	17	1	0	0	1	0	17	1	17	0	0	0	17	0	2928701	246154	240632	772719	3787	2452	2479481	0	0	0	0	0
37383	860	2363	80300	24262	25287	28408	0	1408	1234	1247	3833	76453	60194	139685	20106	470	19964	142	19271	19494	693	470	179	402	117	19964	872	19964	2368	2250	118	17714	2250	3009139	266260	260596	810126	2059	606	2533855	0	0	0	0	0
25961	13	0	159174	44267	48746	59526	0	2997	2648	2429	8009	151160	158859	197085	315	0	13	302	13	13	0	0	0	0	0	13	0	13	0	0	0	13	0	3168450	266575	260609	836113	2059	606	2681892	0	0	0	0	0
36621	835	2287	79611	23918	25304	28235	0	1342	1228	1155	3662	75937	60087	137551	19524	446	19365	159	18681	18919	684	446	150	388	102	19365	834	19365	2296	2198	98	17167	2198	3248194	286099	279974	872753	259	2804	2736278	0	0	0	0	0
26548	24	0	158801	44295	48761	59038	0	3023	2672	2503	8140	150659	158465	196746	336	0	8	328	8	8	0	0	0	0	0	8	0	8	0	0	0	8	0	3407141	286435	279982	899317	259	2804	2884315	0	0	0	0	0
37812	903	2450	80959	24428	25841	28526	0	1309	1225	1206	3690	77259	60570	140954	20389	456	20228	161	19509	19772	719	456	153	416	94	20228	872	20228	2456	2343	113	17885	2343	3488229	306824	300210	937154	2715	1051	2938701	0	0	0	0	0
26140	16	0	158247	43729	48599	59141	0	3048	2663	2520	8165	150080	157895	196105	352	0	11	341	10	11	1	0	0	1	0	11	1	11	0	0	0	11	0	3646613	307176	300221	963320	2715	1051	3086738	0	0	0	0	0
38544	881	2482	81355	24680	25772	28758	0	1324	1207	1241	3723	77619	60328	143051	21027	455	20866	161	20156	20411	710	455	150	405	90	20866	860	20866	2486	2364	122	18502	2364	3728087	328203	321087	1001886	1105	3415	3141123	0	0	0	0	0
26339	14	0	158898	44202	48647	59275	0	2974	2628	2640	8189	150706	158600	196679	298	0	18	280	18	18	0	0	0	0	0	18	0	18	0	0	0	18	0	3887109	328501	321105	1028238	1105	3415	3289161	0	0	0	0	0
38822	935	2502	81149	24601	25622	28637	0	1396	1298	1200	3841	77297	60151	142698	20998	445	20846	152	20110	20401	736	445	172	463	102	20846	908	20846	2508	2387	121	18459	2387	3968410	349499	341951	1067088	3613	1706	3343534	0	0	0	0	0

processed_m4441_ME11_HV0_test40_SRCoff_170714_031347_TMBCounters.txt																																													
alct0 valid pattern flag received	alct1 valid pattern flag received	raw hits readout   	Pretrigger   	Pretrigger on CFEB0	Pretrigger on CFEB1	Pretrigger on CFEB2	Pretrigger on CFEB3	Pretrigger on CFEB4	Pretrigger on CFEB5	Pretrigger on CFEB6	Pretrigger on ME1A CFEB 4-6 only	Pretrigger on ME1B CFEBs 0-3 only	Discarded, CLCT0 invalid pattern after drift	BX pretrig waiting for triads to dissipate	clct0 sent to TMB matching section	clct1 sent to TMB matching section	TMB accepted alct	TMB match reject event  	Matching found one ALCT	Matching found one CLCT	Matching found two ALCTs	Matching found two CLCTs	ALCT0 copied into ALCT1 to make 2nd LCT	CLCT0 copied into CLCT1 to make 2nd LCT	LCT1 has higher quality than LCT0 	Transmitted LCT0 to MPC	Transmitted LCT1 to MPC	MPC rejected both LCT0 and LCT1	L1A received   	L1A received, TMB in L1A window	L1A received, no TMB in window	TMB triggered, no L1A in window	TMB readouts completed	Pretrigger counter   	CLCT counter   	TMB trigger counter	ALCTs received counter	L1As received counter 	Readout counter 	Orbit counter	CLCT pre-trigger and ALCT coincidence counter	CFEB0 active flag sent to DMB for readout	CFEB1 active flag sent to DMB for readout	CFEB2 active flag sent to DMB for readout	CFEB3 active flag sent to DMB for readout
37841	869	2352	82371	24860	25914	29352	0	1356	1278	1227	3807	78555	61565	143440	20806	497	20626	180	19924	20129	702	497	176	381	100	20626	878	20626	2357	2293	64	18333	2293	137940	20923	20628	47284	2357	2293	104812	0	0	0	0	0
27291	18	0	163457	45705	49712	60962	0	3084	2783	2693	8495	154960	163143	202320	314	0	15	299	14	15	1	0	0	1	0	15	1	15	0	0	0	15	0	301520	21237	20643	74593	2357	2293	252852	0	0	0	0	0
36513	860	2241	80864	24321	25310	28885	0	1436	1225	1203	3815	77039	61037	139879	19827	482	19663	164	18953	19181	710	482	158	386	105	19663	868	19663	2246	2186	60	17477	2186	382515	41064	40306	111134	507	383	307235	0	0	0	0	0
27284	23	0	163758	45791	49271	61594	0	3093	2763	2690	8489	155265	163409	203125	349	0	14	335	14	14	0	0	0	0	0	14	0	14	0	0	0	14	0	546419	41413	40320	138441	507	383	455275	0	0	0	0	0
38857	901	2368	83214	25432	26065	29314	0	1436	1306	1285	3971	79230	61764	145794	21450	512	21301	149	20563	20789	738	512	186	412	114	21301	924	21301	2373	2282	91	19019	2282	629765	62863	61621	177319	2880	2665	509658	0	0	0	0	0
26717	19	0	163901	45760	50074	60854	0	3166	2860	2630	8578	155316	163573	203002	328	0	14	314	13	14	1	0	0	1	0	14	1	14	0	0	0	14	0	793817	63191	61635	204052	2880	2665	657698	0	0	0	0	0
38018	856	2381	82267	24678	26094	29153	0	1451	1279	1258	3924	78332	61215	143998	21052	513	20911	141	20201	20398	710	513	175	372	109	20911	885	20911	2386	2331	55	18580	2331	876215	84244	82547	242089	1170	900	712081	0	0	0	0	0
27410	28	0	163679	45826	49730	61116	0	3225	2726	2632	8500	155173	163308	202606	371	0	21	350	20	21	1	0	0	1	0	21	1	21	0	0	0	21	0	1040013	84615	82568	269508	1170	900	860121	0	0	0	0	0
37168	801	2383	81418	24659	25535	28977	0	1381	1292	1168	3772	77634	60871	141813	20547	457	20377	170	19721	19921	656	456	180	380	108	20377	836	20377	2388	2317	71	18060	2317	1121553	105162	102945	306691	3558	3217	914493	0	0	0	0	0
27284	16	0	163218	45466	50057	60595	0	3145	2699	2753	8528	154688	162864	202289	354	0	16	338	15	16	1	0	0	1	0	16	1	16	0	0	0	16	0	1284893	105516	102961	333993	3558	3217	1062543	0	0	0	0	0
37809	848	2303	82557	25149	25948	29225	0	1347	1241	1269	3803	78743	61770	143741	20787	483	20638	149	19939	20155	699	483	174	390	100	20638	873	20638	2311	2240	71	18398	2240	1367577	126303	123599	371819	1773	1361	1116916	0	0	0	0	0
27425	13	0	163159	45479	49520	61089	0	3162	2842	2577	8511	154647	162819	201942	340	0	18	322	17	18	1	0	0	1	0	18	1	18	0	0	0	18	0	1530877	126643	123617	399266	1773	1361	1264955	0	0	0	0	0
37982	860	2258	82195	25075	25694	29080	0	1424	1271	1233	3872	78313	61370	143496	20825	481	20654	171	19950	20173	704	481	168	391	88	20654	872	20654	2261	2199	62	18455	2199	1613211	147468	144271	437269	4034	3560	1319340	0	0	0	0	0
27038	16	0	163391	45727	49827	60837	0	3126	2744	2628	8435	154954	163029	202645	362	0	13	349	13	13	0	0	0	0	0	13	0	13	0	0	0	13	0	1776737	147830	144284	464330	4034	3560	1467377	0	0	0	0	0
37791	922	2370	82218	24877	26210	28879	0	1378	1283	1239	3832	78370	61290	143660	20928	523	20780	148	20038	20257	742	523	175	394	99	20780	917	20780	2376	2319	57	18461	2319	1859077	168758	165064	502148	2314	1783	1521762	0	0	0	0	0
27281	16	0	163265	45572	49457	60907	0	3283	2838	2628	8678	154584	162911	202125	354	0	14	340	13	14	1	0	0	1	0	14	1	14	0	0	0	14	0	2022479	169112	165078	529449	2314	1783	1669800	0	0	0	0	0
37760	829	2292	82317	24969	26050	28979	0	1411	1278	1264	3891	78420	61236	143951	21081	445	20918	163	20239	20473	679	445	158	392	67	20918	837	20918	2301	2220	81	18698	2220	2104929	190193	185996	567232	519	4003	1724174	0	0	0	0	0
27104	27	0	163795	46018	49819	60938	0	3225	2781	2609	8529	155257	163454	202920	341	0	24	317	23	24	1	0	0	1	0	24	1	24	0	0	0	24	0	2268873	190535	186020	594356	519	4003	1872223	0	0	0	0	0
36763	894	2205	81783	24684	25564	29083	0	1445	1315	1247	3937	77836	61691	141468	20092	501	19938	154	19191	19437	747	501	158	404	108	19938	905	19938	2205	2156	49	17782	2156	2350780	210632	205962	631146	2725	2064	1926597	0	0	0	0	0
27044	26	0	163336	45283	49932	61100	0	3077	2807	2644	8459	154873	162989	202530	347	1	26	321	24	25	2	1	0	1	0	26	2	26	0	0	0	26	0	2514261	210979	205988	658215	2725	2064	2074648	0	0	0	0	0
37153	845	2274	81476	24765	25493	28800	0	1462	1270	1278	3941	77523	60983	141882	20493	449	20333	160	19632	19884	701	449	162	414	86	20333	863	20333	2280	2221	59	18112	2221	2595864	231472	226321	695386	909	189	2129020	0	0	0	0	0
27375	19	0	163084	45470	49710	60744	0	3174	2772	2695	8566	154516	162754	201963	330	2	13	317	11	11	2	2	0	0	0	13	2	13	0	0	0	13	0	2759077	231802	226334	722792	909	189	2277069	0	0	0	0	0
37933	869	2317	82561	24994	26136	29240	0	1381	1253	1201	3779	78772	61539	144065	21022	482	20852	170	20149	20370	703	482	183	404	95	20852	886	20852	2322	2260	62	18592	2260	2841782	252825	247186	760751	3231	2449	2331443	0	0	0	0	0
27238	22	0	162710	45447	49760	60430	0	3132	2844	2594	8507	154202	162334	201341	376	0	19	357	17	19	2	0	0	2	0	19	2	19	0	0	0	19	0	3004620	253201	247205	788013	3231	2449	2479481	0	0	0	0	0
37881	853	2422	82197	24959	25766	29053	0	1470	1359	1201	3960	78224	61458	143084	20739	503	20570	169	19881	20068	689	502	178	365	113	20570	867	20570	2426	2361	65	18209	2361	3086956	273940	267775	825919	1561	714	2533866	0	0	0	0	0
27517	18	0	163282	45482	49464	61232	0	3209	2775	2670	8590	154689	162934	202046	348	0	14	334	14	14	0	0	0	0	0	14	0	14	0	0	0	14	0	3250378	274288	267789	853454	1561	714	2681904	0	0	0	0	0
36766	874	2268	81118	24540	25774	28464	0	1422	1296	1264	3913	77195	61117	140385	20001	480	19855	146	19117	19375	738	480	167	425	96	19855	905	19855	2274	2225	49	17630	2225	3331622	294290	287644	890237	3835	2939	2736289	0	0	0	0	0
27298	21	0	162717	45303	49707	60510	0	3202	2761	2677	8583	154132	162358	201315	359	0	19	340	18	19	1	0	0	1	0	19	1	19	0	0	0	19	0	3494467	294650	287663	917563	3835	2939	2884327	0	0	0	0	0
39076	875	2449	83070	25305	26173	29326	0	1484	1289	1245	3950	79106	61225	146731	21845	537	21670	175	20928	21133	742	537	188	393	100	21670	930	21670	2452	2388	64	19282	2388	3577671	316496	309333	956660	2191	1231	2938700	0	0	0	0	0
27065	16	0	163141	45184	49745	61037	0	3202	2811	2664	8606	154529	162843	201921	298	0	14	284	13	14	1	0	0	1	0	14	1	14	0	0	0	14	0	3740949	316795	309347	983750	2191	1231	3086750	0	0	0	0	0
38233	884	2454	82307	24729	25932	29296	0	1431	1280	1310	3957	78339	61142	144251	21165	511	21024	141	20308	20513	716	511	185	390	104	21024	901	21024	2460	2399	61	18625	2399	3823377	337960	330371	1022003	555	3630	3141123	0	0	0	0	0
27405	21	0	163427	45543	49797	60863	0	3199	2851	2657	8648	154778	163069	202606	358	0	13	345	13	13	0	0	0	0	0	13	0	13	0	0	0	13	0	3986955	338319	330384	1049432	555	3630	3289173	0	0	0	0	0
36577	786	2232	80867	24432	25424	28730	0	1369	1245	1234	3792	77064	61021	140110	19846	456	19697	149	19064	19241	633	456	163	340	85	19697	796	19697	2238	2178	60	17519	2178	4067943	358166	350081	1086035	2793	1712	3343546	0	0	0	0	0
27386	23	0	163275	45453	49972	60894	0	3090	2698	2705	8417	154852	162927	202239	348	1	19	329	17	18	2	1	0	1	1	19	2	19	0	0	0	19	0	4231356	358514	350100	1113436	2793	1712	3491596	0	0	0	0	0

processed_m4442_ME11_HV0_test40_SRCoff_170714_032055_TMBCounters.txt																																													
alct0 valid pattern flag received	alct1 valid pattern flag received	raw hits readout   	Pretrigger   	Pretrigger on CFEB0	Pretrigger on CFEB1	Pretrigger on CFEB2	Pretrigger on CFEB3	Pretrigger on CFEB4	Pretrigger on CFEB5	Pretrigger on CFEB6	Pretrigger on ME1A CFEB 4-6 only	Pretrigger on ME1B CFEBs 0-3 only	Discarded, CLCT0 invalid pattern after drift	BX pretrig waiting for triads to dissipate	clct0 sent to TMB matching section	clct1 sent to TMB matching section	TMB accepted alct	TMB match reject event  	Matching found one ALCT	Matching found one CLCT	Matching found two ALCTs	Matching found two CLCTs	ALCT0 copied into ALCT1 to make 2nd LCT	CLCT0 copied into CLCT1 to make 2nd LCT	LCT1 has higher quality than LCT0 	Transmitted LCT0 to MPC	Transmitted LCT1 to MPC	MPC rejected both LCT0 and LCT1	L1A received   	L1A received, TMB in L1A window	L1A received, no TMB in window	TMB triggered, no L1A in window	TMB readouts completed	Pretrigger counter   	CLCT counter   	TMB trigger counter	ALCTs received counter	L1As received counter 	Readout counter 	Orbit counter	CLCT pre-trigger and ALCT coincidence counter	CFEB0 active flag sent to DMB for readout	CFEB1 active flag sent to DMB for readout	CFEB2 active flag sent to DMB for readout	CFEB3 active flag sent to DMB for readout
38737	886	2409	83788	25376	26205	29882	0	1396	1284	1299	3911	79863	62203	146925	21585	527	21423	162	20696	20896	727	527	199	399	103	21423	926	21423	2416	2363	53	19060	2363	140534	21717	21425	48245	2416	2363	104813	0	0	0	0	0
28249	23	0	166259	46139	50547	62360	0	3177	2801	2760	8681	157575	165906	205978	353	0	19	334	19	19	0	0	0	0	0	19	0	19	0	0	0	19	0	306933	22072	21444	76520	2416	2363	252852	0	0	0	0	0
38070	852	2273	82947	24998	25914	29599	0	1520	1300	1285	4039	78894	61783	144759	21164	512	21005	159	20279	20493	726	512	180	394	97	21005	906	21005	2277	2239	38	18766	2239	390017	43236	42449	114627	597	506	307224	0	0	0	0	0
28175	25	0	166252	46696	50393	61698	0	3379	2883	2798	8976	157271	165916	205974	336	1	22	314	20	21	2	1	0	1	0	22	2	22	0	0	0	22	0	556412	43572	42471	142825	597	506	455274	0	0	0	0	0
38464	913	2401	83635	25468	26159	29610	0	1475	1304	1323	4033	79591	62108	146829	21527	535	21359	168	20609	20824	750	535	190	405	103	21359	940	21359	2409	2363	46	18996	2363	640168	65100	63830	181313	3006	2869	509647	0	0	0	0	0
27957	35	0	166116	46486	50125	62072	0	3318	2899	2701	8849	157267	165766	205526	350	0	20	330	20	20	0	0	0	0	0	20	0	20	0	0	0	20	0	806433	65450	63850	209290	3006	2869	657708	0	0	0	0	0
39475	945	2417	84468	25719	26335	30032	0	1527	1382	1215	4057	80396	62311	148709	22157	519	22001	156	21236	21482	765	519	190	436	101	22001	955	22001	2423	2393	30	19608	2393	891036	87607	85851	248788	1333	1166	712070	0	0	0	0	0
28322	21	0	165502	46053	50207	61720	0	3368	2872	2785	8949	156550	165155	205097	347	1	18	329	17	17	1	1	0	0	0	18	1	18	0	0	0	18	0	1056684	87954	85869	277137	1333	1166	860120	0	0	0	0	0
39148	912	2445	84087	25529	26166	29955	0	1501	1342	1313	4098	79977	62110	148054	21977	555	21788	189	21007	21233	781	555	192	418	110	21788	973	21788	2448	2403	45	19385	2403	1140890	109932	107657	316312	3781	3569	914493	0	0	0	0	0
28192	20	0	165959	46119	50408	61935	0	3333	2895	2780	8955	157000	165617	205557	342	0	21	321	20	21	1	0	0	1	0	21	1	21	0	0	0	21	0	1306990	110274	107678	344526	3781	3569	1062543	0	0	0	0	0
39292	914	2470	84348	25650	26364	30018	0	1519	1304	1276	4034	80301	62241	148555	22107	554	21973	134	21211	21419	762	554	220	428	112	21973	982	21973	2474	2433	41	19540	2433	1391478	132381	129651	383836	2159	1906	1116916	0	0	0	0	0
28481	23	0	166491	46707	50538	61812	0	3357	2790	2807	8895	157591	166107	206338	384	0	19	365	19	19	0	0	0	0	0	19	0	19	0	0	0	19	0	1558120	132765	129670	412327	2159	1906	1264966	0	0	0	0	0
39026	911	2383	83889	25544	26282	29785	0	1487	1291	1333	4046	79834	62035	147781	21854	555	21693	161	20936	21138	757	555	203	405	116	21693	960	21693	2390	2340	50	19353	2340	1642155	154619	151363	451374	453	150	1319339	0	0	0	0	0
28307	28	0	166759	46534	50510	62191	0	3377	2880	2786	8960	157795	166419	206311	340	0	17	323	17	17	0	0	0	0	0	17	0	17	0	0	0	17	0	1809034	154959	151380	479700	453	150	1467389	0	0	0	0	0
38804	904	2451	83452	25523	26132	29319	0	1475	1384	1316	4107	79333	61861	146272	21591	542	21422	169	20671	20880	751	542	193	402	116	21422	944	21422	2460	2400	60	19022	2400	1892629	176551	172802	518524	2913	2550	1521762	0	0	0	0	0
28550	22	0	166746	46345	50328	62509	0	3363	2983	2727	8999	157745	166409	206577	337	0	16	321	16	16	0	0	0	0	0	16	0	16	0	0	0	16	0	2059527	176888	172818	547091	2913	2550	1669812	0	0	0	0	0
39611	884	2476	84407	25766	26358	30029	0	1444	1311	1243	3920	80469	62054	149026	22353	547	22189	164	21435	21642	754	547	194	401	127	22189	948	22189	2484	2429	55	19760	2429	2144085	199243	195007	586717	1301	883	1724185	0	0	0	0	0
28215	27	0	165201	46174	50302	61368	0	3262	2872	2708	8769	156429	164851	204464	350	0	9	341	8	9	1	0	0	1	0	9	1	9	0	0	0	9	0	2309430	199593	195016	614954	1301	883	1872236	0	0	0	0	0
39663	935	2427	84444	25689	26455	29934	0	1484	1357	1312	4087	80344	62238	148956	22206	579	22036	170	21234	21457	802	579	194	417	116	22036	996	22036	2436	2400	36	19636	2400	2394012	221800	217052	654643	3737	3283	1926608	0	0	0	0	0
28213	36	0	166290	46169	50459	62135	0	3321	2855	2886	9004	157283	165924	205726	366	1	18	348	18	17	0	1	1	0	1	18	1	18	0	0	0	18	0	2560420	222166	217070	682881	3737	3283	2074635	0	0	0	0	0
39152	964	2390	84051	25599	26174	29959	0	1495	1316	1278	4014	80019	61971	148021	22080	573	21910	170	21090	21337	820	573	197	444	120	21910	1017	21910	2392	2339	53	19571	2339	2644607	244246	238980	722065	2033	1526	2129031	0	0	0	0	0
28106	21	0	166163	45963	50477	62375	0	3292	2822	2781	8830	157328	165807	206099	356	0	22	334	22	22	0	0	0	0	0	22	0	22	0	0	0	22	0	2810894	244602	239002	750196	2033	1526	2277058	0	0	0	0	0
39531	919	2485	84200	25622	26597	29658	0	1467	1319	1246	3959	80224	61928	148883	22272	552	22108	164	21361	21556	747	552	190	385	98	22108	937	22108	2491	2444	47	19664	2444	2895234	266881	261116	789751	428	3970	2331443	0	0	0	0	0
28133	26	0	166203	46537	50115	61992	0	3363	2885	2821	9005	157195	165861	205942	342	1	12	330	10	11	2	1	0	1	0	12	2	12	0	0	0	12	0	3061574	267224	261128	817902	428	3970	2479481	0	0	0	0	0
40983	987	2529	85053	25709	26673	30399	0	1476	1370	1317	4085	80948	61793	151668	23260	588	23097	163	22292	22509	805	588	213	430	94	23097	1018	23097	2534	2481	53	20616	2481	3146785	290486	284226	858900	2962	2355	2533855	0	0	0	0	0
28426	15	0	166221	46175	50312	62351	0	3303	2820	2758	8814	157404	165857	205881	364	1	19	345	19	18	0	1	1	0	1	19	1	19	0	0	0	19	0	3313135	290850	284245	887353	2962	2355	2681904	0	0	0	0	0
40004	929	2513	84549	25760	26501	30028	0	1409	1372	1314	4012	80517	61912	150003	22637	560	22463	174	21684	21903	779	560	200	419	112	22463	979	22463	2518	2472	46	19991	2472	3397818	313487	306708	927383	1384	731	2736277	0	0	0	0	0
28256	22	0	166286	46347	50164	62366	0	3333	2863	2737	8860	157423	165945	206091	341	0	15	326	15	15	0	0	0	0	0	15	0	15	0	0	0	15	0	3564234	313828	306723	955656	1384	731	2884327	0	0	0	0	0
39349	936	2447	84061	25549	26462	29615	0	1483	1405	1283	4100	79945	61902	148291	22159	576	21994	165	21224	21418	770	576	212	406	119	21994	982	21994	2453	2391	62	19603	2391	3648451	335987	328717	995027	3837	3122	2938699	0	0	0	0	0
28411	17	0	165496	45998	50389	61728	0	3386	2801	2751	8886	156609	165175	205184	321	0	11	310	11	11	0	0	0	0	0	11	0	11	0	0	0	11	0	3814103	336308	328728	1023470	3837	3122	3086739	0	0	0	0	0
38680	913	2414	83717	25395	26010	29951	0	1490	1295	1293	4012	79691	62246	146665	21471	531	21313	158	20574	20782	739	531	196	404	105	21313	935	21313	2416	2377	39	18936	2377	3897966	357779	350041	1062163	2157	1403	3141122	0	0	0	0	0
28337	28	0	166342	46556	50545	62121	0	3225	2817	2639	8622	157718	165999	206199	343	1	18	325	17	17	1	1	0	0	0	18	1	18	0	0	0	18	0	4064434	358122	350059	1090534	2157	1403	3289162	0	0	0	0	0

processed_m4443_ME11_HV0_test40_SRCoff_170714_032801_TMBCounters.txt																																													
alct0 valid pattern flag received	alct1 valid pattern flag received	raw hits readout   	Pretrigger   	Pretrigger on CFEB0	Pretrigger on CFEB1	Pretrigger on CFEB2	Pretrigger on CFEB3	Pretrigger on CFEB4	Pretrigger on CFEB5	Pretrigger on CFEB6	Pretrigger on ME1A CFEB 4-6 only	Pretrigger on ME1B CFEBs 0-3 only	Discarded, CLCT0 invalid pattern after drift	BX pretrig waiting for triads to dissipate	clct0 sent to TMB matching section	clct1 sent to TMB matching section	TMB accepted alct	TMB match reject event  	Matching found one ALCT	Matching found one CLCT	Matching found two ALCTs	Matching found two CLCTs	ALCT0 copied into ALCT1 to make 2nd LCT	CLCT0 copied into CLCT1 to make 2nd LCT	LCT1 has higher quality than LCT0 	Transmitted LCT0 to MPC	Transmitted LCT1 to MPC	MPC rejected both LCT0 and LCT1	L1A received   	L1A received, TMB in L1A window	L1A received, no TMB in window	TMB triggered, no L1A in window	TMB readouts completed	Pretrigger counter   	CLCT counter   	TMB trigger counter	ALCTs received counter	L1As received counter 	Readout counter 	Orbit counter	CLCT pre-trigger and ALCT coincidence counter	CFEB0 active flag sent to DMB for readout	CFEB1 active flag sent to DMB for readout	CFEB2 active flag sent to DMB for readout	CFEB3 active flag sent to DMB for readout
39952	909	2495	85696	26198	26517	30465	0	1540	1361	1384	4189	81488	63232	150795	22464	544	22280	184	21533	21736	747	544	187	390	108	22280	934	22280	2499	2461	38	19819	2461	142795	22553	22284	49903	2499	2461	104813	0	0	0	0	0
29363	23	0	168913	46894	51045	63339	0	3483	2899	2805	9120	159785	168600	209272	313	0	16	297	15	16	1	0	0	1	0	16	1	16	0	0	0	16	0	311864	22866	22300	79289	2499	2461	252850	0	0	0	0	0
39118	891	2333	84580	25853	26222	30076	0	1512	1360	1309	4113	80457	62456	148573	22124	578	21944	180	21203	21366	741	578	226	389	115	21944	967	21944	2338	2313	25	19631	2313	396603	44990	44244	118436	741	678	307234	0	0	0	0	0
29308	28	0	168060	46679	51026	62838	0	3393	2864	2779	8971	159087	167708	208235	352	0	16	336	16	16	0	0	0	0	0	16	0	16	0	0	0	16	0	564807	45344	44260	147768	741	678	455274	0	0	0	0	0
36962	813	2151	82915	25090	25681	29679	0	1524	1292	1311	4064	78833	62709	142808	20206	506	20048	158	19366	19542	682	506	178	354	101	20048	860	20048	2156	2125	31	17923	2125	647874	65551	64308	184754	2897	2803	509657	0	0	0	0	0
29544	16	0	167795	47050	50493	62683	0	3363	2862	2865	9012	158776	167442	207940	353	1	15	338	14	14	1	1	0	0	1	15	1	15	0	0	0	15	0	815805	65904	64323	214320	2897	2803	657696	0	0	0	0	0
35874	746	2042	81791	24756	25217	29276	0	1565	1293	1259	4052	77719	62471	139829	19320	471	19147	173	18532	18676	615	471	173	317	82	19147	788	19147	2046	2000	46	17147	2000	897741	85224	83470	250217	847	707	712069	0	0	0	0	0
29129	21	0	168040	46989	50732	62595	0	3413	2973	2873	9182	158851	167720	208059	320	1	14	306	13	13	1	1	0	0	0	14	1	14	0	0	0	14	0	1065915	85544	83484	279369	847	707	860119	0	0	0	0	0
37231	786	2269	82813	24916	25893	29559	0	1462	1339	1309	4037	78765	62507	143110	20306	509	20136	170	19466	19627	670	509	186	347	85	20136	856	20136	2271	2236	35	17900	2236	1148856	105850	103620	316629	3118	2943	914492	0	0	0	0	0
29350	24	0	167692	46543	50622	63143	0	3389	2811	2739	8850	158837	167351	207875	341	0	15	326	15	15	0	0	0	0	0	15	0	15	0	0	0	15	0	1316690	106192	103635	345994	3118	2943	1062542	0	0	0	0	0
37490	868	2196	83130	24966	26124	29565	0	1511	1360	1247	4045	79068	62514	144045	20616	523	20456	160	19745	19933	711	523	170	358	93	20456	881	20456	2200	2162	38	18294	2162	1399963	126808	124091	383509	1222	1009	1116915	0	0	0	0	0
29189	21	0	169095	46962	51105	63336	0	3425	2940	2873	9175	159918	168749	209697	346	0	14	332	14	14	0	0	0	0	0	14	0	14	0	0	0	14	0	1569202	127154	124105	412721	1222	1009	1264965	0	0	0	0	0
37166	807	2256	83046	25166	25909	29440	0	1513	1321	1342	4104	78925	62742	143044	20304	515	20162	142	19495	19647	667	515	186	338	97	20162	853	20162	2259	2221	38	17941	2221	1652389	147459	144267	449913	3481	3230	1319338	0	0	0	0	0
29248	25	0	167760	46623	50731	62866	0	3322	2925	2880	9052	158702	167429	208382	331	1	15	316	14	15	1	0	0	1	0	15	1	15	0	0	0	15	0	1820291	147791	144283	479186	3481	3230	1467377	0	0	0	0	0
37205	854	2211	83271	25145	25847	29835	0	1497	1315	1282	4034	79221	62788	143873	20483	519	20309	174	19599	19790	710	519	173	364	111	20309	883	20309	2217	2178	39	18131	2178	1903690	168274	164592	516416	1602	1312	1521761	0	0	0	0	0
29310	21	0	168196	47173	50583	62851	0	3397	2855	2838	9009	159183	167837	208443	359	0	17	342	16	17	1	0	0	1	0	17	1	17	0	0	0	17	0	2072014	168633	164609	545755	1602	1312	1669801	0	0	0	0	0
37790	833	2305	83373	25027	26068	29836	0	1464	1419	1206	4018	79339	62726	144400	20647	507	20461	186	19778	19954	683	507	195	371	110	20461	878	20461	2309	2280	29	18181	2280	2155523	189281	185070	583566	3911	3592	1724186	0	0	0	0	0
29195	34	0	168463	46940	50851	62968	0	3448	2960	2786	9122	159335	168137	208932	326	2	14	312	12	12	2	2	0	0	0	14	2	14	0	0	0	14	0	2324131	189607	185084	612784	3911	3592	1872224	0	0	0	0	0
37172	863	2241	82742	25150	25778	29399	0	1508	1290	1318	4049	78676	62351	143225	20391	518	20228	163	19499	19711	729	517	175	387	99	20228	904	20228	2242	2214	28	18014	2214	2407013	209998	205312	649982	2057	1710	1926596	0	0	0	0	0
29124	31	0	168755	46714	50979	63513	0	3374	2929	2822	9068	159682	168416	209166	339	0	10	329	9	10	1	0	0	1	0	10	1	10	0	0	0	10	0	2575904	210337	205322	679128	2057	1710	2074646	0	0	0	0	0
38560	986	2258	84029	25761	26306	29703	0	1470	1294	1283	3965	80049	62587	146925	21442	573	21286	156	20473	20713	813	573	189	429	110	21286	1002	21286	2266	2226	40	19060	2226	2660078	231779	226608	717708	227	3936	2129019	0	0	0	0	0
29301	27	0	168680	47222	51027	62761	0	3520	2822	2854	9117	159556	168344	208634	336	1	14	322	13	13	1	1	0	0	0	14	1	14	0	0	0	14	0	2828904	232115	226622	747040	227	3936	2277069	0	0	0	0	0
36909	849	2187	82767	25057	25742	29389	0	1533	1340	1325	4137	78624	62518	142746	20249	479	20095	154	19397	19616	698	479	174	393	90	20095	872	20095	2190	2157	33	17938	2157	2911828	252365	246717	783986	2417	1997	2331442	0	0	0	0	0
29280	24	0	168711	47136	50972	62967	0	3503	2876	2823	9130	159578	168333	209350	378	0	12	366	12	12	0	0	0	0	0	12	0	12	0	0	0	12	0	3080666	252743	246729	813286	2417	1997	2479482	0	0	0	0	0
35987	793	2133	81719	24562	25430	29320	0	1454	1323	1228	3941	77761	62388	139685	19331	505	19169	162	18514	18664	655	505	190	340	102	19169	845	19169	2138	2098	40	17071	2098	3162539	272076	265899	849294	459	4095	2533865	0	0	0	0	0
29384	35	0	168045	47002	50621	62810	0	3450	2879	2790	9059	158983	167696	208472	349	1	16	333	16	15	0	1	1	0	0	16	1	16	0	0	0	16	0	3330726	272425	265915	878697	459	4095	2681903	0	0	0	0	0
37263	841	2252	83719	25485	25991	29668	0	1461	1339	1365	4091	79611	63196	144242	20523	504	20336	187	19661	19832	675	504	188	359	91	20336	863	20336	2255	2225	30	18111	2225	3414575	292948	286251	915990	2714	2224	2736288	0	0	0	0	0
29421	29	0	167853	46986	50803	62583	0	3387	2852	2739	8908	158943	167516	207940	337	0	11	326	11	11	0	0	0	0	0	11	0	11	0	0	0	11	0	3582583	293285	286262	945440	2714	2224	2884326	0	0	0	0	0
37145	874	2232	82799	24957	25812	29635	0	1511	1300	1234	3977	78806	62511	143026	20288	508	20138	150	19418	19630	720	508	174	386	100	20138	894	20138	2239	2204	35	17934	2204	3665517	313573	306400	982611	857	332	2938699	0	0	0	0	0
29747	27	0	168621	46871	51169	63011	0	3365	2938	2847	9072	159547	168291	209093	330	1	23	307	23	22	0	1	1	0	0	23	1	23	0	0	0	23	0	3834271	313903	306423	1012383	857	332	3086751	0	0	0	0	0
39304	928	2399	84530	25617	26398	30115	0	1513	1331	1260	4040	80471	62478	148797	22052	543	21861	191	21089	21318	772	543	194	423	105	21861	966	21861	2403	2373	30	19488	2373	3918943	335956	328284	1051712	3260	2705	3141122	0	0	0	0	0
29139	31	0	168296	46825	50807	63090	0	3385	2999	2762	9068	159224	167953	208818	343	1	16	327	14	15	2	1	0	1	0	16	2	16	0	0	0	16	0	4087357	336299	328300	1080874	3260	2705	3289172	0	0	0	0	0
37317	834	2278	83329	25434	26084	29521	0	1463	1246	1267	3922	79398	62655	144251	20674	503	20516	158	19815	20013	701	503	184	382	94	20516	885	20516	2282	2252	30	18264	2252	4170806	356973	348816	1118216	1446	861	3343545	0	0	0	0	0
29601	28	0	168826	47138	51105	62906	0	3439	2919	2834	9119	159706	168475	209186	351	0	14	337	13	14	1	0	0	1	0	14	1	14	0	0	0	14	0	4339758	357324	348830	1147846	1446	861	3491595	0	0	0	0	0

processed_m4444_ME11_HV0_test40_SRCoff_170714_033819_TMBCounters.txt																																													
alct0 valid pattern flag received	alct1 valid pattern flag received	raw hits readout   	Pretrigger   	Pretrigger on CFEB0	Pretrigger on CFEB1	Pretrigger on CFEB2	Pretrigger on CFEB3	Pretrigger on CFEB4	Pretrigger on CFEB5	Pretrigger on CFEB6	Pretrigger on ME1A CFEB 4-6 only	Pretrigger on ME1B CFEBs 0-3 only	Discarded, CLCT0 invalid pattern after drift	BX pretrig waiting for triads to dissipate	clct0 sent to TMB matching section	clct1 sent to TMB matching section	TMB accepted alct	TMB match reject event  	Matching found one ALCT	Matching found one CLCT	Matching found two ALCTs	Matching found two CLCTs	ALCT0 copied into ALCT1 to make 2nd LCT	CLCT0 copied into CLCT1 to make 2nd LCT	LCT1 has higher quality than LCT0 	Transmitted LCT0 to MPC	Transmitted LCT1 to MPC	MPC rejected both LCT0 and LCT1	L1A received   	L1A received, TMB in L1A window	L1A received, no TMB in window	TMB triggered, no L1A in window	TMB readouts completed	Pretrigger counter   	CLCT counter   	TMB trigger counter	ALCTs received counter	L1As received counter 	Readout counter 	Orbit counter	CLCT pre-trigger and ALCT coincidence counter	CFEB0 active flag sent to DMB for readout	CFEB1 active flag sent to DMB for readout	CFEB2 active flag sent to DMB for readout	CFEB3 active flag sent to DMB for readout
39179	877	2300	84659	25640	26491	30091	0	1536	1339	1301	4103	80543	63041	147581	21618	527	21436	182	20704	20909	732	527	191	396	102	21436	923	21436	2306	2271	35	19165	2271	142318	21743	21439	49559	2306	2271	104823	0	0	0	0	0
30426	31	0	170541	47421	51653	63538	0	3627	2972	2893	9412	161123	170205	211308	336	1	16	320	14	15	2	1	0	1	0	16	2	16	0	0	0	16	0	312997	22079	21455	80008	2306	2271	252863	0	0	0	0	0
39367	860	2342	85333	25832	26632	30303	0	1649	1384	1350	4299	81013	63179	149590	22154	555	21963	191	21263	21408	700	555	214	359	87	21963	914	21963	2351	2304	47	19659	2304	398471	44233	43418	119396	561	479	307246	0	0	0	0	0
30423	30	0	170011	47486	51084	63758	0	3426	2936	2858	9144	160864	169660	210542	351	0	19	332	18	19	1	0	0	1	0	19	1	19	0	0	0	19	0	568618	44584	43437	149847	561	479	455284	0	0	0	0	0
39577	925	2320	85448	26097	26735	30173	0	1544	1416	1282	4169	81256	63564	149089	21884	548	21673	211	20906	21125	767	548	211	430	95	21673	978	21673	2323	2287	36	19386	2287	654213	66468	65110	189446	2884	2766	509659	0	0	0	0	0
30376	22	0	169201	47321	50809	63280	0	3504	2910	2880	9240	159958	168798	209930	403	0	21	382	21	21	0	0	0	0	0	21	0	21	0	0	0	21	0	823560	66871	65131	219839	2884	2766	657707	0	0	0	0	0
39048	820	2315	84796	25676	26507	30102	0	1612	1322	1252	4120	80662	63196	147995	21600	500	21428	172	20750	20928	678	500	168	346	94	21428	846	21428	2320	2292	28	19136	2292	908505	88473	86560	258914	1108	962	712080	0	0	0	0	0
30096	34	0	170070	47715	50907	63628	0	3523	2977	2836	9269	160797	169714	210721	356	0	21	335	21	21	0	0	0	0	0	21	0	21	0	0	0	21	0	1078698	88830	86581	289034	1108	962	860130	0	0	0	0	0
39905	937	2394	85398	25798	26934	30199	0	1536	1349	1360	4173	81207	63266	149842	22132	560	21959	173	21181	21400	778	559	195	414	97	21959	973	21959	2396	2364	32	19595	2364	1164247	110965	108542	328972	3504	3326	914505	0	0	0	0	0
30456	25	0	169765	47451	51382	63334	0	3489	2887	2821	9121	160639	169418	210529	347	0	23	324	22	23	1	0	0	1	0	23	1	23	0	0	0	23	0	1334157	111312	108565	359448	3504	3326	1062543	0	0	0	0	0
38794	916	2336	84218	25811	26148	29869	0	1493	1376	1290	4091	80115	62956	146288	21262	569	21085	177	20317	20516	768	569	195	394	112	21085	963	21085	2341	2307	34	18778	2307	1418517	132575	129650	398277	1749	1537	1116926	0	0	0	0	0
30416	31	0	170018	47379	51413	63723	0	3389	2865	2797	8980	161034	169646	210458	372	0	16	356	15	16	1	0	0	1	0	16	1	16	0	0	0	16	0	1588668	132949	129666	428714	1749	1537	1264965	0	0	0	0	0
40553	913	2465	85719	26162	26899	30272	0	1519	1365	1292	4096	81605	62894	151485	22825	581	22635	190	21854	22054	781	581	205	405	108	22635	986	22635	2468	2438	30	20197	2438	1674525	155774	152301	469296	121	3975	1319338	0	0	0	0	0
30469	25	0	169400	47074	51222	63469	0	3449	2887	2825	9090	160305	169010	209911	390	0	12	378	12	12	0	0	0	0	0	12	0	12	0	0	0	12	0	1844062	156165	152313	499798	121	3975	1467388	0	0	0	0	0
38899	930	2314	84298	25371	26391	30123	0	1508	1373	1278	4081	80201	62807	146887	21491	551	21309	182	20545	20758	764	551	193	406	113	21309	957	21309	2320	2289	31	19020	2289	1928491	177658	173623	538720	2441	2168	1521761	0	0	0	0	0
30542	25	0	170044	47549	51469	63231	0	3539	2949	2881	9303	160741	169722	210762	322	0	12	310	11	12	1	0	0	1	0	12	1	12	0	0	0	12	0	2098686	177982	173635	569279	2441	2168	1669811	0	0	0	0	0
38916	837	2495	84964	25845	26474	30157	0	1524	1373	1345	4181	80771	63488	147843	21476	539	21318	158	20616	20779	702	539	202	365	100	21318	904	21318	2499	2460	39	18858	2460	2183779	199458	194953	608224	844	532	1724184	0	0	0	0	0
30451	23	0	169956	47440	51045	63569	0	3632	2889	2871	9315	160637	169646	210477	310	0	11	299	11	11	0	0	0	0	0	11	0	11	0	0	0	11	0	2353879	199768	194964	638698	844	532	1872234	0	0	0	0	0
38828	883	2261	84522	25462	26308	30314	0	1479	1391	1324	4112	80390	63118	147082	21404	547	21226	178	20512	20679	714	547	207	374	111	21226	921	21226	2264	2238	26	18988	2238	2438542	221175	216192	677551	3108	2770	1926607	0	0	0	0	0
30389	21	0	170084	47439	51587	63274	0	3520	3007	2795	9254	160826	169759	210716	325	1	13	312	12	12	1	1	0	0	0	13	1	13	0	0	0	13	0	2608766	221500	216205	707964	3108	2770	2074646	0	0	0	0	0
39501	915	2454	84627	25824	26539	29953	0	1516	1276	1286	4009	80603	62721	148430	21906	539	21749	157	20980	21210	769	539	182	412	101	21749	951	21749	2459	2433	26	19316	2433	2693520	243407	237955	747489	1471	1107	2129030	0	0	0	0	0
30390	23	0	170003	47224	51569	63386	0	3526	3002	2872	9326	160675	169673	210933	330	0	17	313	16	17	1	0	0	1	0	17	1	17	0	0	0	17	0	2863679	243737	237972	777913	1471	1107	2277070	0	0	0	0	0
40574	885	2439	86095	26413	26692	30689	0	1488	1308	1308	4022	82058	63418	151717	22677	538	22506	171	21763	21968	743	538	183	388	104	22506	926	22506	2447	2403	44	20103	2403	2949940	266416	260479	818514	3918	3510	2331453	0	0	0	0	0
30577	40	0	169728	47321	51221	63353	0	3401	2986	2924	9237	160488	169404	210339	324	0	13	311	12	13	1	0	0	1	0	13	1	13	0	0	0	13	0	3119819	266742	260492	849119	3918	3510	2479491	0	0	0	0	0
38258	819	2257	83991	25254	26349	30048	0	1533	1291	1248	4006	79975	63129	145575	20862	515	20686	176	20016	20171	670	515	195	350	99	20686	865	20686	2262	2241	21	18445	2241	3203919	287604	281178	887401	2084	1655	2533865	0	0	0	0	0
30303	26	0	169818	47330	51033	63705	0	3426	2987	2851	9189	160623	169462	210431	356	0	16	340	16	16	0	0	0	0	0	16	0	16	0	0	0	16	0	3373892	287960	281194	917726	2084	1655	2681914	0	0	0	0	0
39501	818	2456	85282	25687	26806	30406	0	1534	1320	1283	4075	81191	63395	148910	21887	539	21709	178	21023	21171	686	538	210	358	88	21709	896	21709	2462	2424	38	19285	2424	3459324	309847	302903	957257	450	4079	2736288	0	0	0	0	0
30297	27	0	169359	47143	51196	63358	0	3533	2934	2766	9169	160185	168984	209840	375	0	20	355	20	20	0	0	0	0	0	20	0	20	0	0	0	20	0	3628825	310222	302923	987577	450	4079	2884337	0	0	0	0	0
39204	840	2311	84628	25831	26378	29957	0	1563	1368	1278	4149	80462	62867	147928	21761	539	21590	171	20892	21051	698	539	193	352	96	21590	891	21590	2316	2279	37	19311	2279	3713592	331983	324513	1026820	2766	2262	2938711	0	0	0	0	0
29924	26	0	169052	47055	51023	63492	0	3436	2898	2725	8996	160051	168698	209242	354	1	21	333	18	20	3	1	0	2	1	21	3	21	0	0	0	21	0	3882782	332337	324534	1056767	2766	2262	3086760	0	0	0	0	0
37787	813	2173	83701	25245	26115	29990	0	1464	1381	1236	4016	79675	62897	145217	20804	489	20644	160	19961	20155	683	489	163	357	83	20644	846	20644	2178	2144	34	18500	2144	3966627	353141	345178	1094573	848	310	3141134	0	0	0	0	0
30189	30	0	169256	47168	51040	63320	0	3482	2935	2863	9223	160031	168880	210395	376	1	23	353	23	22	0	1	1	0	0	23	1	23	0	0	0	23	0	4136022	353518	345201	1124785	848	310	3289172	0	0	0	0	0

processed_m4445_ME11_HV0_test40_SRCoff_170714_034658_TMBCounters.txt																																													
alct0 valid pattern flag received	alct1 valid pattern flag received	raw hits readout   	Pretrigger   	Pretrigger on CFEB0	Pretrigger on CFEB1	Pretrigger on CFEB2	Pretrigger on CFEB3	Pretrigger on CFEB4	Pretrigger on CFEB5	Pretrigger on CFEB6	Pretrigger on ME1A CFEB 4-6 only	Pretrigger on ME1B CFEBs 0-3 only	Discarded, CLCT0 invalid pattern after drift	BX pretrig waiting for triads to dissipate	clct0 sent to TMB matching section	clct1 sent to TMB matching section	TMB accepted alct	TMB match reject event  	Matching found one ALCT	Matching found one CLCT	Matching found two ALCTs	Matching found two CLCTs	ALCT0 copied into ALCT1 to make 2nd LCT	CLCT0 copied into CLCT1 to make 2nd LCT	LCT1 has higher quality than LCT0 	Transmitted LCT0 to MPC	Transmitted LCT1 to MPC	MPC rejected both LCT0 and LCT1	L1A received   	L1A received, TMB in L1A window	L1A received, no TMB in window	TMB triggered, no L1A in window	TMB readouts completed	Pretrigger counter   	CLCT counter   	TMB trigger counter	ALCTs received counter	L1As received counter 	Readout counter 	Orbit counter	CLCT pre-trigger and ALCT coincidence counter	CFEB0 active flag sent to DMB for readout	CFEB1 active flag sent to DMB for readout	CFEB2 active flag sent to DMB for readout	CFEB3 active flag sent to DMB for readout
40922	896	2389	87324	26519	27339	31042	0	1632	1295	1336	4191	83113	64796	152663	22528	548	22352	176	21607	21804	745	548	183	380	99	22352	928	22352	2400	2363	37	19989	2363	146341	22651	22356	52089	2400	2363	104816	0	0	0	0	0
32639	23	0	173668	48555	52643	64473	0	3682	3020	2901	9527	164137	173324	215343	344	0	13	331	12	13	1	0	0	1	0	13	1	13	0	0	0	13	0	320144	22995	22369	84754	2400	2363	252863	0	0	0	0	0
39594	810	2282	84960	25789	26267	30392	0	1587	1359	1300	4180	80763	63500	147310	21460	515	21270	190	20599	20755	671	515	201	357	99	21270	872	21270	2288	2266	22	19004	2266	405243	44455	43639	124377	592	533	307246	0	0	0	0	0
32483	21	0	172886	48021	52189	64743	0	3641	3013	2833	9422	163457	172516	214037	370	1	21	349	21	20	0	1	1	0	0	21	1	21	0	0	0	21	0	578274	44825	43660	156880	592	533	455297	0	0	0	0	0
38076	822	2289	84848	25512	26491	30252	0	1612	1386	1362	4294	80545	64427	145257	20421	522	20243	178	19561	19722	682	521	171	332	83	20243	853	20243	2292	2269	23	17974	2269	663257	65251	63907	194984	2885	2803	509658	0	0	0	0	0
32724	33	0	173233	48084	52358	65018	0	3523	3023	2807	9278	163952	172835	214838	398	1	21	377	19	20	2	1	0	1	0	21	2	21	0	0	0	21	0	836635	65649	63928	227731	2885	2803	657720	0	0	0	0	0
40158	902	2412	86268	26011	26993	30783	0	1580	1435	1328	4277	81975	64350	150126	21918	570	21745	173	20990	21176	755	569	216	402	109	21745	971	21745	2416	2379	37	19366	2379	923054	87568	85673	267922	1205	1086	712081	0	0	0	0	0
32801	31	0	172796	48151	52341	64341	0	3581	3048	2918	9465	163324	172456	214290	340	0	22	318	22	22	0	0	0	0	0	22	0	22	0	0	0	22	0	1095977	87909	85695	300762	1205	1086	860131	0	0	0	0	0
39886	907	2337	86634	26322	27044	30761	0	1617	1390	1337	4256	82360	64797	150405	21837	552	21653	184	20904	21101	749	552	192	389	115	21653	941	21653	2344	2311	33	19342	2311	1182767	109746	107348	340681	3549	3397	914496	0	0	0	0	0
32394	38	0	173853	48459	52602	64809	0	3621	2997	2911	9465	164385	173501	214988	352	0	16	336	14	16	2	0	0	2	0	16	2	16	0	0	0	16	0	1356755	110098	107364	373101	3549	3397	1062544	0	0	0	0	0
39899	884	2346	85690	25921	26798	30373	0	1630	1339	1310	4210	81467	64047	148732	21643	561	21468	175	20731	20908	737	560	194	371	146	21468	931	21468	2352	2320	32	19148	2320	1442586	131743	128832	413026	1805	1621	1116916	0	0	0	0	0
32615	28	0	172592	48019	52190	64484	0	3515	2991	2937	9376	163207	172241	213925	351	0	11	340	11	11	0	0	0	0	0	11	0	11	0	0	0	11	0	1615324	132094	128843	445667	1805	1621	1264977	0	0	0	0	0
40383	896	2301	85991	26041	26625	30756	0	1688	1381	1300	4304	81673	63968	149775	22023	551	21837	186	21078	21286	759	551	206	414	87	21837	965	21837	2302	2277	25	19560	2277	1701470	154117	150680	486080	11	3898	1319351	0	0	0	0	0
32605	48	0	172850	47935	52431	64594	0	3544	3086	2840	9396	163453	172503	214362	347	2	23	324	20	21	3	2	1	2	0	23	4	23	0	0	0	23	0	1874448	154464	150703	518712	11	3898	1467400	0	0	0	0	0
40083	881	2270	86046	25910	27077	30723	0	1520	1399	1232	4073	81959	64262	149438	21784	510	21605	179	20892	21095	713	510	188	391	99	21605	901	21605	2272	2254	18	19351	2254	1960639	176249	172309	558813	2283	2056	1521773	0	0	0	0	0
32988	28	0	173158	48757	52107	64347	0	3536	3046	2894	9405	163752	172831	214584	327	1	17	310	15	16	2	1	0	1	0	17	2	17	0	0	0	17	0	2133941	176576	172326	591829	2283	2056	1669811	0	0	0	0	0
40236	875	2478	87070	26461	27100	31166	0	1541	1348	1322	4147	82908	64959	151572	22111	533	21906	205	21180	21373	726	533	207	400	89	21906	933	21906	2486	2450	36	19456	2450	2221158	198689	194233	632092	673	410	1724185	0	0	0	0	0
32543	28	0	173015	48143	52142	64773	0	3685	2989	2823	9420	163591	172659	214811	356	0	19	337	18	19	1	0	0	1	0	19	1	19	0	0	0	19	0	2394324	199045	194252	664659	673	410	1872223	0	0	0	0	0
42800	962	2583	88511	27288	27611	31127	0	1693	1419	1345	4377	84118	64423	156876	24088	606	23903	185	23095	23297	808	606	229	431	123	23903	1037	23903	2588	2562	26	21341	2562	2482975	223133	218155	707484	3261	2972	1926608	0	0	0	0	0
32749	33	0	173331	48382	52480	64462	0	3556	2969	3030	9487	163841	172980	214722	351	1	20	331	18	19	2	1	0	1	1	20	2	20	0	0	0	20	0	2656446	223484	218175	740248	3261	2972	2074647	0	0	0	0	0
41533	885	2482	87288	26692	27094	31125	0	1539	1386	1371	4221	83048	64386	153118	22902	567	22731	171	21993	22165	738	566	199	371	99	22731	937	22731	2489	2454	35	20277	2454	2743870	246386	240906	781815	1654	1330	2129031	0	0	0	0	0
32680	31	0	172761	48171	52262	64555	0	3546	3014	2853	9328	163428	172386	214427	375	0	14	361	13	14	1	0	0	1	0	14	1	14	0	0	0	14	0	2916788	246761	240920	814513	1654	1330	2277069	0	0	0	0	0
38952	856	2192	85230	25919	26593	30308	0	1534	1342	1258	4050	81153	64105	147351	21125	515	20954	171	20245	20439	709	515	211	405	98	20954	920	20954	2195	2169	26	18785	2169	3002141	267886	261874	853488	3849	3499	2331442	0	0	0	0	0
32326	27	0	173034	48528	52272	64373	0	3642	2877	2907	9350	163680	172673	214619	361	0	21	340	20	21	1	0	0	1	0	21	1	21	0	0	0	21	0	3175314	268247	261895	885838	3849	3499	2479492	0	0	0	0	0
40388	928	2410	86142	25934	26865	30865	0	1650	1389	1307	4259	81868	64068	150400	22074	582	21915	159	21137	21334	778	581	209	406	115	21915	987	21915	2413	2378	35	19537	2378	3261603	290321	283810	926257	2166	1781	2533865	0	0	0	0	0
32473	30	0	173240	48646	52541	64349	0	3555	2950	2800	9227	164008	172861	215569	379	0	21	358	20	21	1	0	0	1	0	21	1	21	0	0	0	21	0	3434979	290700	283831	958762	2166	1781	2681915	0	0	0	0	0
39925	875	2434	86318	26460	26648	30775	0	1603	1411	1307	4236	82061	64497	150124	21821	551	21630	191	20904	21079	726	551	195	370	119	21630	921	21630	2439	2414	25	19216	2414	3521427	312521	305461	998725	509	99	2736288	0	0	0	0	0
32255	21	0	173021	48388	52249	64432	0	3668	2943	2906	9441	163574	172645	214660	376	1	17	359	17	16	0	1	1	0	0	17	1	17	0	0	0	17	0	3694585	312897	305478	1031009	509	99	2884327	0	0	0	0	0
41156	932	2422	87108	26481	27034	31013	0	1600	1435	1371	4341	82747	64494	152424	22614	557	22448	166	21681	21891	767	557	207	417	121	22448	974	22448	2425	2403	22	20045	2403	3781827	335514	327928	1072192	2934	2502	2938701	0	0	0	0	0
32449	27	0	172921	48153	52008	65076	0	3530	2867	2812	9141	163777	172555	214051	366	0	14	352	14	14	0	0	0	0	0	14	0	14	0	0	0	14	0	3954881	335881	327942	1104670	2934	2502	3086750	0	0	0	0	0
38501	867	2227	85252	25936	26478	30443	0	1504	1303	1304	4041	81195	64529	146448	20723	519	20538	185	19820	20019	718	519	179	378	89	20538	897	20538	2228	2202	26	18336	2202	4040280	356605	348480	1143195	1066	608	3141123	0	0	0	0	0
32802	32	0	172708	47956	52558	64322	0	3550	2927	2948	9349	163354	172332	214361	376	2	25	351	24	23	1	2	1	0	0	25	2	25	0	0	0	25	0	4213127	356981	348505	1176018	1066	608	3289173	0	0	0	0	0

processed_m4446_ME11_HV0_test40_SRCoff_170714_041916_TMBCounters.txt																																													
alct0 valid pattern flag received	alct1 valid pattern flag received	raw hits readout   	Pretrigger   	Pretrigger on CFEB0	Pretrigger on CFEB1	Pretrigger on CFEB2	Pretrigger on CFEB3	Pretrigger on CFEB4	Pretrigger on CFEB5	Pretrigger on CFEB6	Pretrigger on ME1A CFEB 4-6 only	Pretrigger on ME1B CFEBs 0-3 only	Discarded, CLCT0 invalid pattern after drift	BX pretrig waiting for triads to dissipate	clct0 sent to TMB matching section	clct1 sent to TMB matching section	TMB accepted alct	TMB match reject event  	Matching found one ALCT	Matching found one CLCT	Matching found two ALCTs	Matching found two CLCTs	ALCT0 copied into ALCT1 to make 2nd LCT	CLCT0 copied into CLCT1 to make 2nd LCT	LCT1 has higher quality than LCT0 	Transmitted LCT0 to MPC	Transmitted LCT1 to MPC	MPC rejected both LCT0 and LCT1	L1A received   	L1A received, TMB in L1A window	L1A received, no TMB in window	TMB triggered, no L1A in window	TMB readouts completed	Pretrigger counter   	CLCT counter   	TMB trigger counter	ALCTs received counter	L1As received counter 	Readout counter 	Orbit counter	CLCT pre-trigger and ALCT coincidence counter	CFEB0 active flag sent to DMB for readout	CFEB1 active flag sent to DMB for readout	CFEB2 active flag sent to DMB for readout	CFEB3 active flag sent to DMB for readout
42040	965	2404	90188	27403	28240	32052	0	1682	1371	1423	4400	85778	67909	155226	22279	612	22084	195	21277	21472	807	612	219	414	117	22084	1026	22084	2409	2383	26	19701	2383	152734	22405	22089	54659	2409	2383	104801	0	0	0	0	0
37073	41	0	181837	50567	55718	67569	0	3689	3046	2888	9566	172265	181441	225794	396	0	15	381	15	15	0	0	0	0	0	15	0	15	0	0	0	15	0	334711	22802	22104	91773	2409	2383	252841	0	0	0	0	0
42259	930	2388	89747	27114	28517	31572	0	1705	1393	1365	4378	85353	67291	154965	22456	566	22257	199	21488	21693	769	564	203	408	111	22257	972	22257	2393	2369	24	19888	2369	424599	45259	44361	134055	706	656	307224	0	0	0	0	0
37113	58	0	182459	51039	55824	67633	0	3723	3051	2874	9573	172881	182072	226344	387	0	17	370	17	17	0	0	0	0	0	17	0	17	0	0	0	17	0	607222	45646	44378	171194	706	656	455264	0	0	0	0	0
42105	943	2334	89122	27237	27958	31593	0	1614	1411	1322	4256	84849	66998	153446	22124	559	21956	168	21183	21397	773	559	201	415	99	21956	974	21956	2343	2320	23	19636	2320	696490	67770	66334	213338	3049	2976	509647	0	0	0	0	0
36962	49	0	182619	51179	55473	67915	0	3705	3092	2955	9686	172929	182234	226727	385	0	13	372	12	13	1	0	0	1	0	13	1	13	0	0	0	13	0	879247	68155	66347	250338	3049	2976	657685	0	0	0	0	0
41041	864	2405	89572	27153	28096	31853	0	1672	1372	1291	4263	85291	68027	152880	21545	507	21366	179	20647	20859	719	507	179	391	108	21366	898	21366	2410	2386	24	18980	2386	968978	89700	87713	291402	1363	1266	712058	0	0	0	0	0
37158	38	0	182380	50581	55773	67959	0	3686	3045	2989	9655	172722	181985	226264	394	0	15	379	15	15	0	0	0	0	0	15	0	15	0	0	0	15	0	1151497	90094	87728	328587	1363	1266	860108	0	0	0	0	0
41700	899	2299	89263	27136	27985	31729	0	1650	1373	1316	4253	84988	67376	153260	21887	546	21690	197	20950	21144	740	546	204	398	82	21690	944	21690	2302	2280	22	19410	2280	1240913	111981	109418	370310	3665	3546	914481	0	0	0	0	0
36760	38	0	181838	50599	55639	67878	0	3596	2897	2918	9341	172490	181461	225509	377	1	14	363	14	14	0	0	0	0	0	14	0	14	0	0	0	14	0	1422919	112359	109432	407096	3665	3546	1062531	0	0	0	0	0
40513	908	2253	88258	26706	27847	31297	0	1635	1377	1296	4242	83997	67145	150584	21113	498	20918	195	20176	20420	742	498	182	426	95	20918	924	20918	2263	2233	30	18685	2233	1511314	133472	130350	447646	1832	1683	1116904	0	0	0	0	0
36798	40	0	182608	50702	55690	68136	0	3646	3020	3038	9627	172976	182231	226481	377	1	13	364	12	12	1	1	0	0	0	13	1	13	0	0	0	13	0	1694072	133850	130363	484472	1832	1683	1264954	0	0	0	0	0
40965	906	2270	88847	26813	27908	31475	0	1706	1450	1361	4436	84395	67352	151977	21495	534	21318	177	20567	20785	751	533	191	409	101	21318	942	21318	2278	2258	20	19060	2258	1783072	155345	151681	525470	14	3941	1319326	0	0	0	0	0
36998	37	0	182095	50613	55531	68056	0	3686	3014	2895	9516	172573	181736	225452	359	0	17	342	16	17	1	0	0	1	0	17	1	17	0	0	0	17	0	1965328	155704	151698	562497	14	3941	1467366	0	0	0	0	0
39885	843	2246	87872	26464	27657	31322	0	1601	1348	1325	4190	83670	67247	149501	20625	519	20425	200	19711	19906	714	519	183	378	92	20425	897	20425	2251	2223	28	18202	2223	2053381	176330	172124	602422	2265	2068	1521749	0	0	0	0	0
36917	35	0	182116	50538	55887	67671	0	3699	3054	2883	9557	172551	181725	226210	391	0	13	378	13	13	0	0	0	0	0	13	0	13	0	0	0	13	0	2235648	176722	172137	639365	2265	2068	1669789	0	0	0	0	0
40193	902	2214	88549	26500	27974	31510	0	1616	1493	1325	4359	84170	67717	150359	20832	544	20638	194	19876	20094	762	544	185	403	97	20638	947	20638	2216	2199	17	18439	2199	2324335	197555	192775	679588	385	171	1724173	0	0	0	0	0
37124	36	0	182963	50753	55959	68121	0	3723	3090	2931	9667	173294	182557	226997	406	0	22	384	22	22	0	0	0	0	0	22	0	22	0	0	0	22	0	2507447	197961	192797	716735	385	171	1872212	0	0	0	0	0
41547	873	2434	89761	27084	28244	32023	0	1602	1431	1301	4259	85485	67887	153929	21874	574	21703	171	20969	21129	734	574	211	371	111	21703	945	21703	2439	2413	26	19290	2413	2597365	219836	214501	758311	2824	2584	1926584	0	0	0	0	0
37081	42	0	182571	50752	55912	67786	0	3703	3105	2985	9717	172848	182181	226874	390	1	22	368	21	21	1	1	1	1	0	22	2	22	0	0	0	22	0	2780095	220227	214523	795425	2824	2584	2074635	0	0	0	0	0
40966	936	2329	88624	26398	28300	31628	0	1598	1378	1302	4200	84406	67139	151759	21485	599	21280	205	20502	20681	778	599	214	393	108	21280	992	21280	2332	2308	24	18972	2308	2868876	241712	235803	836422	1060	796	2129007	0	0	0	0	0
36831	40	0	182225	50577	55548	68035	0	3664	3030	3072	9694	172531	181851	226339	374	1	19	355	17	18	2	1	0	1	1	19	2	19	0	0	0	19	0	3051236	242086	235822	873280	1060	796	2277058	0	0	0	0	0
39151	859	2152	87300	26269	27651	30930	0	1636	1319	1337	4215	83069	67194	147349	20106	513	19920	186	19201	19407	719	513	176	382	102	19920	895	19920	2155	2142	13	17778	2142	3138684	262193	255743	912476	3216	2939	2331430	0	0	0	0	0
36881	53	0	182596	50739	55832	68083	0	3644	3017	2986	9568	173024	182220	226576	376	0	19	357	17	19	2	0	0	2	0	19	2	19	0	0	0	19	0	3321448	262569	255762	949390	3216	2939	2479470	0	0	0	0	0
40142	847	2237	88105	26675	27459	31573	0	1598	1357	1338	4207	83874	67393	149619	20712	563	20539	173	19826	19976	713	563	202	352	96	20539	915	20539	2243	2219	24	18320	2219	3409704	283281	276301	989558	1363	1062	2533853	0	0	0	0	0
37297	42	0	181365	50579	55178	67508	0	3735	2986	3013	9657	171703	181003	224785	362	0	19	343	17	19	2	0	0	2	0	19	2	19	0	0	0	19	0	3591228	283643	276320	1026883	1363	1062	2681891	0	0	0	0	0
40671	910	2334	88356	26728	27561	31554	0	1713	1392	1309	4329	84005	67137	151028	21219	554	21040	179	20287	20486	753	554	201	400	102	21040	954	21040	2340	2314	26	18726	2314	3679703	304862	297360	1067583	3703	3376	2736276	0	0	0	0	0
36498	36	0	181841	50822	55388	67569	0	3731	3094	2922	9664	172177	181499	225605	342	0	21	321	21	21	0	0	0	0	0	21	0	21	0	0	0	21	0	3861693	305204	297381	1104109	3703	3376	2884316	0	0	0	0	0
40407	898	2297	88505	26774	27768	31652	0	1619	1322	1304	4169	84310	67561	150492	20944	537	20769	175	20017	20232	752	537	182	397	90	20769	934	20769	2299	2267	32	18502	2267	3950374	326149	318150	1144543	1906	1547	2938687	0	0	0	0	0
36905	40	0	182088	50748	55664	67765	0	3629	3017	2934	9486	172599	181691	225971	397	0	16	381	15	16	1	0	0	1	0	16	1	16	0	0	0	16	0	4132618	326546	318166	1181480	1906	1547	3086737	0	0	0	0	0
40164	928	2218	88623	26659	27814	31739	0	1617	1389	1307	4228	84371	67715	150703	20908	536	20703	205	19937	20168	766	535	177	408	109	20703	943	20703	2223	2204	19	18499	2204	4221389	347454	338869	1221674	33	3751	3141110	0	0	0	0	0
37058	40	0	182019	50555	55542	67777	0	3728	3087	2996	9748	172269	181619	226108	400	0	15	385	15	15	0	0	0	0	0	15	0	15	0	0	0	15	0	4403540	347855	338884	1258765	33	3751	3289160	0	0	0	0	0
40933	917	2332	88794	26727	27862	31706	0	1646	1403	1286	4257	84524	67317	151897	21477	573	21295	182	20507	20722	788	573	193	408	105	21295	981	21295	2341	2299	42	18996	2299	4492483	369332	360179	1299736	2374	1954	3343533	0	0	0	0	0
37062	38	0	182023	50733	55671	67783	0	3652	2995	2923	9493	172527	181643	225994	380	0	20	360	20	20	0	0	0	0	0	20	0	20	0	0	0	20	0	4674629	369712	360199	1336826	2374	1954	3491583	0	0	0	0	0

processed_m4447_ME11_HV0_test40_SRCoff_170714_042659_TMBCounters.txt																																													
alct0 valid pattern flag received	alct1 valid pattern flag received	raw hits readout   	Pretrigger   	Pretrigger on CFEB0	Pretrigger on CFEB1	Pretrigger on CFEB2	Pretrigger on CFEB3	Pretrigger on CFEB4	Pretrigger on CFEB5	Pretrigger on CFEB6	Pretrigger on ME1A CFEB 4-6 only	Pretrigger on ME1B CFEBs 0-3 only	Discarded, CLCT0 invalid pattern after drift	BX pretrig waiting for triads to dissipate	clct0 sent to TMB matching section	clct1 sent to TMB matching section	TMB accepted alct	TMB match reject event  	Matching found one ALCT	Matching found one CLCT	Matching found two ALCTs	Matching found two CLCTs	ALCT0 copied into ALCT1 to make 2nd LCT	CLCT0 copied into CLCT1 to make 2nd LCT	LCT1 has higher quality than LCT0 	Transmitted LCT0 to MPC	Transmitted LCT1 to MPC	MPC rejected both LCT0 and LCT1	L1A received   	L1A received, TMB in L1A window	L1A received, no TMB in window	TMB triggered, no L1A in window	TMB readouts completed	Pretrigger counter   	CLCT counter   	TMB trigger counter	ALCTs received counter	L1As received counter 	Readout counter 	Orbit counter	CLCT pre-trigger and ALCT coincidence counter	CFEB0 active flag sent to DMB for readout	CFEB1 active flag sent to DMB for readout	CFEB2 active flag sent to DMB for readout	CFEB3 active flag sent to DMB for readout
42002	891	2167	93601	28222	29650	33247	0	1663	1412	1373	4365	89212	72774	156480	20827	547	20636	191	19909	20089	727	547	200	380	107	20636	927	20636	2171	2151	20	18485	2151	160751	20955	20648	56226	2171	2151	104801	0	0	0	0	0
41606	52	0	196426	54541	61046	72784	0	3706	3128	3015	9767	186653	196007	244052	419	1	11	408	11	11	0	0	0	0	0	11	0	11	0	0	0	11	0	357333	21374	20659	97873	2171	2151	252852	0	0	0	0	0
42538	910	2302	94159	28363	29709	33564	0	1729	1480	1357	4477	89661	72664	158609	21495	576	21311	184	20568	20735	743	576	209	376	101	21311	952	21311	2307	2279	28	19032	2279	451659	42869	41970	140451	382	334	307224	0	0	0	0	0
41487	50	0	197267	54762	61127	73233	0	3907	3122	3002	9955	187307	196862	245136	405	0	17	388	17	17	0	0	0	0	0	17	0	17	0	0	0	17	0	649095	43274	41987	181974	382	334	455263	0	0	0	0	0
42864	915	2302	95272	28604	30351	33816	0	1634	1469	1434	4457	90791	73641	160103	21631	571	21424	207	20652	20853	772	571	194	395	90	21424	966	21424	2308	2289	19	19135	2289	744520	64907	63411	224876	2690	2623	509648	0	0	0	0	0
41436	48	0	196218	53847	61113	73292	0	3778	3117	2961	9770	186440	195809	243638	409	0	13	396	13	13	0	0	0	0	0	13	0	13	0	0	0	13	0	940902	65316	63424	266347	2690	2623	657686	0	0	0	0	0
43444	911	2355	95246	28504	30009	34149	0	1682	1468	1437	4501	90722	73224	160783	22022	538	21824	198	21088	21286	736	538	202	400	98	21824	938	21824	2358	2329	29	19495	2329	1036315	87341	85250	309832	952	856	712070	0	0	0	0	0
41560	44	0	196916	54723	60945	73079	0	3883	3129	3029	9965	186948	196475	244475	441	0	17	424	16	17	1	0	0	1	0	17	1	17	0	0	0	17	0	1233392	87782	85267	351418	952	856	860109	0	0	0	0	0
42706	963	2313	94042	28368	29799	33480	0	1634	1438	1344	4339	89687	72482	158448	21560	569	21368	192	20561	20799	807	569	189	427	98	21368	996	21368	2314	2290	24	19078	2290	1327591	109343	106635	394163	3266	3146	914481	0	0	0	0	0
41140	52	0	196471	54199	61271	73019	0	3835	3101	2940	9810	186659	196020	243689	451	0	30	421	28	30	2	0	0	2	0	30	2	30	0	0	0	30	0	1524210	109794	106665	435332	3266	3146	1062532	0	0	0	0	0
42180	912	2336	93893	28136	29948	33515	0	1627	1355	1380	4288	89590	72808	156906	21085	526	20872	213	20128	20346	744	526	187	405	103	20872	931	20872	2339	2314	25	18558	2314	1618268	130879	127537	477541	1509	1364	1116906	0	0	0	0	0
41386	51	0	197096	54509	60907	73568	0	3879	3127	2973	9905	187187	196713	244951	383	0	14	369	13	14	1	0	0	1	0	14	1	14	0	0	0	14	0	1815515	131262	127551	518951	1509	1364	1264955	0	0	0	0	0
42217	915	2319	93549	28063	29824	33193	0	1609	1394	1394	4316	89214	72274	157185	21275	529	21077	198	20297	20548	780	529	186	437	98	21077	966	21077	2322	2293	29	18784	2293	1909236	152538	148628	561206	3831	3657	1319327	0	0	0	0	0
41706	47	0	196811	54328	61127	73183	0	3801	3212	3036	9967	186839	196372	244412	439	0	21	418	20	21	1	0	0	1	0	21	1	21	0	0	0	21	0	2106215	152978	148649	602946	3831	3657	1467378	0	0	0	0	0
42309	907	2306	93576	28222	29735	33220	0	1611	1402	1354	4288	89265	72372	156935	21204	555	20983	221	20241	20428	742	555	214	401	105	20983	956	20983	2316	2289	27	18694	2289	2199942	174182	169632	645283	2051	1850	1521750	0	0	0	0	0
41662	74	0	197453	54646	61264	73324	0	3854	3093	3146	10021	187430	197038	245168	415	0	15	400	15	15	0	0	0	0	0	15	0	15	0	0	0	15	0	2397550	174597	169647	686973	2051	1850	1669789	0	0	0	0	0
42572	910	2317	94641	28401	29935	33941	0	1606	1456	1360	4338	90282	73025	159472	21616	577	21408	208	20669	20831	739	577	213	375	105	21408	952	21408	2323	2299	24	19109	2299	2492379	196213	191055	729572	278	53	1724173	0	0	0	0	0
41605	45	0	196345	54160	61314	72763	0	3768	3171	2997	9875	186468	195937	244315	408	0	18	390	18	18	0	0	0	0	0	18	0	18	0	0	0	18	0	2688899	196621	191073	771221	278	53	1872213	0	0	0	0	0
41943	884	2261	93647	27987	29756	33438	0	1639	1404	1384	4335	89299	72541	157109	21106	486	20918	188	20169	20432	749	486	177	440	88	20918	926	20918	2270	2243	27	18675	2243	2782725	217729	211993	813197	2548	2296	1926585	0	0	0	0	0
41750	69	0	195931	54459	60788	72599	0	3747	3122	3002	9806	186121	195548	243167	383	0	18	365	18	18	0	0	0	0	0	18	0	18	0	0	0	18	0	2978829	218112	212011	854987	2548	2296	2074635	0	0	0	0	0
42030	907	2244	93469	27771	29660	33580	0	1640	1454	1337	4338	89106	72749	155888	20720	519	20520	200	19781	20001	739	519	187	407	93	20520	926	20520	2245	2222	23	18298	2222	3072452	238832	232531	897046	697	422	2129008	0	0	0	0	0
41286	47	0	196530	54651	60763	72854	0	3932	3082	3040	9978	186548	196097	244175	433	0	18	415	17	18	1	0	0	1	0	18	1	18	0	0	0	18	0	3269148	239265	232549	938379	697	422	2277058	0	0	0	0	0
42130	862	2261	94143	28327	30009	33301	0	1709	1419	1358	4416	89712	73142	157153	21001	515	20794	207	20071	20279	723	515	189	397	104	20794	912	20794	2268	2239	29	18555	2239	3363462	260267	253344	980546	2965	2661	2331431	0	0	0	0	0
41629	60	0	197086	55174	60856	73041	0	3780	3192	2966	9863	187217	196640	245098	446	0	19	427	18	19	1	0	0	1	0	19	1	19	0	0	0	19	0	3560715	260713	253363	1022206	2965	2661	2479481	0	0	0	0	0
42116	923	2334	94176	28110	30094	33617	0	1624	1339	1381	4266	89888	73159	157711	21017	588	20805	212	20036	20217	769	588	220	401	110	20805	989	20805	2339	2318	21	18487	2318	3655074	281730	274168	1064360	1208	883	2533854	0	0	0	0	0
41420	58	0	196921	54239	61343	73283	0	3825	3169	3016	9936	186981	196491	245122	430	1	25	405	24	24	1	1	0	0	0	25	1	25	0	0	0	25	0	3852153	282161	274193	1105814	1208	883	2681892	0	0	0	0	0
41710	903	2346	93396	28220	29611	33204	0	1573	1435	1303	4233	89150	72693	155945	20703	527	20507	196	19747	19980	760	527	188	421	91	20507	948	20507	2350	2328	22	18179	2328	3945742	302866	294700	1147562	3558	3211	2736277	0	0	0	0	0
41724	51	0	196653	54544	61412	72668	0	3744	3177	3019	9849	186802	196208	243955	445	0	21	424	21	21	0	0	0	0	0	21	0	21	0	0	0	21	0	4142552	303312	294721	1189329	3558	3211	2884315	0	0	0	0	0
41759	877	2174	93689	28164	29514	33495	0	1707	1352	1383	4351	89321	72921	156349	20768	517	20564	204	19832	20047	732	517	172	387	106	20564	904	20564	2181	2151	30	18413	2151	4236380	324080	315285	1231118	1643	1266	2938689	0	0	0	0	0
41941	48	0	195768	54066	60645	73010	0	3745	3123	3007	9792	185969	195367	243148	401	0	13	388	12	13	1	0	0	1	0	13	1	13	0	0	0	13	0	4432305	324481	315298	1273096	1643	1266	3086738	0	0	0	0	0
41275	852	2178	92860	27651	29498	33139	0	1677	1437	1357	4388	88453	72571	154359	20289	512	20073	216	19375	19561	698	512	200	386	87	20073	898	20073	2182	2159	23	17914	2159	4525305	344770	335371	1314407	3825	3425	3141110	0	0	0	0	0
41348	57	0	197287	54773	61445	73082	0	3706	3196	2949	9778	187506	196798	245363	489	1	26	463	23	25	3	1	0	2	0	26	3	26	0	0	0	26	0	4722760	345259	335397	1355798	3825	3425	3289161	0	0	0	0	0
43438	1011	2466	95031	28805	30133	33682	0	1658	1442	1377	4388	90623	72805	161184	22226	579	22016	210	21197	21437	819	579	196	436	121	22016	1015	22016	2474	2450	24	19566	2450	4817945	367485	357413	1399265	2203	1779	3343533	0	0	0	0	0
42111	59	0	196631	54649	60717	73061	0	3755	3198	3051	9929	186698	196189	244593	442	1	27	415	27	26	0	1	1	0	0	27	1	27	0	0	0	27	0	5014718	367927	357440	1441411	2203	1779	3491584	0	0	0	0	0

