processed_m4538_ME21_HV0_test40_SRCoff_170716_035815_TMBCounters.txt																																													
alct0 valid pattern flag received	alct1 valid pattern flag received	raw hits readout   	Pretrigger   	Pretrigger on CFEB0	Pretrigger on CFEB1	Pretrigger on CFEB2	Pretrigger on CFEB3	Pretrigger on CFEB4	Pretrigger on CFEB5	Pretrigger on CFEB6	Pretrigger on ME1A CFEB 4-6 only	Pretrigger on ME1B CFEBs 0-3 only	Discarded, CLCT0 invalid pattern after drift	BX pretrig waiting for triads to dissipate	clct0 sent to TMB matching section	clct1 sent to TMB matching section	TMB accepted alct	TMB match reject event  	Matching found one ALCT	Matching found one CLCT	Matching found two ALCTs	Matching found two CLCTs	ALCT0 copied into ALCT1 to make 2nd LCT	CLCT0 copied into CLCT1 to make 2nd LCT	LCT1 has higher quality than LCT0 	Transmitted LCT0 to MPC	Transmitted LCT1 to MPC	MPC rejected both LCT0 and LCT1	L1A received   	L1A received, TMB in L1A window	L1A received, no TMB in window	TMB triggered, no L1A in window	TMB readouts completed	Pretrigger counter   	CLCT counter   	TMB trigger counter	ALCTs received counter	L1As received counter 	Readout counter 	Orbit counter	CLCT pre-trigger and ALCT coincidence counter	CFEB0 active flag sent to DMB for readout	CFEB1 active flag sent to DMB for readout	CFEB2 active flag sent to DMB for readout	CFEB3 active flag sent to DMB for readout
67149	2437	2119	310945	81423	75222	60563	97817	0	0	0	0	0	268875	470786	42070	1639	40928	1142	38847	39291	2081	1637	571	1015	357	40928	2652	40928	2129	2005	124	38923	2005	559185	42902	40954	83383	2129	2005	104926	26243	92857	98919	74556	103364
47272	83	0	726509	178644	168449	137205	246632	0	0	0	0	0	723923	909805	2586	4	108	2478	101	104	7	4	0	3	3	108	7	108	0	0	0	108	0	1287424	45494	41063	130790	2129	2005	252974	845	203760	222584	167252	258233
69634	2754	2173	313291	82331	75589	60949	98693	0	0	0	0	0	269009	478426	44282	1808	43186	1096	40816	41381	2370	1805	576	1141	363	43186	2946	43186	2184	2056	128	41130	2056	1601339	89778	84249	200463	217	4061	307347	27702	93737	99334	75097	104345
47378	77	0	727211	178581	168913	137921	246362	0	0	0	0	0	724691	910214	2520	2	90	2430	86	88	4	2	1	3	0	90	5	90	0	0	0	90	0	2329131	92298	84339	247875	217	4061	455400	902	203372	223068	168157	257988
68338	2621	2153	312351	82223	75306	60850	98275	0	0	0	0	0	269198	475011	43152	1752	42013	1139	39785	40261	2228	1752	592	1068	355	42013	2820	42013	2159	2053	106	39960	2053	2642087	135452	126352	316257	2376	2018	509770	27001	93543	99233	74958	104041
48002	82	0	727435	178927	168094	138372	246521	0	0	0	0	0	724841	910201	2594	0	97	2497	90	97	7	0	0	7	0	97	7	97	0	0	0	97	0	3370093	138047	126449	364293	2376	2018	657810	944	203952	222161	168436	258164
67199	2517	2140	310228	80836	75023	60897	97632	0	0	0	0	0	268381	469572	41847	1714	40772	1075	38625	39058	2147	1714	592	1025	341	40772	2739	40772	2154	2039	115	38733	2039	3680880	179894	167221	431523	434	4057	712193	26231	92210	98745	74949	103247
47747	72	0	727345	178326	168845	138247	246411	0	0	0	0	0	724752	910285	2593	2	86	2507	80	84	6	2	0	4	0	86	6	86	0	0	0	86	0	4408800	182487	167307	479301	434	4057	860233	887	203269	222804	168185	258072
65312	2510	1991	307679	80365	74279	59843	97258	0	0	0	0	0	266702	464926	40977	1571	39865	1112	37699	38294	2166	1571	504	1099	319	39865	2670	39865	2002	1887	115	37978	1887	4718346	223470	207172	544733	2436	1848	914617	25516	91800	97680	73752	102706
47994	70	0	727929	178494	168784	138107	247088	0	0	0	0	0	725326	911032	2603	2	80	2523	76	79	4	1	1	4	1	80	5	80	0	0	0	80	0	5446907	226077	207252	592775	2436	1848	1062654	918	203593	222739	167904	258876
68746	2663	2186	312818	81988	75642	60573	98879	0	0	0	0	0	269491	475922	43327	1805	42160	1167	39898	40361	2262	1799	578	1041	347	42160	2840	42160	2198	2067	131	40093	2067	5760320	269405	249413	661560	538	3915	1117039	26987	93592	99278	74906	104451
47919	80	0	726911	178382	169607	137496	246002	0	0	0	0	0	724422	909538	2489	1	79	2410	74	78	5	1	0	4	0	79	5	79	0	0	0	79	0	6487832	271898	249492	709515	538	3915	1265089	868	203521	223529	167612	257691
66671	2591	2084	310375	81440	74747	60080	98169	0	0	0	0	0	268670	469826	41705	1672	40564	1141	38360	38893	2204	1671	547	1080	359	40564	2751	40564	2090	1971	119	38593	1971	6798841	313603	290056	776221	2628	1790	1319462	26076	92851	98252	74197	103739
47889	84	0	726529	178764	168585	137588	246083	0	0	0	0	0	724064	909909	2465	3	77	2388	73	74	4	3	0	1	0	77	4	77	0	0	0	77	0	7526000	316070	290133	824150	2628	1790	1467500	892	203737	222478	167447	257494
67367	2543	2170	309461	80954	74681	60393	97579	0	0	0	0	0	267272	469568	42189	1647	41098	1091	38954	39452	2144	1646	542	1040	332	41098	2686	41098	2179	2059	120	39039	2059	7836065	358260	331231	891570	711	3849	1521885	26609	92405	98237	74420	103149
47942	71	0	726682	178848	168423	137717	246290	0	0	0	0	0	724108	909235	2574	2	97	2477	93	95	4	2	0	2	0	97	4	97	0	0	0	97	0	8563382	360836	331328	939559	711	3849	1669925	905	203720	222222	167760	257838
65531	2475	2064	308633	80476	74373	60388	97518	0	0	0	0	0	267792	465683	40841	1709	39742	1099	37634	38034	2108	1708	616	1016	373	39742	2724	39742	2074	1957	117	37785	1957	8872625	401682	371070	1005126	2785	1710	1724308	25392	91751	97847	74470	103110
47620	91	0	726653	179102	168464	137523	246112	0	0	0	0	0	724051	909044	2602	1	79	2523	76	78	3	1	0	2	1	79	3	79	0	0	0	79	0	9599839	404284	371149	1052784	2785	1710	1872335	892	204386	222646	167471	257622
71545	2865	2365	314015	82638	75932	61313	98434	0	0	0	0	0	268471	481822	45544	1866	44436	1108	41997	42572	2439	1864	617	1192	375	44436	3056	44436	2374	2242	132	42194	2242	9914447	449830	415586	1124372	1063	3952	1926732	28445	94208	100018	75724	104126
47773	74	0	727362	179483	168807	136603	246863	0	0	0	0	0	724820	910467	2542	4	87	2455	85	84	2	3	2	1	0	87	4	87	0	0	0	87	0	10642425	452375	415673	1172174	1063	3952	2074758	856	204358	223046	166780	258403
68623	2646	2256	312537	82208	75434	60653	98380	0	0	0	0	0	269250	475663	43287	1764	42091	1196	39825	40331	2266	1760	576	1082	351	42091	2842	42091	2265	2155	110	39936	2155	10955558	495662	457764	1240843	3328	2011	2129133	27136	93549	99175	75063	104063
47871	61	0	726019	178165	168864	137441	246092	0	0	0	0	0	723491	908538	2528	4	95	2433	92	92	3	3	2	2	0	95	5	95	0	0	0	95	0	11682177	498197	457859	1288746	3328	2011	2277181	887	203025	222507	167244	257776
67294	2641	2107	310561	81117	74966	60605	97962	0	0	0	0	0	267901	472087	42660	1694	41481	1178	39213	39791	2268	1690	533	1111	374	41481	2801	41481	2119	1997	122	39484	1997	11993313	540861	499340	1356079	1351	4008	2331566	26664	92553	98524	74790	103643
47656	70	0	726718	178885	168398	137607	246251	0	0	0	0	0	724221	908720	2497	0	84	2413	80	84	4	0	0	4	0	84	4	84	0	0	0	84	0	12720637	543359	499424	1403770	1351	4008	2479594	932	203855	222251	167752	257770
69450	2623	2180	311898	82044	75486	60449	98284	0	0	0	0	0	267770	476465	44128	1784	42966	1162	40728	41184	2238	1782	593	1049	367	42966	2831	42966	2185	2062	123	40904	2062	13033092	587489	542390	1473256	3536	1974	2533977	27523	93447	99037	74616	103972
47381	71	0	728215	178973	168707	137864	247299	0	0	0	0	0	725718	911686	2497	0	86	2411	85	86	1	0	0	1	0	86	1	86	0	0	0	86	0	13761921	589987	542476	1520680	3536	1974	2682027	902	203751	223061	167945	258913
67537	2578	2153	311368	81723	75388	60522	97902	0	0	0	0	0	268981	472299	42387	1677	41297	1090	39137	39620	2160	1677	563	1046	344	41297	2723	41297	2164	2041	123	39256	2041	14073898	632376	583773	1588252	1604	4015	2736399	26505	92997	99245	74812	103607
47890	69	0	725384	177721	168474	137399	246323	0	0	0	0	0	722810	908307	2574	2	100	2474	94	98	6	2	0	4	2	100	6	100	0	0	0	100	0	14799894	634953	583873	1636187	1604	4015	2884439	910	202699	222175	167275	257766
65038	2480	1973	308308	80277	74276	60308	97534	0	0	0	0	0	268038	464404	40270	1566	39111	1159	37001	37546	2110	1565	508	1053	296	39111	2618	39111	1981	1850	131	37261	1850	15108795	675226	622984	1701266	3585	1769	2938823	25105	91631	97600	74403	103160
47630	72	0	726898	179195	168650	137327	246247	0	0	0	0	0	724211	909755	2687	4	95	2592	91	91	4	4	2	2	1	95	6	95	0	0	0	95	0	15836323	677914	623079	1748933	3585	1769	3086862	915	204069	222862	167418	257700
66994	2501	2037	310844	81054	75089	60642	98215	0	0	0	0	0	268923	471051	41921	1688	40773	1148	38621	39087	2152	1686	569	1035	332	40773	2721	40773	2048	1950	98	38823	1950	16147763	719838	663853	1815958	1537	3719	3141248	26298	92634	98512	74901	103852
47871	84	0	726290	178078	168551	137640	246522	0	0	0	0	0	723787	909328	2503	0	87	2416	86	87	1	0	0	1	0	87	1	87	0	0	0	87	0	16874618	722342	663940	1863858	1537	3719	3289283	788	203236	222460	167824	257922
68663	2581	2134	311387	81802	75337	60905	97620	0	0	0	0	0	267817	474774	43570	1727	42468	1102	40274	40741	2194	1727	566	1033	366	42468	2760	42468	2143	2028	115	40440	2028	17186564	765913	706408	1932560	3680	1651	3343657	27305	93260	98941	75065	103379
47972	68	0	726215	178239	168561	137580	246305	0	0	0	0	0	723741	907839	2474	2	107	2367	103	105	4	2	0	2	1	107	4	107	0	0	0	107	0	17913389	768391	706515	1980572	3680	1651	3491706	930	203129	222070	167408	257930
68383	2816	2180	311601	81651	75010	60889	98256	0	0	0	0	0	268305	474416	43296	1813	42182	1114	39777	40372	2405	1810	560	1155	351	42182	2965	42182	2193	2071	122	40111	2071	18225602	811690	748697	2048989	1777	3722	3546080	26981	93067	98662	75274	103926
48231	75	0	726894	178673	168598	137589	246463	0	0	0	0	0	724386	908955	2508	2	78	2430	73	76	5	2	1	4	1	78	6	78	0	0	0	78	0	18953070	814199	748775	2097250	1777	3722	3694129	866	203641	222609	167451	258052

processed_m4540_ME21_HV0_test40_SRCoff_170716_041701_TMBCounters.txt																																													
alct0 valid pattern flag received	alct1 valid pattern flag received	raw hits readout   	Pretrigger   	Pretrigger on CFEB0	Pretrigger on CFEB1	Pretrigger on CFEB2	Pretrigger on CFEB3	Pretrigger on CFEB4	Pretrigger on CFEB5	Pretrigger on CFEB6	Pretrigger on ME1A CFEB 4-6 only	Pretrigger on ME1B CFEBs 0-3 only	Discarded, CLCT0 invalid pattern after drift	BX pretrig waiting for triads to dissipate	clct0 sent to TMB matching section	clct1 sent to TMB matching section	TMB accepted alct	TMB match reject event  	Matching found one ALCT	Matching found one CLCT	Matching found two ALCTs	Matching found two CLCTs	ALCT0 copied into ALCT1 to make 2nd LCT	CLCT0 copied into CLCT1 to make 2nd LCT	LCT1 has higher quality than LCT0 	Transmitted LCT0 to MPC	Transmitted LCT1 to MPC	MPC rejected both LCT0 and LCT1	L1A received   	L1A received, TMB in L1A window	L1A received, no TMB in window	TMB triggered, no L1A in window	TMB readouts completed	Pretrigger counter   	CLCT counter   	TMB trigger counter	ALCTs received counter	L1As received counter 	Readout counter 	Orbit counter	CLCT pre-trigger and ALCT coincidence counter	CFEB0 active flag sent to DMB for readout	CFEB1 active flag sent to DMB for readout	CFEB2 active flag sent to DMB for readout	CFEB3 active flag sent to DMB for readout
42160	1054	1421	146010	35848	36564	29412	45271	0	0	0	0	0	143590	188144	2420	86	1986	434	1681	1900	305	86	11	230	17	1986	316	1986	2111	98	2013	1888	98	271699	2752	1991	49308	2111	98	104927	8122	41649	47882	36229	48126
21110	26	0	366925	88305	90083	73264	117633	0	0	0	0	0	366010	455806	915	0	6	909	6	6	0	0	0	0	0	6	0	6	0	0	0	6	0	639500	3672	1997	70459	2111	98	252964	337	102310	118259	90038	124183
41383	1097	1437	144873	35748	36300	29011	44895	0	0	0	0	0	142411	186805	2462	96	2079	383	1755	1984	324	95	14	243	22	2079	338	2079	2083	103	1980	1976	103	784700	6135	4076	111856	98	201	307347	7902	41522	47555	35729	47564
21371	23	0	367821	89233	90215	72679	117995	0	0	0	0	0	366844	456852	977	1	10	967	9	9	1	1	1	1	0	10	2	10	0	0	0	10	0	1152805	7114	4086	133239	98	201	455387	355	103344	118309	89030	124440
42853	1094	1518	145198	35607	36584	29004	45077	0	0	0	0	0	142710	187158	2488	90	2051	437	1734	1961	317	90	20	247	13	2051	337	2051	2218	90	2128	1961	90	1298320	9602	6137	176118	2316	291	509762	8164	41515	47784	35650	47806
21299	18	0	367722	88553	90194	73369	117937	0	0	0	0	0	366783	457563	939	0	9	930	8	9	1	0	0	1	0	9	1	9	0	0	0	9	0	1666328	10541	6146	197438	2316	291	657808	355	102651	118634	90024	124583
42129	1024	1502	144771	35863	36076	29042	44812	0	0	0	0	0	142300	186645	2471	89	2014	457	1711	1925	303	89	20	234	16	2014	323	2014	2163	103	2060	1911	103	1811405	13014	8160	239583	383	394	712183	8103	41482	47150	35748	47556
21561	27	0	366948	88228	89986	72936	118110	0	0	0	0	0	366010	456183	938	0	6	932	6	6	0	0	0	0	0	6	0	6	0	0	0	6	0	2178667	13954	8166	261168	383	394	860234	339	102170	117765	89520	124742
43980	1066	1567	145573	35946	36361	29361	44971	0	0	0	0	0	142983	188038	2590	94	2181	409	1848	2087	333	94	17	256	20	2181	350	2181	2281	103	2178	2078	103	2324544	16544	10347	305168	2664	497	914605	8531	41533	47527	36111	47771
21175	29	0	367807	88666	90117	73185	118100	0	0	0	0	0	366859	457018	948	0	10	938	9	10	1	0	0	1	0	10	1	10	0	0	0	10	0	2692648	17494	10357	326359	2664	497	1062643	319	102582	118108	89915	124757
42603	1067	1426	144945	35404	36379	29409	44854	0	0	0	0	0	142411	186669	2534	82	2117	417	1797	2035	320	82	20	258	16	2117	340	2117	2078	96	1982	2021	96	2837910	20029	12474	368975	646	593	1117030	8248	41172	47516	36170	47652
21163	26	0	367662	89055	89742	73360	117859	0	0	0	0	0	366764	456632	898	0	6	892	6	6	0	0	0	0	0	6	0	6	0	0	0	6	0	3205872	20929	12480	390151	646	593	1265069	345	102961	117891	89913	124480
40500	997	1472	144543	35503	36333	28938	44808	0	0	0	0	0	142255	186074	2288	74	1904	384	1628	1830	276	74	18	220	15	1904	294	1904	2138	95	2043	1809	95	3350696	23219	14384	430663	2784	688	1319451	7848	41221	47522	35719	47575
21275	26	0	368551	88966	90502	73083	118292	0	0	0	0	0	367628	458102	923	0	2	921	2	2	0	0	0	0	0	2	0	2	0	0	0	2	0	3719530	24144	14386	451958	2784	688	1467489	325	102982	118575	89506	124978
42627	1040	1472	145318	35564	36624	29342	44856	0	0	0	0	0	142907	187441	2411	81	1986	425	1685	1905	301	81	18	238	14	1986	319	1986	2140	92	2048	1894	92	3865153	26556	16372	494609	828	780	1521874	8209	41360	47692	36038	47709
21093	34	0	367768	88539	89945	73399	118216	0	0	0	0	0	366817	456551	951	0	11	940	9	11	2	0	0	2	0	11	2	11	0	0	0	11	0	4233230	27508	16383	515713	828	780	1669912	357	102432	118123	90050	124810
45298	1191	1574	146306	35885	36398	29793	45348	0	0	0	0	0	143615	189273	2691	89	2250	441	1924	2161	326	89	18	255	17	2250	344	2250	2308	109	2199	2141	109	4379848	30200	18633	561035	3136	889	1724285	8753	41630	47598	36484	48239
21296	24	0	368028	89270	90031	73127	117925	0	0	0	0	0	367108	457182	920	0	7	913	7	7	0	0	0	0	0	7	0	7	0	0	0	7	0	4748201	31120	18640	582346	3136	889	1872336	354	103244	118360	89620	124565
41259	1065	1432	144744	35593	36285	28947	44994	0	0	0	0	0	142263	186790	2481	72	2015	466	1724	1944	291	71	10	230	7	2015	301	2015	2041	97	1944	1918	97	4893252	33601	20655	623623	1081	986	1926708	7826	41288	47403	35725	47675
21241	24	0	368208	88822	90015	73323	118311	0	0	0	0	0	367280	457346	928	0	6	922	6	6	0	0	0	0	0	6	0	6	0	0	0	6	0	5261769	34529	20661	644879	1081	986	2074747	315	102916	118281	90028	125010
42826	1065	1484	146023	35975	36613	29399	45119	0	0	0	0	0	143528	188592	2495	73	2087	408	1796	2014	291	73	15	233	12	2087	306	2087	2162	97	2065	1990	97	5408089	37025	22748	687728	3243	1083	2129131	8454	41766	47925	36191	47932
21370	24	0	367319	88433	90089	73031	118117	0	0	0	0	0	366376	456426	943	0	5	938	5	5	0	0	0	0	0	5	0	5	0	0	0	5	0	5775722	37968	22753	709106	3243	1083	2277170	354	102454	118226	89599	124841
43279	1095	1559	145100	35757	36244	29185	44890	0	0	0	0	0	142538	187258	2562	70	2151	411	1858	2081	293	70	16	239	14	2151	309	2151	2270	106	2164	2045	106	5921133	40531	24904	752406	1417	1189	2331554	8391	41563	47563	35795	47704
21166	23	0	367493	88506	90598	72515	118171	0	0	0	0	0	366554	455946	939	0	7	932	6	7	1	0	0	1	0	7	1	7	0	0	0	7	0	6288933	41472	24911	773589	1417	1189	2479593	319	102504	118454	89266	124657
44048	1110	1598	145716	36067	36442	29278	45036	0	0	0	0	0	143151	187956	2565	76	2174	391	1842	2098	332	76	18	274	10	2174	350	2174	2304	98	2206	2076	98	6434924	44037	27085	817649	3721	1287	2533969	8523	41840	47686	35915	47890
21200	30	0	367451	88514	90111	72866	118250	0	0	0	0	0	366468	456556	983	0	4	979	4	4	0	0	0	0	0	4	0	4	0	0	0	4	0	6802656	45020	27089	838861	3721	1287	2682016	327	102401	118243	89261	124660
43549	1092	1474	144993	35716	36160	29344	44873	0	0	0	0	0	142438	187037	2555	92	2150	405	1824	2058	326	92	17	251	18	2150	343	2150	2140	94	2046	2056	94	6947939	47575	29239	882420	1765	1381	2736389	8396	41389	47266	35887	47637
21326	21	0	367562	88358	90142	73129	118168	0	0	0	0	0	366604	456810	958	0	6	952	6	6	0	0	0	0	0	6	0	6	0	0	0	6	0	7315800	48534	29245	903766	1765	1381	2884439	332	102500	118251	89718	124773
42912	1099	1479	144929	35667	36257	28887	45171	0	0	0	0	0	142410	187263	2519	70	2096	423	1781	2026	315	70	13	258	17	2096	328	2096	2145	98	2047	1998	98	7461029	51054	31341	946693	3910	1479	2938813	8287	41206	47527	35598	47899
21211	32	0	368152	88992	89955	72925	118606	0	0	0	0	0	367199	457754	953	0	4	949	4	4	0	0	0	0	0	4	0	4	0	0	0	4	0	7829480	52007	31345	967919	3910	1479	3086862	321	103008	117813	89480	125216
42538	1058	1406	144808	35803	36019	29013	45063	0	0	0	0	0	142245	186378	2563	90	2104	459	1786	2014	318	90	15	243	14	2104	333	2104	2070	95	1975	2009	95	7974580	54571	33449	1010476	1884	1574	3141235	8237	41419	47122	35664	47846
21465	27	0	367339	88509	90271	73125	117769	0	0	0	0	0	366465	456103	874	0	6	868	6	6	0	0	0	0	0	6	0	6	0	0	0	6	0	8342199	55445	33455	1031961	1884	1574	3289273	347	102647	118168	89643	124379
42042	1021	1465	145350	35813	36313	29042	45258	0	0	0	0	0	142884	187422	2466	75	2032	434	1750	1957	282	75	8	215	20	2032	290	2032	2127	94	2033	1938	94	8487857	57912	35487	1074019	4011	1668	3343658	8044	41560	47376	35837	48027
21165	31	0	367679	88971	89861	73234	117941	0	0	0	0	0	366741	456794	938	0	5	933	4	5	1	0	0	1	0	5	1	5	0	0	0	5	0	8855846	58853	35492	1095193	4011	1668	3491696	336	102912	118263	89681	124583
42352	1069	1449	145112	35537	36370	29287	45023	0	0	0	0	0	142636	187402	2476	75	2058	418	1732	1983	326	75	7	258	15	2058	333	2058	2109	99	2010	1959	99	9001291	61331	37550	1137565	2024	1767	3546079	8252	41206	47555	36114	47841
21198	25	0	367166	88452	90407	73035	117627	0	0	0	0	0	366210	455949	956	0	8	948	8	8	0	0	0	0	0	8	0	8	0	0	0	8	0	9368773	62287	37558	1158771	2024	1767	3694121	363	102437	118199	89664	124229
39850	964	1362	145101	35727	36155	29130	45196	0	0	0	0	0	142852	186729	2249	71	1840	409	1559	1769	281	71	12	222	16	1840	293	1840	1992	80	1912	1760	80	9514159	64536	39398	1198637	4016	1847	3748494	7524	41317	47372	35785	47880
21041	30	0	367412	88752	90235	72965	117723	0	0	0	0	0	366480	456429	932	0	9	923	7	9	2	0	0	2	0	9	2	9	0	0	0	9	0	9881850	65469	39407	1219700	4016	1847	3896544	318	102705	118398	89404	124300
41831	1036	1504	145593	35704	36179	29593	45157	0	0	0	0	0	143263	187507	2330	67	1945	385	1662	1878	283	67	6	222	11	1945	289	1945	2115	92	2023	1853	92	10027740	67800	41352	1261549	2035	1939	3950914	8031	41458	47873	36257	47875
20831	36	0	367881	88630	90427	72953	118146	0	0	0	0	0	366946	456971	935	0	9	926	8	9	1	0	0	1	0	9	1	9	0	0	0	9	0	10395914	68736	41361	1282396	2035	1939	4098967	303	102529	118383	89638	124896
43109	1043	1566	145932	35895	36625	29247	45296	0	0	0	0	0	143408	188358	2524	76	2091	433	1801	2015	290	76	12	226	14	2091	302	2091	2305	101	2204	1990	101	10542140	71261	43452	1325516	244	2040	4153338	8300	41607	47971	35952	48089
21077	21	0	367904	88533	90295	73183	118258	0	0	0	0	0	366937	456860	967	0	9	958	9	9	0	0	0	0	0	9	0	9	0	0	0	9	0	10910323	72228	43461	1346607	244	2040	4301389	349	102337	118329	89786	124895
42858	1095	1500	145000	35786	36487	29245	44597	0	0	0	0	0	142475	186819	2525	92	2121	404	1788	2029	333	92	19	260	23	2121	352	2121	2207	108	2099	2013	108	11055615	74755	45582	1389483	2451	2148	4355771	8397	41494	47849	36025	47402
21451	35	0	368037	88993	89879	73512	117965	0	0	0	0	0	367067	457386	970	0	8	962	4	8	4	0	0	4	0	8	4	8	0	0	0	8	0	11423956	75727	45590	1410950	2451	2148	4503801	352	102692	118273	90018	124597
41724	1044	1422	144979	35615	36310	29044	45092	0	0	0	0	0	142613	186844	2366	71	1959	407	1675	1888	284	71	17	230	13	1959	301	1959	2091	74	2017	1885	74	11569219	78094	47549	1452685	446	2222	4558184	7908	41278	47420	35692	47798
21318	23	0	369016	88778	90294	73638	118571	0	0	0	0	0	368069	457807	947	0	10	937	10	10	0	0	0	0	0	10	0	10	0	0	0	10	0	11938548	79042	47559	1474022	446	2222	4706223	339	102585	118386	90118	125235
41711	971	1473	145278	35735	36348	29111	45178	0	0	0	0	0	142861	187090	2417	87	2010	407	1698	1923	312	87	15	240	14	2010	327	2010	2138	96	2042	1914	96	12084131	81460	49569	1515753	2584	2318	4760606	7873	41451	47565	35806	47845
21108	28	0	366986	88869	89722	73091	117553	0	0	0	0	0	366057	455917	929	0	12	917	11	12	1	0	0	1	0	12	1	12	0	0	0	12	0	12451387	82390	49581	1536876	2584	2318	4908656	328	102739	117664	89617	124202
43498	1075	1526	145990	35906	36720	29234	45229	0	0	0	0	0	143438	188383	2552	81	2159	393	1830	2078	329	81	12	260	18	2159	341	2159	2196	100	2096	2059	100	12597695	84942	51740	1580389	684	2418	4963018	8497	41706	47903	36049	47950
21012	25	0	367646	88423	90317	73248	118039	0	0	0	0	0	366760	457004	886	0	11	875	10	11	1	0	0	1	0	11	1	11	0	0	0	11	0	12965630	85830	51751	1601423	684	2418	5111067	349	102614	118518	89629	124709
45412	1130	1532	145649	36178	36302	29222	45072	0	0	0	0	0	143026	187989	2623	82	2195	428	1864	2113	331	82	16	265	17	2195	347	2195	2247	110	2137	2085	110	13111581	88453	53946	1646854	2931	2528	5165452	8780	41800	47500	36116	47885
21133	26	0	368433	88596	90279	73392	118391	0	0	0	0	0	367458	457844	975	1	7	968	5	6	2	1	0	1	0	7	2	7	0	0	0	7	0	13480320	89429	53953	1668003	2931	2528	5313490	324	102378	118401	89920	124917

processed_m4541_ME21_HV0_test40_SRCoff_170716_043029_TMBCounters.txt																																													
alct0 valid pattern flag received	alct1 valid pattern flag received	raw hits readout   	Pretrigger   	Pretrigger on CFEB0	Pretrigger on CFEB1	Pretrigger on CFEB2	Pretrigger on CFEB3	Pretrigger on CFEB4	Pretrigger on CFEB5	Pretrigger on CFEB6	Pretrigger on ME1A CFEB 4-6 only	Pretrigger on ME1B CFEBs 0-3 only	Discarded, CLCT0 invalid pattern after drift	BX pretrig waiting for triads to dissipate	clct0 sent to TMB matching section	clct1 sent to TMB matching section	TMB accepted alct	TMB match reject event  	Matching found one ALCT	Matching found one CLCT	Matching found two ALCTs	Matching found two CLCTs	ALCT0 copied into ALCT1 to make 2nd LCT	CLCT0 copied into CLCT1 to make 2nd LCT	LCT1 has higher quality than LCT0 	Transmitted LCT0 to MPC	Transmitted LCT1 to MPC	MPC rejected both LCT0 and LCT1	L1A received   	L1A received, TMB in L1A window	L1A received, no TMB in window	TMB triggered, no L1A in window	TMB readouts completed	Pretrigger counter   	CLCT counter   	TMB trigger counter	ALCTs received counter	L1As received counter 	Readout counter 	Orbit counter	CLCT pre-trigger and ALCT coincidence counter	CFEB0 active flag sent to DMB for readout	CFEB1 active flag sent to DMB for readout	CFEB2 active flag sent to DMB for readout	CFEB3 active flag sent to DMB for readout
62779	2425	2212	265635	69977	66273	53397	78929	0	0	0	0	0	237614	390888	28021	823	27182	839	25450	26360	1732	822	267	1177	164	27182	1999	27182	2227	1266	961	25916	1266	472651	28706	27195	73841	2227	1266	104938	39424	80224	86775	65824	83993
32472	46	0	607336	151593	145440	118700	195426	0	0	0	0	0	605415	757802	1921	1	55	1866	50	54	5	1	0	4	0	55	5	55	0	0	0	55	0	1080490	30628	27250	106344	2227	1266	252976	694	173275	191742	144393	205558
61518	2308	2120	265043	70102	65906	53126	78766	0	0	0	0	0	237604	388569	27439	819	26580	859	24965	25761	1615	819	252	1048	162	26580	1867	26580	2129	1201	928	25379	1201	1346032	58069	53830	167883	260	2467	307351	38673	80326	86451	65455	83840
32304	41	0	607922	151883	145970	118980	194935	0	0	0	0	0	605986	758526	1936	0	53	1883	52	53	1	0	0	1	0	53	1	53	0	0	0	53	0	1954445	60007	53883	200211	260	2467	455399	684	173402	191978	144559	204905
62828	2301	2212	264781	70186	65384	53043	78988	0	0	0	0	0	236520	389927	28261	793	27383	878	25763	26590	1620	793	255	1082	153	27383	1875	27383	2220	1268	952	26115	1268	2219738	88271	81266	263074	2480	3735	509773	39524	80158	85759	65527	83896
32239	41	0	609370	151735	145804	119111	196436	0	0	0	0	0	607357	760789	2013	1	48	1965	47	47	1	1	0	0	0	48	1	48	0	0	0	48	0	2829596	90286	81314	295345	2480	3735	657821	719	173288	191793	145187	206500
61506	2280	2155	262970	69024	65399	52843	78547	0	0	0	0	0	235503	386232	27467	757	26586	881	24990	25830	1596	756	231	1071	151	26586	1827	26586	2166	1193	973	25393	1193	3093046	117755	107901	356888	550	832	712194	38645	78878	85712	65269	83550
32651	47	0	608329	151647	145634	118926	195971	0	0	0	0	0	606317	759135	2012	3	56	1956	54	54	2	2	1	1	1	56	3	56	0	0	0	56	0	3701873	119767	107957	389556	550	832	860233	740	173209	191670	144897	205968
61188	2219	2101	263595	69378	65510	52664	78824	0	0	0	0	0	236305	386326	27290	799	26400	890	24833	25601	1567	799	268	1036	143	26400	1835	26400	2111	1189	922	25211	1189	3965962	147058	134357	450773	2661	2021	914617	38150	79344	85886	65066	83792
32357	37	0	608158	151975	145523	118814	195711	0	0	0	0	0	606173	759176	1985	2	54	1931	50	52	4	2	0	2	1	54	4	54	0	0	0	54	0	4574630	149044	134411	483156	2661	2021	1062657	732	173371	191422	144765	205878
62936	2408	2191	265481	70251	65614	53451	79083	0	0	0	0	0	237185	391050	28296	808	27422	874	25725	26614	1697	808	253	1142	161	27422	1950	27422	2200	1222	978	26200	1222	4840645	177341	161833	546117	765	3243	1117040	39733	80219	86240	65839	84073
33083	51	0	607960	152098	145464	118286	196032	0	0	0	0	0	605977	758842	1983	0	58	1925	58	58	0	0	0	0	0	58	0	58	0	0	0	58	0	5449129	179326	161891	579236	765	3243	1265079	731	173448	191381	144235	205832
61470	2293	2096	263787	69787	65747	52804	78285	0	0	0	0	0	236299	387469	27488	767	26564	924	24969	25798	1595	766	238	1067	147	26564	1833	26564	2109	1152	957	25412	1152	5713399	206816	188455	640735	2874	299	1319452	38623	79714	86363	65169	83265
32682	56	0	608339	151194	146185	119207	195626	0	0	0	0	0	606361	759470	1978	2	55	1923	51	54	4	1	0	3	1	55	4	55	0	0	0	55	0	6322221	208797	188510	673439	2874	299	1467500	699	172813	192167	145098	205513
63602	2462	2183	265336	70141	65764	53389	78891	0	0	0	0	0	237155	391217	28181	841	27271	910	25571	26431	1700	840	272	1132	176	27271	1972	27271	2194	1223	971	26048	1223	6588053	236979	215781	737072	972	1522	1521873	40108	80096	86346	65671	83991
32763	49	0	608484	152015	145911	119130	195216	0	0	0	0	0	606578	759354	1906	2	43	1863	38	41	5	2	1	4	0	43	6	43	0	0	0	43	0	7197052	238885	215824	769868	972	1522	1669916	679	173769	191858	144873	205277
63570	2461	2213	265719	70436	66273	53116	78890	0	0	0	0	0	237081	392893	28638	849	27743	895	26015	26894	1728	849	258	1137	166	27743	1986	27743	2223	1252	971	26491	1252	7463266	267526	243567	833457	3195	2774	1724299	40269	80432	87002	65703	83874
32741	47	0	607548	151696	145464	118610	195487	0	0	0	0	0	605581	758986	1967	0	45	1922	44	45	1	0	0	1	0	45	1	45	0	0	0	45	0	8071347	269494	243613	866226	3195	2774	1872356	735	173623	191442	144437	205520
60558	2327	2053	264002	69594	65535	52749	78996	0	0	0	0	0	237146	386669	26856	770	25957	898	24291	25188	1666	769	222	1119	138	25957	1888	25957	2065	1171	894	24786	1171	8335853	296350	269570	926812	1164	3945	1926719	37888	79590	86207	64948	83906
32982	42	0	609031	152118	146278	118871	195554	0	0	0	0	0	606999	760403	2032	2	61	1971	56	59	5	2	0	3	0	61	5	61	0	0	0	61	0	8945395	298383	269632	959829	1164	3945	2074758	742	174080	192270	144705	205743
61445	2395	2099	263697	69562	65449	52863	78651	0	0	0	0	0	236392	387447	27305	816	26427	878	24741	25611	1686	816	227	1097	158	26427	1913	26427	2106	1207	899	25220	1207	9209584	325692	296059	1021298	3270	1056	2129142	38611	79569	86062	64991	83634
32535	41	0	607631	151539	145652	118948	195316	0	0	0	0	0	605694	759023	1937	4	57	1880	52	53	5	4	2	3	0	57	7	57	0	0	0	57	0	9817757	327630	296116	1053859	3270	1056	2277181	732	173317	191755	144794	205352
64961	2384	2247	266444	70617	66608	53609	78604	0	0	0	0	0	237005	394030	29439	815	28503	936	26811	27688	1692	815	274	1151	157	28503	1966	28503	2261	1221	1040	27282	1221	10084707	357071	324619	1118840	1435	2277	2331554	41324	80736	87586	66223	83582
32749	43	0	607164	151513	145421	119125	194942	0	0	0	0	0	605223	757894	1941	1	60	1881	55	59	5	1	1	5	0	60	6	60	0	0	0	60	0	10692369	359013	324679	1151615	1435	2277	2479604	760	173018	191420	144667	205091
62096	2414	2179	264500	70059	65606	52645	79084	0	0	0	0	0	236777	388799	27723	828	26869	854	25191	26041	1678	828	260	1110	175	26869	1938	26869	2185	1256	929	25613	1256	10957330	386737	351548	1213732	3620	3533	2533977	38952	80209	86134	64932	84088
32860	48	0	609045	151800	145815	119439	195807	0	0	0	0	0	607127	759750	1918	0	50	1868	48	50	2	0	0	2	0	50	2	50	0	0	0	50	0	11566880	388656	351598	1246616	3620	3533	2682027	693	173441	192341	145148	205637
61854	2353	2128	263232	69365	65681	52818	78187	0	0	0	0	0	235917	386694	27315	801	26429	886	24787	25628	1642	801	244	1085	143	26429	1886	26429	2138	1166	972	25263	1166	11830617	415972	378027	1308492	1662	603	2736400	38639	79485	86356	65213	83171
32650	43	0	607606	151050	145393	118887	196043	0	0	0	0	0	605672	758287	1934	3	50	1884	47	48	3	2	1	2	0	50	4	50	0	0	0	50	0	12438717	417906	378077	1341170	1662	603	2884450	748	172464	191344	144734	206132
58775	2235	1980	261074	68622	64442	52152	78696	0	0	0	0	0	235393	379483	25681	766	24828	853	23253	24062	1575	766	230	1039	143	24828	1805	24828	1990	1129	861	23699	1129	12700289	443588	402905	1399966	3652	1732	2938823	36116	78333	84864	64231	83591
32619	59	0	608007	152025	144928	119194	195693	0	0	0	0	0	606038	759530	1969	2	57	1912	54	55	3	2	0	1	0	57	3	57	0	0	0	57	0	13308792	445559	402962	1432609	3652	1732	3086873	726	173814	191037	145244	205756
60910	2388	2154	262809	69187	65565	52725	78257	0	0	0	0	0	235739	384857	27070	811	26202	868	24521	25391	1681	811	245	1115	165	26202	1926	26202	2164	1194	970	25008	1194	13572105	472630	429164	1493533	1720	2926	3141246	38010	79147	85786	65110	83259
33033	44	0	608020	152148	145345	118781	195573	0	0	0	0	0	606077	759041	1943	1	43	1900	42	42	1	1	0	0	0	43	1	43	0	0	0	43	0	14180656	474575	429207	1526593	1720	2926	3289284	748	173552	191364	144663	205616
60192	2284	2110	263159	69537	65105	52694	78670	0	0	0	0	0	236282	384948	26877	758	25945	932	24367	25188	1578	757	247	1068	139	25945	1825	25945	2118	1237	881	24708	1237	14444299	501455	455152	1586808	3838	67	3343669	37589	79542	85334	64831	83645
32760	55	0	609331	152099	145951	119637	195505	0	0	0	0	0	607351	760501	1980	1	57	1923	55	56	2	1	0	1	0	57	2	57	0	0	0	57	0	15054130	503437	455209	1619595	3838	67	3491707	729	173691	192028	145594	205719
60630	2262	1994	263220	69220	65655	52610	78610	0	0	0	0	0	236468	385337	26752	801	25889	863	24300	25088	1589	801	252	1040	158	25889	1841	25889	2004	1131	873	24758	1131	15317868	530190	481098	1680259	1746	1198	3546092	37574	79144	86101	64840	83581
32692	50	0	608595	152090	145853	119416	195079	0	0	0	0	0	606704	759253	1891	1	56	1835	51	55	5	1	0	4	0	56	5	56	0	0	0	56	0	15926967	532084	481155	1712973	1746	1198	3694130	723	173754	192081	145217	205214

processed_m4544_ME21_HV0_test40_SRCoff_170716_050158_TMBCounters.txt																																													
alct0 valid pattern flag received	alct1 valid pattern flag received	raw hits readout   	Pretrigger   	Pretrigger on CFEB0	Pretrigger on CFEB1	Pretrigger on CFEB2	Pretrigger on CFEB3	Pretrigger on CFEB4	Pretrigger on CFEB5	Pretrigger on CFEB6	Pretrigger on ME1A CFEB 4-6 only	Pretrigger on ME1B CFEBs 0-3 only	Discarded, CLCT0 invalid pattern after drift	BX pretrig waiting for triads to dissipate	clct0 sent to TMB matching section	clct1 sent to TMB matching section	TMB accepted alct	TMB match reject event  	Matching found one ALCT	Matching found one CLCT	Matching found two ALCTs	Matching found two CLCTs	ALCT0 copied into ALCT1 to make 2nd LCT	CLCT0 copied into CLCT1 to make 2nd LCT	LCT1 has higher quality than LCT0 	Transmitted LCT0 to MPC	Transmitted LCT1 to MPC	MPC rejected both LCT0 and LCT1	L1A received   	L1A received, TMB in L1A window	L1A received, no TMB in window	TMB triggered, no L1A in window	TMB readouts completed	Pretrigger counter   	CLCT counter   	TMB trigger counter	ALCTs received counter	L1As received counter 	Readout counter 	Orbit counter	CLCT pre-trigger and ALCT coincidence counter	CFEB0 active flag sent to DMB for readout	CFEB1 active flag sent to DMB for readout	CFEB2 active flag sent to DMB for readout	CFEB3 active flag sent to DMB for readout
61366	2456	2090	294431	77991	71349	58319	90367	0	0	0	0	0	255797	445202	38634	1513	37585	1049	35512	36074	2073	1511	470	1032	320	37585	2543	37585	2098	1898	200	35687	1898	528339	39406	37610	74749	2098	1898	104927	35658	88698	93787	71713	95712
39467	43	0	686626	170799	161019	131440	227677	0	0	0	0	0	684355	859335	2271	1	75	2196	74	74	1	1	1	1	0	75	2	75	0	0	0	75	0	1215549	41678	37685	114239	2098	1898	252964	807	194476	212085	159580	238513
64173	2536	2102	295690	78449	71900	58155	90987	0	0	0	0	0	255217	450593	40473	1577	39376	1097	37248	37802	2128	1574	522	1076	325	39376	2650	39376	2108	1917	191	37459	1917	1511820	82151	77061	178443	110	3815	307347	37483	89132	94287	71521	96565
39330	41	0	686563	171630	160934	132099	226116	0	0	0	0	0	684159	858097	2404	2	81	2323	78	79	3	2	0	1	1	81	3	81	0	0	0	81	0	2198951	84556	77142	217796	110	3815	455388	810	195147	211989	160506	237002
61532	2392	2050	291808	77319	70432	57505	90155	0	0	0	0	0	253121	441865	38687	1515	37637	1050	35606	36122	2031	1515	523	1039	358	37637	2554	37637	2064	1849	215	35788	1849	2491284	123246	114779	279356	2174	1568	509760	35583	87827	92665	70772	95455
39289	62	0	686549	171449	160572	132170	226467	0	0	0	0	0	684183	857942	2366	1	76	2290	71	75	5	1	1	5	0	76	6	76	0	0	0	76	0	3178415	125614	114856	318671	2174	1568	657810	837	194705	211771	160362	237338
61750	2440	1962	293853	77267	71400	57919	90879	0	0	0	0	0	255208	444739	38645	1523	37580	1065	35551	36058	2029	1522	526	1033	317	37580	2555	37580	1974	1807	167	35773	1807	3472810	164262	152437	380456	52	3375	712183	35707	87861	93706	71627	96261
39036	59	0	685357	170874	161032	132071	225746	0	0	0	0	0	683085	856471	2272	3	80	2192	75	77	5	3	0	2	1	80	5	80	0	0	0	80	0	4158737	166537	152517	419526	52	3375	860233	834	194403	211732	160223	236666
61193	2351	1995	292383	77303	71593	57347	89746	0	0	0	0	0	253971	442043	38412	1448	37359	1053	35355	35911	2004	1448	473	1029	302	37359	2477	37359	2005	1824	181	35535	1824	4451723	204950	189876	480748	2057	1103	914608	35488	88082	93817	70729	95077
39175	55	0	686166	170956	160545	131497	227340	0	0	0	0	0	683820	858405	2346	1	77	2269	72	76	5	1	0	4	0	77	5	77	0	0	0	77	0	5138439	207297	189953	519955	2057	1103	1062645	809	194522	211273	160078	238410
68302	2716	2281	299895	79972	73006	59022	91738	0	0	0	0	0	255977	462696	43918	1632	42874	1044	40581	41245	2293	1629	532	1196	320	42874	2825	42874	2287	2068	219	40806	2068	5438918	251217	232827	588278	248	3171	1117028	40757	90981	95497	72851	97267
39238	51	0	685338	170763	160761	131241	226800	0	0	0	0	0	683081	856684	2257	2	76	2181	71	74	5	2	2	5	0	76	7	76	0	0	0	76	0	6124846	253478	232903	627544	248	3171	1265068	837	194583	211473	159382	237692
64885	2459	2197	295959	78245	72177	58752	90496	0	0	0	0	0	254888	452421	41071	1542	40012	1059	37955	38473	2057	1539	531	1049	325	40012	2588	40012	2203	1990	213	38022	1990	6421355	294552	272915	692462	2451	1065	1319451	38078	89259	94786	72107	95917
39232	67	0	686037	171176	160209	132388	226471	0	0	0	0	0	683725	858206	2312	1	81	2231	80	80	1	1	1	1	0	81	2	81	0	0	0	81	0	7107966	296867	272996	731726	2451	1065	1467489	767	194481	211555	160344	237728
60504	2354	1921	293231	77239	71259	57925	90342	0	0	0	0	0	254984	442700	38247	1368	37183	1064	35202	35817	1981	1366	432	1047	280	37183	2413	37183	1927	1764	163	35419	1764	7401752	335116	310179	792271	282	2829	1521863	35194	87800	93664	71111	95638
39128	56	0	685817	171350	160739	131268	226635	0	0	0	0	0	683438	857416	2379	3	91	2288	85	88	6	3	1	4	1	91	7	91	0	0	0	91	0	8088125	337495	310270	831436	282	2829	1669912	833	194833	211783	159610	237509
64879	2579	2175	295239	78689	71772	58484	90066	0	0	0	0	0	254084	451759	41155	1558	40059	1096	37877	38501	2182	1558	543	1167	307	40059	2725	40059	2182	1974	208	38085	1974	8383908	378650	350329	896354	2464	707	1724285	38052	89377	94394	71833	95465
39336	49	0	684552	171130	160022	131222	226297	0	0	0	0	0	682217	856290	2335	2	78	2257	72	76	6	2	1	5	1	78	7	78	0	0	0	78	0	9069011	380987	350407	935725	2464	707	1872335	814	194739	211129	159519	237111
64613	2665	2122	295237	78543	72165	58220	90088	0	0	0	0	0	254312	451153	40925	1602	39886	1039	37663	38286	2223	1600	508	1131	330	39886	2731	39886	2133	1928	205	37958	1928	9364819	421914	390293	1000374	501	2635	1926708	37941	89340	94802	71737	95488
39380	71	0	687560	171215	161642	131744	227162	0	0	0	0	0	685238	859571	2322	3	96	2226	91	93	5	3	1	3	2	96	6	96	0	0	0	96	0	10052991	424241	390389	1039786	501	2635	2074760	825	194529	212390	159932	238270
63817	2476	2082	294959	78673	71639	57839	90474	0	0	0	0	0	254634	449335	40325	1514	39206	1119	37106	37693	2100	1513	514	1101	333	39206	2614	39206	2093	1888	205	37318	1888	10348526	464568	429595	1103634	2594	427	2129134	37261	89337	93950	71102	95687
39080	57	0	686322	171142	160477	131834	227142	0	0	0	0	0	683999	857662	2323	3	74	2249	70	71	4	3	0	1	1	74	4	74	0	0	0	74	0	11035364	466892	429669	1142747	2594	427	2277170	840	194593	211797	159839	238164
61767	2433	2041	292332	77413	71113	57554	89788	0	0	0	0	0	253723	442868	38609	1479	37623	986	35584	36144	2039	1479	484	1044	323	37623	2523	37623	2052	1853	199	35770	1853	11328249	505502	467292	1204542	550	2280	2331554	35895	88186	93353	70747	95172
39349	66	0	686247	171137	160903	131754	226738	0	0	0	0	0	683937	857653	2310	3	68	2242	61	66	7	2	0	5	1	68	7	68	0	0	0	68	0	12015051	507816	467360	1243918	550	2280	2479594	877	194666	211782	160105	237629
64765	2425	2112	296149	78286	72276	58176	91186	0	0	0	0	0	254912	452468	41237	1499	40152	1085	38120	38654	2032	1498	544	1078	304	40152	2576	40152	2119	1909	210	38243	1909	12311759	549053	507512	1308713	2669	93	2533977	38153	88981	94782	71902	96545
39378	62	0	685625	171673	160270	131817	226169	0	0	0	0	0	683232	858210	2393	1	75	2318	70	74	5	1	0	4	0	75	5	75	0	0	0	75	0	12997961	551450	507588	1348133	2669	93	2682019	831	195068	211548	159920	237144
63131	2548	2020	294028	78014	71742	58024	89953	0	0	0	0	0	254110	447231	39918	1555	38870	1048	36707	37317	2163	1553	485	1095	332	38870	2648	38870	2035	1823	212	37047	1823	13292567	591370	546458	1411297	608	1916	2736389	36912	88652	94250	71703	95511
38774	56	0	686645	171390	160437	132029	226898	0	0	0	0	0	684301	859204	2344	2	78	2266	76	76	2	2	2	2	0	78	4	78	0	0	0	78	0	13979791	593715	546536	1450112	608	1916	2884439	864	194851	211428	160314	237896
63090	2567	2042	294519	77881	72064	57673	90496	0	0	0	0	0	254708	447278	39811	1537	38723	1087	36563	37187	2160	1536	486	1110	331	38723	2646	38723	2050	1858	192	36865	1858	14274910	633529	585259	1513227	2658	3774	2938813	36878	88820	94641	71244	95826
39242	68	0	686718	171720	161175	131827	226221	0	0	0	0	0	684392	859008	2326	2	77	2249	73	75	4	2	1	3	0	77	5	77	0	0	0	77	0	14962189	635855	585336	1552508	2658	3774	3086862	807	195455	212323	160052	237116
62797	2495	1991	293700	77497	71633	57843	90363	0	0	0	0	0	254500	445228	39200	1524	38108	1092	36028	36585	2080	1523	488	1045	327	38108	2568	38108	2001	1810	191	36298	1810	15256480	675059	623444	1615322	563	1488	3141235	36231	88231	93850	71352	95675
39048	50	0	687316	171459	160807	132298	226945	0	0	0	0	0	684882	859916	2434	3	88	2346	85	86	3	2	2	3	0	88	5	88	0	0	0	88	0	15944346	677494	623532	1654394	563	1488	3289275	835	195022	212094	160541	238125
65224	2560	2167	296671	79003	72408	58350	90633	0	0	0	0	0	254924	454167	41747	1563	40655	1091	38529	39092	2126	1563	525	1088	335	40655	2651	40655	2176	1991	185	38664	1991	16241606	719241	664187	1719654	2739	3479	3343659	38680	89890	95154	71811	96097
39112	59	0	685606	171310	160204	132609	225580	0	0	0	0	0	683331	856707	2275	6	82	2193	73	76	9	6	2	5	2	82	11	82	0	0	0	82	0	16927709	721518	664269	1758793	2739	3479	3491696	852	194724	211332	160996	236489
63650	2511	2132	295688	78553	71513	58279	91023	0	0	0	0	0	255257	450820	40431	1578	39364	1067	37253	37787	2111	1577	515	1049	335	39364	2626	39364	2141	1952	189	37412	1952	17223982	761950	703633	1822475	784	1335	3546080	37280	89322	93994	71876	96338
39295	60	0	686014	171610	160195	131469	227035	0	0	0	0	0	683568	858563	2446	4	94	2352	88	90	6	4	3	5	0	94	9	94	0	0	0	94	0	17910554	764397	703727	1861800	784	1335	3694118	875	194946	211344	159367	237956
66145	2690	2188	298094	78950	72859	58929	91119	0	0	0	0	0	255831	457468	42263	1638	41220	1042	38959	39583	2261	1637	534	1158	303	41220	2795	41220	2192	1994	198	39226	1994	18209234	806662	744947	1927981	2976	3329	3748491	39279	89941	95532	72657	96510
39358	48	0	685551	171468	160625	131255	226353	0	0	0	0	0	683069	858032	2482	1	83	2399	79	83	4	0	0	4	0	83	4	83	0	0	0	83	0	18895345	809145	745030	1967369	2976	3329	3896542	818	195137	211694	159449	237403

processed_m4545_ME21_HV0_test40_SRCoff_170716_051235_TMBCounters.txt																																													
alct0 valid pattern flag received	alct1 valid pattern flag received	raw hits readout   	Pretrigger   	Pretrigger on CFEB0	Pretrigger on CFEB1	Pretrigger on CFEB2	Pretrigger on CFEB3	Pretrigger on CFEB4	Pretrigger on CFEB5	Pretrigger on CFEB6	Pretrigger on ME1A CFEB 4-6 only	Pretrigger on ME1B CFEBs 0-3 only	Discarded, CLCT0 invalid pattern after drift	BX pretrig waiting for triads to dissipate	clct0 sent to TMB matching section	clct1 sent to TMB matching section	TMB accepted alct	TMB match reject event  	Matching found one ALCT	Matching found one CLCT	Matching found two ALCTs	Matching found two CLCTs	ALCT0 copied into ALCT1 to make 2nd LCT	CLCT0 copied into CLCT1 to make 2nd LCT	LCT1 has higher quality than LCT0 	Transmitted LCT0 to MPC	Transmitted LCT1 to MPC	MPC rejected both LCT0 and LCT1	L1A received   	L1A received, TMB in L1A window	L1A received, no TMB in window	TMB triggered, no L1A in window	TMB readouts completed	Pretrigger counter   	CLCT counter   	TMB trigger counter	ALCTs received counter	L1As received counter 	Readout counter 	Orbit counter	CLCT pre-trigger and ALCT coincidence counter	CFEB0 active flag sent to DMB for readout	CFEB1 active flag sent to DMB for readout	CFEB2 active flag sent to DMB for readout	CFEB3 active flag sent to DMB for readout
65898	2567	2153	301498	79545	73288	59287	93234	0	0	0	0	0	259247	461032	42251	1620	41164	1087	39008	39548	2156	1616	512	1052	316	41164	2668	41164	2160	1996	164	39168	1996	538851	43073	41203	80068	2160	1996	104936	35339	90612	96188	73043	98757
41681	64	0	696501	173386	162191	133337	231878	0	0	0	0	0	694097	871139	2404	4	94	2310	89	92	5	2	0	3	0	94	5	94	0	0	0	94	0	1235943	45479	41297	121777	2160	1996	252974	867	197424	213892	161548	243091
67269	2631	2252	302069	80481	72852	59286	93343	0	0	0	0	0	258599	463372	43470	1676	42340	1130	40146	40666	2194	1674	578	1098	328	42340	2772	42340	2260	2110	150	40230	2110	1538564	88950	83637	189071	324	10	307359	36323	91466	95941	72848	98793
41649	55	0	696430	173493	162029	132931	232277	0	0	0	0	0	693989	871018	2441	1	79	2362	77	78	2	1	1	2	1	79	3	79	0	0	0	79	0	2235565	91397	83716	230761	324	10	455397	802	197410	213725	161525	243447
68096	2723	2241	302491	80166	73317	59702	93296	0	0	0	0	0	258515	465437	43976	1714	42887	1088	40592	41176	2295	1711	594	1178	329	42887	2889	42887	2247	2073	174	40814	2073	2538628	135374	126603	298889	2571	2083	509774	37086	91199	96338	73484	98879
41620	49	0	699259	173521	163727	133598	232765	0	0	0	0	0	696843	875216	2416	0	83	2333	82	83	1	0	0	1	0	83	1	83	0	0	0	83	0	3238444	137791	126686	340543	2571	2083	657832	848	197672	215629	162500	243802
62984	2438	1910	296993	77895	71660	58496	92785	0	0	0	0	0	257354	449573	39639	1594	38582	1057	36535	36989	2047	1593	514	968	336	38582	2561	38582	1924	1777	147	36805	1777	3535975	177432	165268	403563	399	3860	712205	33452	88589	94457	71754	98136
41394	69	0	696055	173105	162031	132471	232693	0	0	0	0	0	693624	871000	2431	5	106	2325	101	101	5	5	2	2	1	106	7	106	0	0	0	106	0	4232629	179866	165374	444992	399	3860	860243	866	196839	213308	161246	243728
65338	2675	2094	299201	78940	72706	58837	92548	0	0	0	0	0	257484	457303	41717	1671	40608	1109	38350	38937	2258	1671	530	1117	327	40608	2788	40608	2104	1964	140	38644	1964	4532387	221583	205982	510365	2503	1728	914618	35044	89712	95253	72666	98052
41668	60	0	696874	173771	162332	132613	232497	0	0	0	0	0	694472	870765	2402	3	78	2324	75	75	3	3	1	1	2	78	4	78	0	0	0	78	0	5229811	223985	206060	552072	2503	1728	1062666	871	197678	213947	160907	243659
62658	2464	2041	297647	79095	71676	58262	92377	0	0	0	0	0	258035	450821	39612	1570	38579	1033	36502	37011	2077	1568	511	1020	327	38579	2588	38579	2051	1887	164	36692	1887	5528015	263598	244639	614766	458	3615	1117051	33058	90027	94387	71609	97794
41590	70	0	698965	173040	163445	132900	233864	0	0	0	0	0	696478	874353	2487	3	99	2388	95	97	4	2	2	4	1	99	6	99	0	0	0	99	0	6227552	266086	244738	656387	458	3615	1265081	852	196994	215428	161464	244979
62680	2360	2023	297562	78863	71913	58125	92351	0	0	0	0	0	258010	450247	39552	1543	38515	1036	36533	36972	1982	1543	513	952	344	38515	2495	38515	2032	1891	141	36624	1891	6525694	305641	283253	719091	2490	1410	1319463	33046	89895	94570	71381	97655
41577	69	0	697921	173479	162184	133277	233165	0	0	0	0	0	695503	873016	2418	2	81	2337	78	79	3	2	0	1	0	81	3	81	0	0	0	81	0	7224155	308060	283334	760718	2490	1410	1467512	848	197351	213824	161821	244301
66210	2602	2212	300652	79561	72875	59039	93043	0	0	0	0	0	257927	460581	42725	1688	41543	1182	39303	39859	2240	1684	566	1122	347	41543	2806	41543	2223	2073	150	39470	2073	7525373	350788	324877	826962	617	3483	1521895	35612	90443	95751	72692	98535
41552	68	0	696845	173361	162733	132671	232417	0	0	0	0	0	694505	872161	2340	2	81	2259	76	79	5	2	1	4	0	81	6	81	0	0	0	81	0	8222753	353129	324958	868546	617	3483	1669923	914	197317	214486	161217	243494
67639	2668	2191	300898	79508	73343	58938	93144	0	0	0	0	0	257306	462671	43592	1778	42544	1048	40282	40767	2262	1777	594	1079	352	42544	2856	42544	2202	2046	156	40498	2046	8524216	396722	367502	936214	2819	1433	1724321	36822	90606	96018	72816	98705
41092	81	0	696321	173103	161692	133211	232465	0	0	0	0	0	693926	870997	2395	1	83	2312	77	82	6	1	0	5	0	83	6	83	0	0	0	83	0	9221074	399120	367585	977336	2819	1433	1872346	863	196699	213565	161751	243612
65764	2621	2139	300308	79462	72525	59014	93113	0	0	0	0	0	258272	458244	42036	1651	40944	1092	38745	39295	2199	1649	541	1091	318	40944	2740	40944	2146	1979	167	38965	1979	9521962	441160	408531	1043121	869	3412	1926730	35237	90391	95517	72580	98522
41201	57	0	697514	173092	162611	133094	232976	0	0	0	0	0	695195	872265	2319	2	80	2239	78	79	2	1	0	1	0	80	2	80	0	0	0	80	0	10220020	443484	408611	1084364	869	3412	2074781	786	196899	214259	161681	244103
66053	2572	2163	300206	79158	72601	59020	93234	0	0	0	0	0	258065	459283	42141	1640	41078	1063	38894	39440	2184	1638	526	1072	322	41078	2710	41078	2171	2018	153	39060	2018	10520794	485628	449689	1150445	3040	1334	2129154	35466	90188	95411	72795	98665
41360	65	0	698023	173975	162393	132426	233497	0	0	0	0	0	695565	873318	2458	3	99	2359	95	98	4	1	0	3	1	99	4	99	0	0	0	99	0	11219390	488086	449788	1191830	3040	1334	2277191	819	197631	213704	160848	244528
67374	2629	2195	301616	79791	73093	59309	93356	0	0	0	0	0	258381	462832	43235	1753	42158	1077	39912	40407	2246	1751	580	1075	354	42158	2826	42158	2202	2045	157	40113	2045	11521583	531322	491946	1259237	1146	3379	2331577	36175	90852	96277	73074	98956
41102	75	0	697563	173237	162215	132788	233677	0	0	0	0	0	695164	872154	2399	2	81	2318	77	79	4	2	1	3	1	81	5	81	0	0	0	81	0	12219787	533723	492027	1300363	1146	3379	2479627	857	196864	213865	161275	244851
64977	2498	2114	300376	79239	72814	58843	93342	0	0	0	0	0	258737	458189	41639	1641	40542	1097	38439	38904	2103	1638	583	1048	338	40542	2686	40542	2124	1963	161	38579	1963	12520751	575364	532569	1365378	3270	1246	2534000	34937	90244	95436	72444	98833
41414	64	0	697213	173438	162457	132876	232850	0	0	0	0	0	694863	872669	2350	2	92	2258	89	90	3	2	1	2	1	92	4	92	0	0	0	92	0	13218564	577714	532661	1406827	3270	1246	2682026	865	197061	214486	161249	243753
15159	23	0	255799	63512	59632	48897	85318	0	0	0	0	0	254922	320334	877	1	22	855	21	21	1	1	0	0	0	22	1	22	0	0	0	22	0	13474959	578594	532684	1422017	3270	1246	2736412	300	72342	78576	59263	89400
41487	58	0	696125	173777	162448	132590	231603	0	0	0	0	0	693688	870947	2437	0	88	2349	84	88	4	0	0	4	0	88	4	88	0	0	0	88	0	14171663	581032	532772	1463533	3270	1246	2884449	877	197470	214025	161256	242712
65761	2660	2141	299936	79283	72856	59075	92678	0	0	0	0	0	257722	458332	42214	1671	41129	1085	38881	39459	2248	1670	554	1132	354	41129	2802	41129	2147	1989	158	39140	1989	14472168	623247	573901	1529329	1321	3235	2938824	35441	90250	95405	72900	98201
41409	51	0	698673	174191	162556	133464	232742	0	0	0	0	0	696220	873725	2453	0	88	2365	85	88	3	0	0	3	0	88	3	88	0	0	0	88	0	15171437	625702	573989	1570779	1321	3235	3086872	842	198151	214622	161971	243859
71308	2888	2361	306603	81375	74695	60413	94277	0	0	0	0	0	259986	476372	46617	1896	45506	1111	43054	43611	2452	1895	671	1228	405	45506	3123	45506	2366	2200	166	43306	2200	15478609	672320	619495	1642114	3687	1339	3141245	39070	92642	98186	74424	99862

processed_m4546_ME21_HV0_test40_SRCoff_170716_062044_TMBCounters.txt																																													
alct0 valid pattern flag received	alct1 valid pattern flag received	raw hits readout   	Pretrigger   	Pretrigger on CFEB0	Pretrigger on CFEB1	Pretrigger on CFEB2	Pretrigger on CFEB3	Pretrigger on CFEB4	Pretrigger on CFEB5	Pretrigger on CFEB6	Pretrigger on ME1A CFEB 4-6 only	Pretrigger on ME1B CFEBs 0-3 only	Discarded, CLCT0 invalid pattern after drift	BX pretrig waiting for triads to dissipate	clct0 sent to TMB matching section	clct1 sent to TMB matching section	TMB accepted alct	TMB match reject event  	Matching found one ALCT	Matching found one CLCT	Matching found two ALCTs	Matching found two CLCTs	ALCT0 copied into ALCT1 to make 2nd LCT	CLCT0 copied into CLCT1 to make 2nd LCT	LCT1 has higher quality than LCT0 	Transmitted LCT0 to MPC	Transmitted LCT1 to MPC	MPC rejected both LCT0 and LCT1	L1A received   	L1A received, TMB in L1A window	L1A received, no TMB in window	TMB triggered, no L1A in window	TMB readouts completed	Pretrigger counter   	CLCT counter   	TMB trigger counter	ALCTs received counter	L1As received counter 	Readout counter 	Orbit counter	CLCT pre-trigger and ALCT coincidence counter	CFEB0 active flag sent to DMB for readout	CFEB1 active flag sent to DMB for readout	CFEB2 active flag sent to DMB for readout	CFEB3 active flag sent to DMB for readout
60835	2255	2740	302281	79972	72820	58565	94562	0	0	0	0	0	264005	453535	38276	1445	37159	1117	35240	35715	1919	1444	498	973	304	37159	2417	37159	2750	2566	184	34593	2566	544246	39129	37188	75773	2750	2566	104937	29007	90867	95609	71854	99904
118971	183	0	1933197	477745	448028	367727	651559	0	0	0	0	0	1926542	2419555	6655	4	250	6405	237	246	13	4	0	9	1	250	13	250	0	0	0	250	0	2480129	45799	37438	194930	2750	2566	509378	2351	543716	590842	446422	682550
62456	2433	2911	300927	79854	72335	58665	93844	0	0	0	0	0	261169	454866	39758	1582	38611	1147	36532	37031	2079	1580	504	1003	335	38611	2583	38611	2924	2738	186	35873	2738	2781650	85558	76049	257421	1578	1208	563750	30139	90794	95087	71956	99215
119489	194	0	1936577	479958	449648	366520	652565	0	0	0	0	0	1929866	2423429	6711	10	247	6464	232	239	15	8	5	12	2	247	20	247	0	0	0	247	0	4718794	92270	76296	376942	1578	1208	968193	2453	546769	593199	445214	683328
60361	2254	2832	299562	79120	72370	57883	93905	0	0	0	0	0	261936	448775	37626	1474	36561	1065	34626	35089	1935	1472	484	947	294	36561	2419	36561	2845	2673	172	33888	2673	5018980	129897	112857	437330	327	3881	1022577	28516	89955	94826	71146	99177
119626	186	0	1937973	479887	449965	367490	652579	0	0	0	0	0	1931231	2423574	6742	5	235	6507	224	231	11	4	1	8	1	235	12	235	0	0	0	235	0	6957558	136639	113092	556999	327	3881	1427016	2321	546041	593574	446835	683591
60661	2227	2844	299180	79164	71580	58475	93671	0	0	0	0	0	261140	448968	38040	1456	36960	1080	35073	35506	1887	1454	498	931	279	36960	2385	36960	2854	2681	173	34279	2681	7257297	174680	150052	617699	3181	2466	1481389	28922	89844	94353	71889	99042
119545	167	0	1935304	479718	448222	366743	652394	0	0	0	0	0	1928569	2423234	6735	6	245	6490	237	240	8	5	0	3	2	245	8	245	0	0	0	245	0	9193187	181418	150297	737279	3181	2466	1885843	2338	545617	591573	445557	683260
57063	2102	2546	295907	78116	71035	57100	93210	0	0	0	0	0	260983	438983	34924	1376	33902	1022	32126	32528	1776	1374	462	864	303	33902	2238	33902	2559	2394	165	31508	2394	9489628	216344	184199	794380	1644	764	1940217	26558	88967	93362	70190	98553
119310	175	0	1936450	479840	449862	366189	652478	0	0	0	0	0	1929621	2423143	6829	6	274	6555	263	268	11	6	2	7	1	274	13	274	0	0	0	274	0	11426671	223175	184473	913733	1644	764	2344656	2385	546226	593497	445410	682968
59940	2252	2821	298631	79160	72009	57695	93544	0	0	0	0	0	261297	447630	37334	1514	36301	1033	34358	34788	1943	1513	490	920	325	36301	2433	36301	2835	2671	164	33630	2671	11725912	260510	220774	973713	383	3435	2399033	28300	89989	94451	71010	98752
119510	183	0	1936368	479866	449300	366981	652466	0	0	0	0	0	1929645	2422511	6723	2	228	6495	215	226	13	2	1	12	0	228	14	228	0	0	0	228	0	13662852	267235	221002	1093253	383	3435	2803481	2333	546265	592982	446302	683304
59963	2229	2769	298379	78948	71817	58050	93285	0	0	0	0	0	260918	446635	37461	1463	36450	1011	34540	34987	1910	1463	483	930	293	36450	2393	36450	2775	2601	174	33849	2601	13961842	304699	257452	1153250	3158	1940	2857854	28744	89775	94315	71421	98725
120037	186	0	1936027	479549	449889	367351	651269	0	0	0	0	0	1929296	2422619	6731	3	244	6487	235	242	9	2	1	8	0	244	10	244	0	0	0	244	0	15898443	311434	257696	1273324	3158	1940	3262294	2391	545797	593461	446435	682278
59643	2178	2768	298882	79173	71985	58123	93212	0	0	0	0	0	261665	446986	37217	1449	36155	1062	34277	34707	1878	1448	463	893	303	36155	2341	36155	2779	2609	170	33546	2609	16197869	348653	293851	1333003	1841	453	3316670	28428	89845	94801	71655	98553
118643	185	0	1936304	480266	449077	366176	652850	0	0	0	0	0	1929545	2421935	6759	7	250	6509	239	245	11	5	2	8	0	250	13	250	0	0	0	250	0	18134735	355415	294102	1451678	1841	453	3721121	2387	546752	592242	445899	683427
60041	2254	2805	299006	79127	71729	57892	93962	0	0	0	0	0	261582	447664	37424	1435	36375	1049	34460	34942	1915	1433	487	969	315	36375	2402	36375	2818	2640	178	33735	2640	18434379	392841	330477	1511755	563	3093	3775493	28531	90012	94284	71229	99260
119310	191	0	1936801	478713	449162	367540	653262	0	0	0	0	0	1930088	2423096	6713	7	236	6477	228	230	8	6	5	7	2	236	13	236	0	0	0	236	0	20371768	399556	330713	1631096	563	3093	4179947	2405	545204	592441	446698	684077
58550	2179	2663	297603	78384	71329	57860	93548	0	0	0	0	0	261602	443214	36000	1364	34951	1049	33091	33588	1860	1363	442	939	272	34951	2302	34951	2675	2514	161	32437	2514	20669961	435557	365664	1689686	3238	1511	4234318	27470	89036	93791	71077	98808
119834	176	0	1936866	479325	449896	367552	652128	0	0	0	0	0	1930148	2422612	6718	5	235	6483	221	231	14	4	1	11	0	235	15	235	0	0	0	235	0	22607420	442276	365899	1809563	3238	1511	4638761	2435	545662	593402	446661	682864
60343	2318	2782	298971	79087	71953	57884	93718	0	0	0	0	0	261355	448308	37616	1515	36543	1073	34594	35028	1949	1515	508	942	333	36543	2457	36543	2800	2627	173	33916	2627	22906989	479894	402442	1869946	1942	42	4693132	28569	89855	94369	71157	98984
119070	159	0	1935225	479303	449933	366340	651770	0	0	0	0	0	1928507	2420513	6718	4	281	6437	271	277	10	4	2	8	1	281	12	281	0	0	0	281	0	24842834	486612	402723	1989049	1942	42	5097585	2453	545743	592195	445699	682765
56619	2163	2508	296656	78385	70938	57602	93147	0	0	0	0	0	261887	438734	34769	1348	33692	1077	31841	32345	1851	1347	444	948	274	33692	2295	33692	2526	2350	176	31342	2350	25140045	521385	436415	2045701	372	2392	5151957	26430	89030	93277	70642	98466
118655	196	0	1934542	478343	448552	367881	651686	0	0	0	0	0	1927717	2422057	6825	7	241	6584	229	235	12	6	2	8	2	241	14	241	0	0	0	241	0	27075154	528215	436656	2164382	372	2392	5556411	2329	544736	591787	446971	682734
60352	2273	2788	298398	78856	71579	57849	93762	0	0	0	0	0	260520	447101	37878	1436	36793	1085	34901	35358	1892	1435	487	944	283	36793	2379	36793	2795	2619	176	34174	2619	27374130	566094	473449	2224774	3167	915	5610784	28914	89503	93991	71092	99211
119810	176	0	1937554	479597	449975	366948	653044	0	0	0	0	0	1930645	2423669	6909	16	257	6652	247	243	10	14	7	3	3	257	17	257	0	0	0	257	0	29312327	573005	473706	2344616	3167	915	6015237	2392	545904	593527	446212	684110
56607	2072	2502	296206	78430	70818	57376	93061	0	0	0	0	0	261141	439303	35065	1385	33997	1068	32248	32613	1749	1384	474	839	278	33997	2223	33997	2514	2340	174	31657	2340	29609118	608072	507703	2401253	1585	3255	6069597	26490	89151	93136	70459	98295
118941	189	0	1935785	479520	449063	366602	652712	0	0	0	0	0	1929119	2421552	6666	5	236	6430	219	232	17	4	2	15	0	236	19	236	0	0	0	236	0	31545507	614738	507939	2520227	1585	3255	6474049	2363	545660	592772	445454	683379

processed_m4547_ME21_HV0_test40_SRCoff_170716_063633_TMBCounters.txt																																													
alct0 valid pattern flag received	alct1 valid pattern flag received	raw hits readout   	Pretrigger   	Pretrigger on CFEB0	Pretrigger on CFEB1	Pretrigger on CFEB2	Pretrigger on CFEB3	Pretrigger on CFEB4	Pretrigger on CFEB5	Pretrigger on CFEB6	Pretrigger on ME1A CFEB 4-6 only	Pretrigger on ME1B CFEBs 0-3 only	Discarded, CLCT0 invalid pattern after drift	BX pretrig waiting for triads to dissipate	clct0 sent to TMB matching section	clct1 sent to TMB matching section	TMB accepted alct	TMB match reject event  	Matching found one ALCT	Matching found one CLCT	Matching found two ALCTs	Matching found two CLCTs	ALCT0 copied into ALCT1 to make 2nd LCT	CLCT0 copied into CLCT1 to make 2nd LCT	LCT1 has higher quality than LCT0 	Transmitted LCT0 to MPC	Transmitted LCT1 to MPC	MPC rejected both LCT0 and LCT1	L1A received   	L1A received, TMB in L1A window	L1A received, no TMB in window	TMB triggered, no L1A in window	TMB readouts completed	Pretrigger counter   	CLCT counter   	TMB trigger counter	ALCTs received counter	L1As received counter 	Readout counter 	Orbit counter	CLCT pre-trigger and ALCT coincidence counter	CFEB0 active flag sent to DMB for readout	CFEB1 active flag sent to DMB for readout	CFEB2 active flag sent to DMB for readout	CFEB3 active flag sent to DMB for readout
56740	1991	2416	301305	78808	72054	57800	96163	0	0	0	0	0	267204	442972	34101	1303	33079	1022	31385	31777	1694	1302	456	848	256	33079	2150	33079	2427	2289	138	30790	2289	546636	34960	33110	72540	2427	2289	104926	23271	89645	94711	71268	101417
125879	207	0	1971642	486652	456247	371615	669418	0	0	0	0	0	1964720	2467340	6922	13	255	6667	240	243	15	12	5	8	2	255	20	255	0	0	0	255	0	2518889	41883	33366	198462	2427	2289	509367	2337	554582	602103	451956	700620
59477	2259	2722	302676	79929	72734	58428	95346	0	0	0	0	0	266224	449608	36452	1489	35343	1109	33393	33856	1950	1487	463	926	309	35343	2413	35343	2734	2582	152	32761	2582	2822180	78338	68709	257980	1065	775	563751	24790	90913	95718	71849	100766
126238	210	0	1972563	485784	456108	372069	670842	0	0	0	0	0	1965732	2467934	6831	9	226	6605	215	218	11	8	5	8	2	226	16	226	0	0	0	226	0	4795351	85170	68935	384255	1065	775	968193	2396	553928	602464	452487	702072
17023	16	0	264929	65039	61228	50030	90264	0	0	0	0	0	263985	331244	944	0	33	911	32	33	1	0	0	1	0	33	1	33	0	0	0	33	0	5060878	86117	68968	401319	1065	775	1022564	340	74144	80700	60870	94455
126467	211	0	1971982	485374	456269	372752	669823	0	0	0	0	0	1964912	2466548	7070	6	258	6812	243	253	15	5	2	12	3	258	17	258	0	0	0	258	0	7033496	93189	69226	527824	1065	775	1427005	2447	553512	602610	453214	701027
57709	2153	2549	301881	79199	72171	58042	96050	0	0	0	0	0	266705	446421	35176	1352	34148	1028	32293	32798	1855	1350	431	936	276	34148	2286	34148	2561	2417	144	31731	2417	7335934	128367	103375	585576	3626	3192	1481390	23940	89985	94872	71246	101256
126476	201	0	1971602	484707	456883	371882	670536	0	0	0	0	0	1964845	2468174	6757	6	243	6514	235	237	8	6	4	6	1	243	12	243	0	0	0	243	0	9308096	135127	103618	712105	3626	3192	1885832	2445	553034	602437	452848	701984
63488	2318	2845	305804	80909	73116	59377	96245	0	0	0	0	0	266020	459898	39784	1500	38697	1087	36682	37200	2015	1497	497	1015	326	38697	2512	38697	2853	2719	134	35978	2719	9614497	174913	142315	775635	2383	1815	1940203	27179	91964	96166	73017	101737
126546	195	0	1971464	486911	456193	371525	669054	0	0	0	0	0	1964522	2468207	6942	9	266	6676	254	258	12	8	3	7	1	266	15	266	0	0	0	266	0	11586527	181858	142581	902209	2383	1815	2344657	2497	555053	602623	452260	700354
68437	2622	3193	310448	82437	74806	60505	96699	0	0	0	0	0	266361	474419	44087	1691	42977	1110	40717	41289	2260	1688	548	1120	344	42977	2808	42977	3211	3040	171	39937	3040	11897584	225948	185558	970684	1498	759	2399029	30028	93855	98599	74501	102287
125812	204	0	1971743	486501	456612	371779	669098	0	0	0	0	0	1964851	2467073	6892	6	240	6652	230	234	10	6	4	8	4	240	14	240	0	0	0	240	0	13869863	232842	185798	1096525	1498	759	2803472	2393	554723	602860	452667	700344
68511	2684	3252	310524	82686	75000	59932	97041	0	0	0	0	0	266423	475202	44101	1787	42924	1177	40606	41140	2318	1784	605	1139	383	42924	2923	42924	3275	3098	177	39826	3098	14181002	276946	228722	1165067	677	3857	2857855	30065	94069	98563	74118	102578
126406	236	0	1971916	485616	456564	371063	670648	0	0	0	0	0	1965043	2469023	6873	7	264	6609	250	258	14	6	4	12	2	264	18	264	0	0	0	264	0	16153539	283822	228986	1291503	677	3857	3262296	2379	553504	602377	451866	702011
66178	2552	3085	308149	81741	74379	59490	96604	0	0	0	0	0	266032	467323	42117	1738	40965	1152	38776	39230	2189	1735	604	1058	394	40965	2793	40965	3093	2939	154	38026	2939	16462269	325943	269951	1357720	3770	2700	3316668	28818	92908	97555	73318	102260
126287	198	0	1972249	485906	457710	372480	668225	0	0	0	0	0	1965227	2466336	7022	7	228	6794	218	222	10	6	1	5	1	228	11	228	0	0	0	228	0	18435133	332968	270179	1484038	3770	2700	3721111	2434	554132	603618	453458	699488
16912	28	0	264986	65398	60947	50150	90079	0	0	0	0	0	264074	331411	912	2	41	871	38	39	3	2	0	1	0	41	3	41	0	0	0	41	0	18700726	333881	270220	1500983	3770	2700	3775492	329	74615	80532	60880	94262
125869	188	0	1974486	485930	457902	372070	670855	0	0	0	0	0	1967638	2470274	6848	6	245	6603	235	239	10	6	3	7	1	245	13	245	0	0	0	245	0	20675799	340729	270465	1626895	3770	2700	4179934	2384	554015	604015	453252	702016
68589	2577	3249	311152	82814	75318	60073	96975	0	0	0	0	0	267197	475472	43955	1749	42883	1072	40664	41138	2219	1745	591	1065	359	42883	2810	42883	3269	3078	191	39805	3078	20987551	384685	313348	1695530	2943	1682	4234307	30139	94005	98775	74282	102474
125942	200	0	1972753	486785	457032	371781	669385	0	0	0	0	0	1965934	2469203	6819	5	257	6562	243	252	14	5	0	9	2	257	14	257	0	0	0	257	0	22960946	391507	313605	1821508	2943	1682	4638750	2459	554691	603266	453051	700748
65483	2535	2980	307586	81748	73768	59943	96160	0	0	0	0	0	266282	465098	41304	1655	40196	1108	38036	38541	2160	1655	580	1085	334	40196	2740	40196	2996	2814	182	37382	2814	23269122	432812	353801	1887032	1843	400	4693131	28215	92749	97301	73651	101668
126103	223	0	1974736	486514	457432	372581	670477	0	0	0	0	0	1967748	2470914	6988	4	264	6724	251	260	13	4	0	9	1	264	13	264	0	0	0	264	0	25244462	439801	354065	2013166	1843	400	5097574	2464	554805	603486	453372	701835
64419	2433	2967	306428	80810	74261	59085	96169	0	0	0	0	0	265837	462825	40591	1643	39553	1038	37475	37914	2078	1639	552	991	328	39553	2630	39553	2977	2819	158	36734	2819	25551497	480393	393618	2077620	724	3219	5151947	27830	92182	97313	72774	101647
125910	206	0	1975426	487279	456345	372271	671594	0	0	0	0	0	1968437	2471793	6989	6	239	6750	224	234	15	5	0	10	0	239	15	239	0	0	0	239	0	27527505	487384	393857	2203561	724	3219	5556400	2412	555291	602927	453253	702897
65760	2536	3031	307807	81793	73669	59446	96856	0	0	0	0	0	266101	466782	41706	1677	40601	1105	38423	38926	2178	1675	553	1056	347	40601	2731	40601	3048	2866	182	37735	2866	27835871	529093	434458	2269359	3772	1989	5610772	28622	92762	96717	73055	102346
126182	174	0	1972868	487154	456949	371735	669083	0	0	0	0	0	1966080	2468922	6788	7	231	6557	218	225	13	6	4	11	1	231	17	231	0	0	0	231	0	29809302	535882	434689	2395580	3772	1989	6015212	2336	555232	603224	452567	700202
66376	2545	3124	308561	81728	74692	59710	96461	0	0	0	0	0	266152	469014	42409	1687	41288	1121	39126	39602	2162	1686	570	1046	350	41288	2732	41288	3143	2974	169	38314	2974	30118417	578295	475977	2462001	2819	867	6069596	28881	93118	98245	73711	101810
126607	189	0	1975528	486147	457597	372784	671250	0	0	0	0	0	1968658	2472436	6870	5	230	6640	218	225	12	5	1	8	0	230	13	230	0	0	0	230	0	32094585	585166	476207	2588653	2819	867	6474039	2517	554915	603974	454073	702672
67742	2529	3240	310632	82595	75043	60010	96970	0	0	0	0	0	267279	473176	43353	1693	42178	1175	40032	40485	2146	1693	546	999	344	42178	2692	42178	3258	3088	170	39090	3088	32405826	628521	518385	2656429	1981	3955	6528411	29642	94086	98538	73799	102490
126342	192	0	1972255	484963	458143	370943	670476	0	0	0	0	0	1965349	2468194	6906	7	260	6646	244	254	16	6	1	11	2	260	17	260	0	0	0	260	0	34378683	635431	518645	2782820	1981	3955	6932852	2424	553168	604225	451951	701566

processed_m4548_ME21_HV0_test40_SRCoff_170716_065249_TMBCounters.txt																																													
alct0 valid pattern flag received	alct1 valid pattern flag received	raw hits readout   	Pretrigger   	Pretrigger on CFEB0	Pretrigger on CFEB1	Pretrigger on CFEB2	Pretrigger on CFEB3	Pretrigger on CFEB4	Pretrigger on CFEB5	Pretrigger on CFEB6	Pretrigger on ME1A CFEB 4-6 only	Pretrigger on ME1B CFEBs 0-3 only	Discarded, CLCT0 invalid pattern after drift	BX pretrig waiting for triads to dissipate	clct0 sent to TMB matching section	clct1 sent to TMB matching section	TMB accepted alct	TMB match reject event  	Matching found one ALCT	Matching found one CLCT	Matching found two ALCTs	Matching found two CLCTs	ALCT0 copied into ALCT1 to make 2nd LCT	CLCT0 copied into CLCT1 to make 2nd LCT	LCT1 has higher quality than LCT0 	Transmitted LCT0 to MPC	Transmitted LCT1 to MPC	MPC rejected both LCT0 and LCT1	L1A received   	L1A received, TMB in L1A window	L1A received, no TMB in window	TMB triggered, no L1A in window	TMB readouts completed	Pretrigger counter   	CLCT counter   	TMB trigger counter	ALCTs received counter	L1As received counter 	Readout counter 	Orbit counter	CLCT pre-trigger and ALCT coincidence counter	CFEB0 active flag sent to DMB for readout	CFEB1 active flag sent to DMB for readout	CFEB2 active flag sent to DMB for readout	CFEB3 active flag sent to DMB for readout
71470	2736	3263	335028	88176	80799	63920	106592	0	0	0	0	0	291085	503411	43943	1764	42785	1158	40429	41021	2356	1764	585	1177	365	42785	2941	42785	3273	3133	140	39652	3133	604097	44890	42821	90637	3273	3133	104948	17948	100668	106434	79139	112548
153164	234	0	2146798	522108	498546	398312	741725	0	0	0	0	0	2139176	2687897	7622	10	265	7357	253	255	12	10	4	6	4	265	16	265	0	0	0	265	0	2751581	52514	43086	243850	3273	3133	509390	2701	598805	658487	488253	775975
73239	2762	3342	334972	87803	80875	64043	106732	0	0	0	0	0	289792	506420	45180	1847	44005	1175	41652	42160	2353	1845	594	1102	389	44005	2947	44005	3357	3222	135	40783	3222	3087224	97696	87091	317138	2534	2259	563774	18733	100485	106293	79275	112715
153230	265	0	2149000	522752	499174	399301	741741	0	0	0	0	0	2141422	2690509	7578	6	259	7319	249	254	10	5	2	7	2	259	12	259	0	0	0	259	0	5236844	105275	87350	470422	2534	2259	968216	2636	599868	659794	489409	776249
71242	2651	3132	333711	87126	80423	63994	106529	0	0	0	0	0	289877	502325	43834	1772	42613	1221	40352	40841	2261	1772	577	1066	351	42613	2838	42613	3146	2987	159	39626	2987	5571206	149115	129963	541727	1584	1150	1022599	18032	99681	105917	78868	112563
153319	270	0	2149757	521963	498223	400513	742970	0	0	0	0	0	2142279	2691463	7478	10	263	7215	248	254	15	9	4	10	2	263	19	263	0	0	0	263	0	7721628	156594	130226	695085	1584	1150	1427029	2721	598911	659188	490574	777477
71339	2669	3239	333432	87169	80321	63803	106523	0	0	0	0	0	289511	501805	43921	1785	42655	1266	40364	40873	2291	1782	605	1114	354	42655	2896	42655	3256	3122	134	39533	3122	8055715	200519	172881	766475	744	176	1481425	18301	99697	105799	78821	112575
153852	245	0	2146790	521376	499164	398919	741243	0	0	0	0	0	2139311	2688303	7479	6	232	7247	222	228	10	4	1	7	1	232	11	232	0	0	0	232	0	10203137	207999	173113	920369	744	176	1885843	2781	598443	658816	488433	775518
71084	2617	3170	332294	86937	80090	63479	106124	0	0	0	0	0	288676	499820	43618	1766	42436	1181	40173	40671	2263	1765	612	1110	386	42436	2875	42436	3192	3044	148	39392	3044	10536080	251621	215549	991496	3936	3220	1940227	18167	99505	105291	78556	112140
154088	260	0	2147623	521427	497767	399003	743189	0	0	0	0	0	2140091	2689696	7532	7	262	7270	247	257	15	5	3	13	0	262	18	262	0	0	0	262	0	12684387	259155	215811	1145623	3936	3220	2344679	2646	598283	658641	489741	777531
70225	2673	3022	332655	87093	79775	63970	106115	0	0	0	0	0	289782	499333	42873	1830	41690	1183	39394	39861	2296	1829	627	1094	401	41690	2923	41690	3038	2878	160	38812	2878	13017702	302030	257501	1215905	2878	2002	2399041	17785	99680	105235	78957	112064
153493	286	0	2148424	522953	497614	400106	741461	0	0	0	0	0	2140917	2691469	7507	7	264	7243	249	258	15	6	1	10	1	264	16	264	0	0	0	264	0	15166779	309539	257765	1369428	2878	2002	2803494	2648	599823	658519	489851	775798
69978	2593	3212	332554	86741	80129	63374	106599	0	0	0	0	0	289711	498753	42843	1662	41604	1239	39354	39942	2250	1662	533	1121	361	41604	2783	41604	3231	3098	133	38506	3098	15499955	352382	299369	1439456	2013	1004	2857866	17758	99322	105464	78511	112533
153057	239	0	2149305	523390	498786	398252	742682	0	0	0	0	0	2141792	2690613	7513	5	233	7280	223	228	10	5	2	7	1	233	12	233	0	0	0	233	0	17649915	359895	299602	1592565	2013	1004	3262318	2702	600539	659205	488694	776868
71656	2650	3246	334178	87184	80925	63656	106797	0	0	0	0	0	289791	503200	44387	1720	43136	1251	40848	41418	2288	1718	547	1117	357	43136	2835	43136	3261	3105	156	40031	3105	17984725	404284	342738	1664270	1178	13	3316691	18421	99792	106392	78728	112766
154157	251	0	2149171	523290	497856	399268	742628	0	0	0	0	0	2141564	2690646	7607	8	265	7342	248	257	17	8	0	9	4	265	17	265	0	0	0	265	0	20134572	411893	343003	1818471	1178	13	3721133	2564	600316	659097	489672	777158
70282	2606	3058	333656	86895	80156	63846	107062	0	0	0	0	0	290770	500102	42886	1663	41657	1229	39428	39996	2229	1661	537	1105	367	41657	2766	41657	3074	2943	131	38714	2943	20468827	454779	384660	1888811	156	2956	3775516	17891	99450	105531	79120	112968
153248	251	0	2144285	521781	497857	399273	739056	0	0	0	0	0	2136741	2684344	7544	11	265	7279	251	254	14	11	1	4	4	265	15	265	0	0	0	265	0	22613760	462325	384925	2042098	156	2956	4179957	2725	598572	658574	488986	773584
70384	2578	3167	332470	87211	79647	63477	106406	0	0	0	0	0	289635	498433	42835	1740	41606	1229	39415	39868	2191	1738	574	1027	357	41606	2765	41606	3186	3028	158	38578	3028	22946872	505162	426531	2112530	3342	1888	4234331	17803	99732	105213	78474	112438
153617	262	0	2146034	521831	498024	399026	740864	0	0	0	0	0	2138351	2687687	7683	7	252	7431	237	246	15	6	1	10	3	252	16	252	0	0	0	252	0	25093517	512846	426783	2266187	3342	1888	4638772	2658	598559	659089	489340	775204
68573	2518	3076	331312	86549	79780	62951	106208	0	0	0	0	0	290066	493512	41246	1641	40040	1206	37866	38400	2174	1640	543	1077	351	40040	2717	40040	3090	2948	142	37092	2948	25425471	554094	466823	2334799	2336	740	4693144	16949	98833	105060	78122	112094
154163	257	0	2148162	522284	499691	398833	741103	0	0	0	0	0	2140735	2691045	7427	6	265	7162	255	261	10	4	2	8	2	265	12	265	0	0	0	265	0	27574270	561521	467088	2489017	2336	740	5097596	2682	599632	659904	489689	775538
67685	2390	2934	329118	85775	79341	63033	105157	0	0	0	0	0	288281	490397	40837	1598	39592	1244	37552	37995	2040	1597	511	954	354	39592	2551	39592	2942	2810	132	36782	2810	27904011	602363	506680	2556763	1182	3550	5151968	17106	98202	104258	77935	111091
153853	252	0	2148303	523952	498544	399364	740189	0	0	0	0	0	2140776	2689892	7527	4	225	7302	217	221	8	4	3	7	2	225	11	225	0	0	0	225	0	30052940	609897	506905	2710663	1182	3550	5556410	2716	601034	658844	489603	774441

processed_m4549_ME21_HV0_test40_SRCoff_170716_070412_TMBCounters.txt																																													
alct0 valid pattern flag received	alct1 valid pattern flag received	raw hits readout   	Pretrigger   	Pretrigger on CFEB0	Pretrigger on CFEB1	Pretrigger on CFEB2	Pretrigger on CFEB3	Pretrigger on CFEB4	Pretrigger on CFEB5	Pretrigger on CFEB6	Pretrigger on ME1A CFEB 4-6 only	Pretrigger on ME1B CFEBs 0-3 only	Discarded, CLCT0 invalid pattern after drift	BX pretrig waiting for triads to dissipate	clct0 sent to TMB matching section	clct1 sent to TMB matching section	TMB accepted alct	TMB match reject event  	Matching found one ALCT	Matching found one CLCT	Matching found two ALCTs	Matching found two CLCTs	ALCT0 copied into ALCT1 to make 2nd LCT	CLCT0 copied into CLCT1 to make 2nd LCT	LCT1 has higher quality than LCT0 	Transmitted LCT0 to MPC	Transmitted LCT1 to MPC	MPC rejected both LCT0 and LCT1	L1A received   	L1A received, TMB in L1A window	L1A received, no TMB in window	TMB triggered, no L1A in window	TMB readouts completed	Pretrigger counter   	CLCT counter   	TMB trigger counter	ALCTs received counter	L1As received counter 	Readout counter 	Orbit counter	CLCT pre-trigger and ALCT coincidence counter	CFEB0 active flag sent to DMB for readout	CFEB1 active flag sent to DMB for readout	CFEB2 active flag sent to DMB for readout	CFEB3 active flag sent to DMB for readout
74997	2737	3097	367012	94239	88669	70155	118647	0	0	0	0	0	323773	542628	43239	1769	41862	1377	39524	40093	2338	1769	570	1139	367	41862	2908	41862	3115	2953	162	38909	2953	664692	44343	41902	97905	3115	2953	104937	15383	108400	116811	87192	125574
182122	312	0	2388812	572338	558363	444845	829419	0	0	0	0	0	2380161	2994359	8651	9	261	8390	250	252	11	9	4	6	4	261	15	261	0	0	0	261	0	3055221	53002	42163	280171	3115	2953	509380	3035	662078	738792	548575	869558
72990	2551	3071	364474	93415	88329	69079	118213	0	0	0	0	0	322660	536502	41814	1650	40496	1318	38352	38846	2144	1650	555	1049	361	40496	2699	40496	3087	2922	165	37574	2922	3420385	94820	82659	353215	2106	1779	563752	14915	107587	116364	85990	125047
182433	332	0	2389881	572911	560569	442665	829877	0	0	0	0	0	2381321	2995513	8560	6	261	8299	249	256	12	5	1	8	2	261	13	261	0	0	0	261	0	5811008	103381	82920	535709	2106	1779	968193	3085	663666	742495	545821	869761
73670	2573	3105	365295	93676	88539	69442	118306	0	0	0	0	0	322831	538644	42464	1638	41179	1285	38975	39541	2204	1638	523	1089	346	41179	2727	41179	3119	2962	157	38217	2962	6176966	145847	124099	609436	1129	645	1022576	15235	107752	116646	86484	125088
180868	314	0	2390696	574220	559958	442393	830557	0	0	0	0	0	2382069	2996999	8627	7	293	8334	283	286	10	7	3	6	1	293	13	293	0	0	0	293	0	8568420	154478	124392	790358	1129	645	1427019	3012	664197	741054	546077	870490
75381	2621	3146	365880	94099	88364	69626	118593	0	0	0	0	0	322242	541572	43638	1724	42299	1339	40070	40576	2229	1723	582	1088	318	42299	2811	42299	3157	2981	176	39318	2981	8935016	198118	166692	865802	190	3626	1481391	15782	108275	116527	86639	125353
182726	323	0	2387371	571084	558719	443420	830221	0	0	0	0	0	2378678	2992928	8693	2	249	8444	237	247	12	2	1	11	0	249	13	249	0	0	0	249	0	11323111	206812	166941	1048592	190	3626	1885831	3134	660616	739629	546606	870070
72878	2559	3139	364317	93454	88327	68825	118293	0	0	0	0	0	322344	536571	41973	1658	40654	1319	38486	38997	2168	1657	575	1086	362	40654	2743	40654	3154	2996	158	37658	2996	11688139	248791	207595	1121520	3344	2526	1940217	14967	107845	116347	85877	124889
181855	321	0	2388845	572752	557554	444044	830678	0	0	0	0	0	2380241	2993939	8604	2	276	8328	265	274	11	2	0	9	0	276	11	276	0	0	0	276	0	14077673	257397	207871	1303429	3344	2526	2344659	3097	662100	738668	547125	870756
73066	2576	3018	363732	93495	87446	69168	118229	0	0	0	0	0	321688	535402	42044	1685	40730	1314	38564	39045	2166	1685	610	1091	378	40730	2776	40730	3034	2886	148	37844	2886	14442122	299444	248601	1376543	2282	1316	2399030	14912	107584	115547	85878	124910
181885	345	0	2390343	572585	558123	444714	830941	0	0	0	0	0	2381822	2996369	8521	2	227	8294	219	225	8	2	2	8	0	227	10	227	0	0	0	227	0	16833162	307966	248828	1558475	2282	1316	2803482	3035	662198	738805	548658	871529
73173	2601	3048	363362	92648	88522	68856	117935	0	0	0	0	0	320926	536263	42436	1656	41132	1304	38903	39478	2229	1654	546	1121	294	41132	2775	41132	3056	2896	160	38236	2896	17197259	350408	289960	1631701	1242	116	2857854	15320	106956	116250	85702	124636
182113	343	0	2389361	573085	558276	444147	829908	0	0	0	0	0	2380798	2994965	8563	14	261	8302	250	248	11	13	7	5	3	261	18	261	0	0	0	261	0	19587304	358974	290221	1813868	1242	116	3262297	3063	662404	739729	547881	869737
69536	2449	2835	360765	91876	86884	68664	117832	0	0	0	0	0	321492	526590	39273	1571	37983	1290	35932	36412	2051	1571	505	985	304	37983	2556	37983	2849	2683	166	35300	2683	19948810	398250	328204	1883458	4091	2799	3316680	14039	105922	114510	85367	124443
66722	111	0	874853	209802	204638	161667	304695	0	0	0	0	0	871656	1097136	3197	2	100	3097	95	99	5	1	0	4	0	100	5	100	0	0	0	100	0	20824382	401452	328304	1950222	4091	2799	3464720	1126	242834	271262	199556	319394
71319	2455	2867	362589	92414	87775	69081	117820	0	0	0	0	0	322153	531237	40436	1626	39120	1316	37059	37496	2061	1624	552	989	341	39120	2613	39120	2883	2736	147	36384	2736	21187633	441890	367424	2021586	2878	1439	3519093	14559	106295	115393	85964	124634
66622	125	0	873581	209373	205020	162517	302542	0	0	0	0	0	870448	1094654	3133	3	86	3047	84	83	2	3	1	0	2	86	3	86	0	0	0	86	0	22061953	445027	367510	2088273	2878	1439	3667142	1158	241855	271322	200460	317124
64598	2151	2516	356118	90767	85806	67379	116317	0	0	0	0	0	321187	512852	34931	1359	33601	1330	31761	32243	1840	1358	452	934	269	33601	2292	33601	2526	2406	120	31195	2406	22418789	479963	401111	2152938	1308	3845	3721515	12420	104667	113135	83662	122617
67115	133	0	875871	210121	204841	162787	304005	0	0	0	0	0	872726	1097809	3145	2	92	3053	89	91	3	1	0	2	0	92	3	92	0	0	0	92	0	23295387	483110	401203	2220108	1308	3845	3869555	1158	243110	271413	201033	318544
24367	43	0	320691	76862	74802	59649	111534	0	0	0	0	0	319567	401964	1124	1	34	1090	33	33	1	1	1	1	0	34	2	34	0	0	0	34	0	23616825	484237	401238	2244530	1308	3845	3923936	393	88826	99301	73512	116854
66628	134	0	875562	209731	204359	162547	304733	0	0	0	0	0	872509	1097482	3053	5	91	2962	87	86	4	5	3	2	2	91	7	91	0	0	0	91	0	24493228	487293	401329	2311218	1308	3845	4071976	1154	242711	270682	200644	319326
24614	43	0	321222	76772	75330	59596	111683	0	0	0	0	0	320055	402403	1167	2	42	1125	41	40	1	2	2	1	0	42	3	42	0	0	0	42	0	24815186	488462	401371	2335876	1308	3845	4126359	417	88895	99748	73592	116996
66151	99	0	873488	209357	203601	162130	304207	0	0	0	0	0	870463	1094352	3025	1	108	2917	105	107	3	1	1	3	0	108	4	108	0	0	0	108	0	25689389	491491	401479	2402077	1308	3845	4274399	1131	241904	269271	200261	318926
24314	40	0	320597	77247	74802	59604	111104	0	0	0	0	0	319448	401598	1149	1	28	1121	28	27	0	1	1	0	1	28	1	28	0	0	0	28	0	26010729	492644	401507	2426451	1308	3845	4328785	406	89192	99023	73456	116502
67006	124	0	874626	209866	205207	162533	302971	0	0	0	0	0	871425	1096297	3201	2	116	3085	108	114	8	2	0	6	0	116	8	116	0	0	0	116	0	26886087	495848	401624	2493523	1308	3845	4476821	1184	242933	271873	200754	317657
24845	42	0	320537	77162	74871	59771	110914	0	0	0	0	0	319371	401812	1166	1	31	1135	31	31	0	0	0	0	0	31	0	31	0	0	0	31	0	27207364	497015	401655	2518416	1308	3845	4531196	424	89101	99234	73499	116342
66757	132	0	875106	209515	205094	162034	304410	0	0	0	0	0	871838	1097079	3268	3	97	3171	92	95	5	2	1	4	0	97	6	97	0	0	0	97	0	28083227	500288	401753	2585242	1308	3845	4679244	1071	242425	271415	199779	318967
66079	2183	2599	357964	90589	86401	67979	117107	0	0	0	0	0	321862	517245	36102	1422	34769	1333	32905	33347	1864	1422	437	879	325	34769	2301	34769	2609	2479	130	32290	2479	28441925	536395	436522	2651364	3917	2228	4733617	12894	104607	113714	84472	123681
66752	128	0	874089	209939	205035	162054	302933	0	0	0	0	0	871023	1095563	3066	0	98	2968	96	98	2	0	0	2	0	98	2	98	0	0	0	98	0	29316684	539465	436621	2718171	3917	2228	4881668	1096	242808	271376	199937	317675
85295	3139	3713	374629	97819	91102	71624	119404	0	0	0	0	0	322508	568896	52121	2076	50793	1328	48100	48719	2693	2074	691	1310	409	50793	3384	50793	3729	3512	217	47281	3512	29692003	591587	487414	2803507	3550	1644	4936043	18591	112551	120006	88992	126427
66418	132	0	874260	209630	203826	162831	303804	0	0	0	0	0	871169	1096607	3091	4	94	2997	88	90	6	4	0	2	1	94	6	94	0	0	0	94	0	30566979	594682	487509	2869989	3550	1644	5084090	1108	242275	269998	200507	318619
86744	3294	3962	376173	98576	91371	71568	119924	0	0	0	0	0	322569	574249	53604	2213	52263	1341	49445	50056	2818	2207	761	1372	442	52263	3579	52263	3979	3770	209	48493	3770	30943859	648288	539772	2956807	3433	1318	5138463	19192	113422	120665	89121	126957

processed_m4550_ME21_HV0_test40_SRCoff_170716_071620_TMBCounters.txt																																													
alct0 valid pattern flag received	alct1 valid pattern flag received	raw hits readout   	Pretrigger   	Pretrigger on CFEB0	Pretrigger on CFEB1	Pretrigger on CFEB2	Pretrigger on CFEB3	Pretrigger on CFEB4	Pretrigger on CFEB5	Pretrigger on CFEB6	Pretrigger on ME1A CFEB 4-6 only	Pretrigger on ME1B CFEBs 0-3 only	Discarded, CLCT0 invalid pattern after drift	BX pretrig waiting for triads to dissipate	clct0 sent to TMB matching section	clct1 sent to TMB matching section	TMB accepted alct	TMB match reject event  	Matching found one ALCT	Matching found one CLCT	Matching found two ALCTs	Matching found two CLCTs	ALCT0 copied into ALCT1 to make 2nd LCT	CLCT0 copied into CLCT1 to make 2nd LCT	LCT1 has higher quality than LCT0 	Transmitted LCT0 to MPC	Transmitted LCT1 to MPC	MPC rejected both LCT0 and LCT1	L1A received   	L1A received, TMB in L1A window	L1A received, no TMB in window	TMB triggered, no L1A in window	TMB readouts completed	Pretrigger counter   	CLCT counter   	TMB trigger counter	ALCTs received counter	L1As received counter 	Readout counter 	Orbit counter	CLCT pre-trigger and ALCT coincidence counter	CFEB0 active flag sent to DMB for readout	CFEB1 active flag sent to DMB for readout	CFEB2 active flag sent to DMB for readout	CFEB3 active flag sent to DMB for readout
88428	2978	3522	439197	110641	107749	84903	141665	0	0	0	0	0	390445	643757	48752	1908	47061	1691	44564	45154	2497	1907	653	1243	372	47061	3150	47061	3537	3333	204	43728	3333	798212	50136	47102	117987	3537	3333	104925	12148	128304	142078	106266	150550
85998	159	0	1054760	248578	251848	199129	362811	0	0	0	0	0	1050771	1325243	3989	0	108	3881	105	108	3	0	0	3	0	108	3	108	0	0	0	108	0	1855440	54137	47210	204212	3537	3333	252965	1421	290207	333032	247700	382581
84684	2853	3291	434499	109254	106417	83996	140346	0	0	0	0	0	388941	631302	45558	1829	43905	1653	41518	42077	2387	1828	623	1182	360	43905	3010	43905	3306	3112	194	40793	3112	2290785	99700	91115	288959	2747	2349	307348	11376	126958	140389	105066	149002
86499	176	0	1055050	248241	251564	198970	363929	0	0	0	0	0	1050926	1325317	4124	2	105	4019	97	104	8	1	0	7	0	105	8	105	0	0	0	105	0	3346746	103830	91220	375526	2747	2349	455390	1414	289616	333027	247926	383584
84760	2925	3249	434073	109237	105946	83727	140654	0	0	0	0	0	388731	631482	45342	1813	43641	1701	41183	41831	2458	1810	618	1266	356	43641	3076	43641	3268	3080	188	40561	3080	3781715	149174	134861	460343	1919	1333	509764	11376	126760	139521	104654	149321
87050	159	0	1056946	248476	251628	198935	365487	0	0	0	0	0	1052974	1328968	3972	3	95	3877	91	92	4	3	2	3	1	95	6	95	0	0	0	95	0	4839522	153150	134956	547482	1919	1333	657813	1394	290292	333565	247731	385100
85216	2862	3323	435627	109341	106433	84389	141089	0	0	0	0	0	389842	633896	45785	1781	44092	1693	41721	42313	2371	1779	567	1159	379	44092	2938	44092	3340	3134	206	40958	3134	5276008	198940	179049	632776	1163	371	712183	11517	127121	140567	105581	149895
86999	171	0	1055861	247805	251094	200220	364452	0	0	0	0	0	1051792	1327617	4069	5	95	3974	89	90	6	5	3	4	1	95	9	95	0	0	0	95	0	6332777	203013	179144	719859	1163	371	860233	1369	289520	332314	248683	384036
82930	2781	3102	431711	108721	105764	83322	139376	0	0	0	0	0	387456	625582	44255	1784	42662	1593	40321	40880	2341	1782	560	1119	372	42662	2901	42662	3120	2954	166	39708	2954	6765358	247269	221806	802857	187	3325	914609	11029	126309	139655	104033	148094
87248	193	0	1056919	248519	252161	200208	363622	0	0	0	0	0	1052917	1327449	4002	1	97	3905	90	96	7	1	0	6	0	97	7	97	0	0	0	97	0	7823100	251274	221903	890172	187	3325	1062657	1425	290135	333554	248908	383510
81063	2629	3104	431408	108165	105373	83237	140078	0	0	0	0	0	388698	621931	42710	1652	41045	1665	38829	39395	2216	1650	504	1070	357	41045	2720	41045	3120	2937	183	38108	2937	8255338	293987	262948	971290	3307	2166	1117030	10787	125655	139235	104086	148753
86949	146	0	1054748	248112	252084	198974	363175	0	0	0	0	0	1050759	1325227	3989	0	91	3898	89	91	2	0	0	2	0	91	2	91	0	0	0	91	0	9310954	297982	263039	1058312	3307	2166	1265080	1449	289726	333352	248063	383069
81501	2653	3054	432149	107982	106001	83339	140199	0	0	0	0	0	389476	622976	42673	1656	41052	1621	38828	39397	2224	1655	552	1121	343	41052	2776	41052	3073	2880	193	38172	2880	9744025	340657	304091	1139882	2284	950	1319453	10803	125559	139780	104146	148709
86493	181	0	1055933	249330	251433	199950	362829	0	0	0	0	0	1051887	1326445	4046	1	92	3954	85	91	7	1	0	6	1	92	7	92	0	0	0	92	0	10800828	344705	304183	1226439	2284	950	1467492	1322	291212	333149	248387	382804
85105	2787	3349	433612	108863	106122	83737	140409	0	0	0	0	0	387696	631212	45916	1740	44266	1650	41953	42526	2313	1740	585	1158	349	44266	2898	44266	3359	3178	181	41088	3178	11235303	390623	348449	1311597	1547	32	1521865	11496	126379	139932	104658	149034
86129	185	0	1056827	249037	250601	200060	364921	0	0	0	0	0	1052829	1329026	3998	6	100	3898	89	95	11	5	2	8	1	100	13	100	0	0	0	100	0	12293034	394624	348549	1397797	1547	32	1669915	1428	290650	332807	248381	384801
80741	2736	2949	431025	107909	105592	82516	140368	0	0	0	0	0	388728	621240	42297	1724	40684	1613	38397	38963	2287	1721	539	1105	350	40684	2826	40684	2966	2773	193	37911	2773	12724964	436928	389234	1478604	417	2805	1724288	10708	125370	139326	103267	148869
86582	165	0	1058329	249514	251412	199436	365559	0	0	0	0	0	1054337	1329359	3992	1	89	3903	87	88	2	1	0	1	1	89	2	89	0	0	0	89	0	13784148	440923	389323	1565256	417	2805	1872348	1410	291037	332398	247746	385197
85320	2880	3388	436005	109584	107026	83603	141389	0	0	0	0	0	389853	634756	46152	1831	44450	1702	42048	42621	2402	1829	603	1176	400	44450	3005	44450	3406	3207	199	41243	3207	14221018	487077	433773	1650646	3823	1916	1926710	11701	127324	140892	104706	149945
86941	178	0	1056692	248857	252135	199729	363678	0	0	0	0	0	1052640	1327946	4052	5	115	3937	106	111	9	4	2	7	1	115	11	115	0	0	0	115	0	15278619	491129	433888	1737646	3823	1916	2074761	1375	291034	333757	248352	383493
81891	2674	3055	430408	107846	105174	82806	139956	0	0	0	0	0	387051	622237	43357	1674	41670	1687	39439	39997	2231	1673	558	1116	352	41670	2789	41670	3072	2896	176	38774	2896	15709889	534491	475558	1819621	2799	716	2129134	10899	125170	138954	103853	148411
85759	136	0	1055420	248499	251428	199769	363556	0	0	0	0	0	1051270	1325770	4150	5	112	4038	108	107	4	5	2	1	2	112	6	112	0	0	0	112	0	16766136	538643	475670	1905447	2799	716	2277196	1397	290042	332801	248431	383399
80419	2548	3023	431402	107459	105605	83019	140625	0	0	0	0	0	389053	621304	42349	1679	40648	1701	38482	38970	2166	1678	545	1033	361	40648	2711	40648	3039	2883	156	37765	2883	17198411	580994	516318	1985934	1742	3599	2331565	10638	124865	139165	103862	149304
86299	195	0	1057202	248223	252097	199992	364603	0	0	0	0	0	1053159	1328448	4043	1	116	3927	115	115	1	1	1	1	0	116	2	116	0	0	0	116	0	18256512	585041	516434	2072292	1742	3599	2479593	1424	289923	333622	248838	384485

