processed_m4464_ME11_HV0_test40_SRCoff_170714_121522_TMBCounters.txt																																													
alct0 valid pattern flag received	alct1 valid pattern flag received	raw hits readout   	Pretrigger   	Pretrigger on CFEB0	Pretrigger on CFEB1	Pretrigger on CFEB2	Pretrigger on CFEB3	Pretrigger on CFEB4	Pretrigger on CFEB5	Pretrigger on CFEB6	Pretrigger on ME1A CFEB 4-6 only	Pretrigger on ME1B CFEBs 0-3 only	Discarded, CLCT0 invalid pattern after drift	BX pretrig waiting for triads to dissipate	clct0 sent to TMB matching section	clct1 sent to TMB matching section	TMB accepted alct	TMB match reject event  	Matching found one ALCT	Matching found one CLCT	Matching found two ALCTs	Matching found two CLCTs	ALCT0 copied into ALCT1 to make 2nd LCT	CLCT0 copied into CLCT1 to make 2nd LCT	LCT1 has higher quality than LCT0 	Transmitted LCT0 to MPC	Transmitted LCT1 to MPC	MPC rejected both LCT0 and LCT1	L1A received   	L1A received, TMB in L1A window	L1A received, no TMB in window	TMB triggered, no L1A in window	TMB readouts completed	Pretrigger counter   	CLCT counter   	TMB trigger counter	ALCTs received counter	L1As received counter 	Readout counter 	Orbit counter	CLCT pre-trigger and ALCT coincidence counter	CFEB0 active flag sent to DMB for readout	CFEB1 active flag sent to DMB for readout	CFEB2 active flag sent to DMB for readout	CFEB3 active flag sent to DMB for readout
53863	802	1794	150983	44136	45929	55299	0	2821	2578	2461	7756	143209	133857	220869	17126	455	16732	394	16098	16277	634	455	160	339	88	16732	794	16732	1796	1765	31	14967	1765	275648	17444	16740	83627	1796	1765	104801	0	0	0	0	0
237164	255	0	989619	277156	299799	368186	0	20142	17058	16552	53302	936274	987010	1231249	2609	1	81	2528	79	80	2	1	0	1	0	81	2	81	0	0	0	81	0	1265833	20054	16822	320959	1796	1765	509241	0	0	0	0	0
53836	822	1814	150446	43640	46250	54990	0	2878	2451	2503	7736	142691	133341	219964	17105	475	16723	382	16072	16249	651	474	173	350	93	16723	824	16723	1820	1796	24	14927	1796	1416872	37159	33545	374926	3616	3561	563616	0	0	0	0	0
238106	289	0	990182	276924	299815	368550	0	20155	17155	16781	53622	936516	987578	1232392	2604	0	82	2522	80	82	2	0	0	2	0	82	2	82	0	0	0	82	0	2407662	39765	33627	613161	3616	3561	968067	0	0	0	0	0
53752	750	1796	150033	43884	45971	54595	0	2827	2583	2401	7701	142316	132888	219911	17145	407	16750	395	16167	16343	583	407	136	312	77	16750	719	16750	1805	1777	28	14973	1777	2558320	56913	50377	667069	1325	1242	1022440	0	0	0	0	0
238168	276	0	990171	276470	299420	369693	0	20181	17238	16639	53638	936493	987629	1232153	2542	1	66	2476	62	65	4	1	0	3	0	66	4	66	0	0	0	66	0	3549126	59456	50443	905378	1325	1242	1426882	0	0	0	0	0
54831	742	1924	151459	44023	46737	55081	0	2902	2521	2481	7796	143641	133411	223156	18048	409	17670	378	17075	17261	595	409	150	336	74	17670	745	17670	1928	1896	32	15774	1896	3701188	77508	68113	960337	3253	3138	1481256	0	0	0	0	0
238381	287	0	991321	277164	300356	368895	0	20157	17239	16840	53789	937505	988652	1233505	2669	2	79	2590	76	77	3	2	1	2	1	79	4	79	0	0	0	79	0	4693066	80178	68192	1198847	3253	3138	1885707	0	0	0	0	0
53321	743	1752	150134	43698	46149	54488	0	2877	2558	2530	7864	142255	133273	219707	16861	410	16473	388	15879	16063	594	410	152	336	80	16473	746	16473	1753	1722	31	14751	1722	4843827	97042	84665	1252295	910	764	1940079	0	0	0	0	0
238282	301	0	990221	276598	300197	368432	0	20268	17292	16869	54001	936187	987630	1232350	2591	0	86	2505	86	86	0	0	0	0	0	86	0	86	0	0	0	86	0	5834619	99634	84751	1490736	910	764	2344521	0	0	0	0	0
52689	732	1755	149860	43536	46114	54654	0	2904	2448	2415	7678	142169	133329	218519	16531	417	16149	382	15591	15732	558	417	159	300	76	16149	717	16149	1759	1724	35	14425	1724	5985106	116165	100900	1543557	2669	2488	2398905	0	0	0	0	0
238922	270	0	990031	276698	299886	368939	0	20150	17131	16557	53404	936583	987478	1232527	2553	0	85	2468	84	85	1	0	0	1	0	85	1	85	0	0	0	85	0	6975743	118718	100985	1782636	2669	2488	2803346	0	0	0	0	0
53637	726	1809	149719	43164	45922	54928	0	2947	2519	2426	7789	141916	132830	219140	16889	389	16533	356	15947	16144	586	389	130	327	76	16533	716	16533	1810	1781	29	14752	1781	7126070	135610	117518	1836415	383	173	2857718	0	0	0	0	0
238007	312	0	990328	277258	299799	368415	0	20363	17258	16563	53715	936579	987779	1233108	2549	0	72	2477	71	72	1	0	0	1	0	72	1	72	0	0	0	72	0	8116966	138160	117590	2074578	383	173	3262172	0	0	0	0	0
54068	750	1876	150871	43848	46529	54923	0	2883	2509	2425	7738	143122	133416	221851	17455	417	17122	333	16541	16705	581	417	161	325	81	17122	742	17122	1887	1841	46	15281	1841	8268449	155617	134712	2128799	2270	2014	3316544	0	0	0	0	0
239064	308	0	991751	277349	300547	368900	0	20233	17208	16793	53795	937921	989224	1234867	2527	4	101	2426	98	97	3	4	2	1	1	101	5	101	0	0	0	101	0	9260807	158146	134813	2367998	2270	2014	3720986	0	0	0	0	0
52018	733	1727	148941	43412	45631	54190	0	2936	2486	2448	7769	141153	132949	216023	15992	406	15642	350	15062	15236	580	406	137	311	87	15642	717	15642	1732	1700	32	13942	1700	9410355	174140	150455	2420162	4002	3714	3775359	0	0	0	0	0
237598	285	0	991339	277636	300544	368508	0	20050	17369	16611	53581	937723	988707	1234109	2632	0	95	2537	92	95	3	0	0	3	0	95	3	95	0	0	0	95	0	10402312	176774	150550	2657923	4002	3714	4179810	0	0	0	0	0
53220	731	1705	149424	43578	45625	54513	0	2946	2501	2459	7821	141585	132928	217664	16496	402	16134	362	15561	15732	573	402	137	308	73	16134	710	16134	1706	1677	29	14457	1677	10552327	193272	166684	2711274	1612	1295	4234183	0	0	0	0	0
237900	310	0	990109	276557	299798	368789	0	20596	17241	16434	53862	936205	987498	1232351	2611	1	98	2513	94	97	4	1	1	4	0	98	5	98	0	0	0	98	0	11543028	195885	166782	2949342	1612	1295	4638625	0	0	0	0	0
53804	716	1814	150365	44105	45929	54834	0	2833	2515	2385	7649	142701	133204	220070	17161	401	16760	401	16188	16359	572	401	150	321	79	16760	722	16760	1816	1780	36	14980	1780	11693968	213048	183542	3003292	3428	3075	4693010	0	0	0	0	0
238455	286	0	990577	276594	300604	368519	0	20235	17014	16857	53654	936874	987919	1232791	2658	0	87	2571	86	87	1	0	0	1	0	87	1	87	0	0	0	87	0	12685160	215709	183629	3241873	3428	3075	5097450	0	0	0	0	0
53847	744	1792	149957	43421	46184	54693	0	2877	2584	2431	7793	142140	132929	219398	17028	437	16688	340	16082	16251	606	437	159	328	85	16688	765	16688	1796	1760	36	14928	1760	12835695	232738	200317	3295863	1128	739	5151824	0	0	0	0	0
239043	306	0	990533	276361	299992	368887	0	20243	17471	16839	54064	936436	987874	1232496	2659	2	104	2555	96	102	8	2	1	7	1	104	9	104	0	0	0	104	0	13826844	235399	200421	3535042	1128	739	5556264	0	0	0	0	0
53531	717	1775	150287	43611	45586	55402	0	2893	2605	2370	7772	142498	133430	219912	16857	387	16463	394	15890	16076	573	387	148	334	65	16463	721	16463	1777	1738	39	14725	1738	13977755	252257	216884	3588709	2905	2477	5610638	0	0	0	0	0
238183	296	0	991710	278260	299740	369207	0	20190	17159	16695	53608	938062	989153	1234313	2557	0	74	2483	72	74	2	0	0	2	0	74	2	74	0	0	0	74	0	14970033	254815	216958	3827033	2905	2477	6015088	0	0	0	0	0
53733	788	1728	149556	43192	46116	54716	0	2881	2478	2467	7725	141811	132753	218708	16803	461	16444	359	15823	15984	621	460	167	328	109	16444	788	16444	1731	1690	41	14754	1690	15120212	271623	233402	3880905	540	71	6069461	0	0	0	0	0
237906	299	0	990936	278329	299509	368452	0	20115	17254	16657	53556	937337	988288	1232519	2648	1	91	2557	88	90	3	1	0	2	1	91	3	91	0	0	0	91	0	16111709	274275	233493	4118963	540	71	6473914	0	0	0	0	0
53655	737	1759	150318	43487	46070	55136	0	2833	2508	2468	7710	142586	133388	219873	16930	403	16536	394	15945	16133	591	403	144	332	86	16536	735	16536	1763	1730	33	14806	1730	16262573	291207	250029	4172748	2303	1801	6528286	0	0	0	0	0
237972	272	0	988269	277382	299728	366971	0	20074	16747	16653	53066	935168	985638	1230591	2631	0	77	2554	75	77	2	0	0	2	0	77	2	77	0	0	0	77	0	17251397	293840	250106	4410884	2303	1801	6932727	0	0	0	0	0
52766	786	1656	148928	43323	45478	54473	0	2886	2513	2357	7657	141252	132371	217445	16557	420	16144	413	15523	15724	621	420	144	345	79	16144	765	16144	1660	1628	32	14516	1628	17400917	310401	266251	4463786	3963	3429	6987112	0	0	0	0	0
238318	280	0	990049	276474	299825	369004	0	20131	17340	16647	53681	936330	987507	1231381	2542	0	76	2466	75	76	1	0	0	1	0	76	1	76	0	0	0	76	0	18391583	312946	266327	4702241	3963	3429	7391553	0	0	0	0	0
53172	766	1804	149710	43365	46134	54592	0	2823	2558	2499	7772	141913	133041	218333	16669	388	16308	361	15700	15920	608	388	134	354	78	16308	742	16308	1809	1775	34	14533	1775	18541904	329616	282635	4755568	1676	1108	7445926	0	0	0	0	0
285595	328	0	1188521	332303	360114	442173	0	24417	20752	19944	64586	1123884	1185452	1479196	3069	1	87	2982	85	86	2	1	0	1	0	87	2	87	0	0	0	87	0	19731029	332689	282723	5041288	1676	1108	7931337	0	0	0	0	0
56613	885	2104	151749	44035	47057	55186	0	2866	2525	2438	7744	143981	132279	226693	19470	503	19099	371	18388	18596	711	503	185	393	89	19099	896	19099	2108	2069	39	17030	2069	19883354	352162	301822	5098065	3784	3177	7985709	0	0	0	0	0
286379	316	0	1188092	332115	360458	442023	0	24006	20641	20009	64163	1123896	1184858	1478243	3234	0	99	3135	98	99	1	0	0	1	0	99	1	99	0	0	0	99	0	21072025	355397	301921	5384599	3784	3177	8471130	0	0	0	0	0
54770	835	1870	151150	43775	46504	55246	0	2902	2546	2475	7813	143320	133240	222910	17910	447	17546	364	16883	17099	663	447	162	378	71	17546	825	17546	1876	1825	51	15721	1825	21223774	373309	319467	5439520	1564	906	8525504	0	0	0	0	0
285791	323	0	1187499	331906	359703	442404	0	24109	20765	19964	64331	1123119	1184442	1477319	3057	2	97	2960	96	95	1	2	2	1	2	97	3	97	0	0	0	97	0	22411866	376370	319564	5725448	1564	906	9010914	0	0	0	0	0
55344	841	1981	151342	43964	46430	55227	0	2983	2544	2490	7927	143396	133117	223552	18225	491	17855	370	17183	17364	672	491	157	338	106	17855	829	17855	1986	1956	30	15899	1956	22563821	394596	337419	5780957	3550	2862	9065289	0	0	0	0	0
285517	299	0	1187168	331100	360577	442116	0	24149	20731	19767	64155	1122957	1183983	1477780	3185	2	110	3075	107	108	3	2	2	3	1	110	5	110	0	0	0	110	0	23751595	397783	337529	6066604	3550	2862	9550708	0	0	0	0	0
54476	788	1941	150502	43910	46060	55017	0	2825	2544	2414	7676	142809	132851	221568	17651	427	17253	398	16625	16826	628	427	151	352	84	17253	779	17253	1943	1914	29	15339	1914	23902671	415435	354782	6121246	1397	680	9605081	0	0	0	0	0
285669	367	0	1189335	333014	359940	442745	0	23900	20889	19967	64201	1125083	1186184	1479883	3151	1	99	3052	98	98	1	1	1	1	0	99	2	99	0	0	0	99	0	25092580	418587	354881	6407083	1397	680	10090491	0	0	0	0	0
54941	820	1947	151215	44196	46566	54785	0	2878	2592	2531	7891	143301	133030	223448	18185	463	17821	364	17177	17358	644	463	173	354	75	17821	817	17821	1952	1918	34	15903	1918	25244462	436774	372702	6462172	3349	2598	10144865	0	0	0	0	0

processed_m4465_ME11_HV0_test40_SRCoff_170714_123819_TMBCounters.txt																																													
alct0 valid pattern flag received	alct1 valid pattern flag received	raw hits readout   	Pretrigger   	Pretrigger on CFEB0	Pretrigger on CFEB1	Pretrigger on CFEB2	Pretrigger on CFEB3	Pretrigger on CFEB4	Pretrigger on CFEB5	Pretrigger on CFEB6	Pretrigger on ME1A CFEB 4-6 only	Pretrigger on ME1B CFEBs 0-3 only	Discarded, CLCT0 invalid pattern after drift	BX pretrig waiting for triads to dissipate	clct0 sent to TMB matching section	clct1 sent to TMB matching section	TMB accepted alct	TMB match reject event  	Matching found one ALCT	Matching found one CLCT	Matching found two ALCTs	Matching found two CLCTs	ALCT0 copied into ALCT1 to make 2nd LCT	CLCT0 copied into CLCT1 to make 2nd LCT	LCT1 has higher quality than LCT0 	Transmitted LCT0 to MPC	Transmitted LCT1 to MPC	MPC rejected both LCT0 and LCT1	L1A received   	L1A received, TMB in L1A window	L1A received, no TMB in window	TMB triggered, no L1A in window	TMB readouts completed	Pretrigger counter   	CLCT counter   	TMB trigger counter	ALCTs received counter	L1As received counter 	Readout counter 	Orbit counter	CLCT pre-trigger and ALCT coincidence counter	CFEB0 active flag sent to DMB for readout	CFEB1 active flag sent to DMB for readout	CFEB2 active flag sent to DMB for readout	CFEB3 active flag sent to DMB for readout
36596	474	1880	62604	17499	21085	22467	0	781	805	762	2322	60281	61284	81477	1320	43	1176	144	1048	1133	128	43	12	97	7	1176	140	1176	2215	209	2006	967	209	115276	1414	1178	51649	2215	209	104825	0	0	0	0	0
144819	99	0	505129	136631	169165	184972	0	6456	6867	6302	19466	485659	504146	624521	983	0	13	970	13	13	0	0	0	0	0	13	0	13	0	0	0	13	0	620667	2397	1191	196542	2215	209	590223	0	0	0	0	0
36821	494	1897	62315	17024	21279	22393	0	768	826	753	2328	59987	60901	81157	1414	40	1291	123	1171	1251	120	40	12	92	5	1291	132	1291	2208	233	1975	1058	233	683230	3811	2482	233433	327	442	644596	0	0	0	0	0
145215	115	0	505349	136989	168331	185228	0	6579	6969	6328	19702	485640	504376	625767	973	0	13	960	13	13	0	0	0	0	0	13	0	13	0	0	0	13	0	1188825	4784	2495	378726	327	442	1130006	0	0	0	0	0
36756	485	1871	62189	17148	21111	22343	0	807	787	755	2328	59857	60753	80895	1436	37	1290	146	1167	1253	123	37	13	99	12	1290	136	1290	2189	233	1956	1057	233	1251267	6222	3785	415565	2516	675	1184391	0	0	0	0	0
145937	112	0	506675	136950	169214	185695	0	6701	7024	6328	19861	486804	505662	626721	1013	1	13	1000	12	12	1	1	0	0	0	13	1	13	0	0	0	13	0	1758195	7235	3798	561577	2516	675	1669803	0	0	0	0	0
36281	495	1876	61902	17301	20990	22059	0	736	835	752	2299	59602	60629	80257	1273	32	1141	132	1019	1109	122	32	8	98	8	1141	130	1141	2181	209	1972	932	209	1820354	8508	4939	597934	601	884	1724173	0	0	0	0	0
145927	90	0	504003	136809	168684	183920	0	6508	6761	6376	19489	484507	503007	623376	996	0	11	985	11	11	0	0	0	0	0	11	0	11	0	0	0	11	0	2324618	9506	4950	743921	601	884	2209595	0	0	0	0	0
36401	478	1932	61945	17293	21072	22108	0	768	773	691	2214	59731	60670	80175	1275	29	1157	118	1051	1128	106	29	6	83	7	1157	112	1157	2242	231	2011	926	231	2386859	10781	6107	780406	2843	1115	2263968	0	0	0	0	0
145686	106	0	505280	136361	168971	185316	0	6644	6946	6274	19702	485575	504358	625041	922	0	11	911	11	11	0	0	0	0	0	11	0	11	0	0	0	11	0	2892426	11703	6118	926169	2843	1115	2749379	0	0	0	0	0
37186	490	1948	62540	17386	21422	22202	0	716	809	776	2279	60261	61253	81169	1287	24	1175	112	1057	1151	118	24	3	97	6	1175	121	1175	2267	225	2042	950	225	2955241	12991	7293	963426	1014	1340	2803751	0	0	0	0	0
145298	98	0	505869	137496	168777	184866	0	6505	6919	6404	19662	486200	504927	625746	942	0	15	927	15	15	0	0	0	0	0	15	0	15	0	0	0	15	0	3461362	13934	7308	1108810	1014	1340	3289161	0	0	0	0	0
35859	473	1856	61949	17048	21275	22029	0	784	793	778	2333	59615	60623	80554	1326	37	1207	119	1076	1170	131	37	10	104	9	1207	141	1207	2163	224	1939	983	224	3523570	15261	8515	1144746	3177	1564	3343546	0	0	0	0	0
145682	84	0	506730	137133	168871	185958	0	6510	6999	6415	19759	486963	505772	626841	958	0	14	944	14	14	0	0	0	0	0	14	0	14	0	0	0	14	0	4030558	16220	8529	1290500	3177	1564	3828956	0	0	0	0	0
36464	474	1913	62280	17385	21375	22031	0	772	804	689	2241	60036	60937	80892	1343	44	1197	146	1092	1153	105	44	10	71	9	1197	115	1197	2278	220	2058	977	220	4093125	17563	9726	1327032	1359	1784	3883328	0	0	0	0	0
145524	113	0	505621	136932	169158	185164	0	6571	6805	6205	19435	486175	504684	625248	937	0	18	919	18	18	0	0	0	0	0	18	0	18	0	0	0	18	0	4599003	18501	9744	1472617	1359	1784	4368751	0	0	0	0	0
37207	513	1955	62824	17361	21428	22608	0	743	804	677	2205	60619	61461	81624	1363	37	1246	117	1131	1209	115	37	7	85	8	1246	122	1246	2257	218	2039	1028	218	4662081	19864	10990	1509883	3616	2002	4423123	0	0	0	0	0
146107	95	0	505874	137327	169045	184939	0	6512	6865	6225	19437	486431	504923	625721	951	0	13	938	13	13	0	0	0	0	0	13	0	13	0	0	0	13	0	5168187	20815	11003	1656055	3616	2002	4908534	0	0	0	0	0
36002	461	1858	62164	17335	21381	21990	0	728	782	708	2195	59968	60925	80300	1239	36	1141	98	1040	1105	101	36	12	77	10	1141	113	1141	2179	206	1973	935	206	5230628	22055	12144	1692127	1699	2208	4962907	0	0	0	0	0
145662	134	0	507239	137797	169495	185478	0	6556	6832	6341	19549	487687	506271	627238	968	0	10	958	10	10	0	0	0	0	0	10	0	10	0	0	0	10	0	5738156	23023	12154	1837844	1699	2208	5448329	0	0	0	0	0
36652	438	1948	61923	17326	21166	22026	0	701	791	711	2180	59743	60650	80097	1273	27	1150	123	1055	1123	95	27	4	72	8	1150	99	1150	2290	197	2093	953	197	5800363	24297	13304	1874565	3989	2405	5502702	0	0	0	0	0
145546	111	0	506605	137430	169236	185299	0	6526	6968	6332	19654	486947	505631	626016	974	0	16	958	16	16	0	0	0	0	0	16	0	16	0	0	0	16	0	6307222	25271	13320	2020187	3989	2405	5988111	0	0	0	0	0
36581	440	1919	61972	17161	21278	21920	0	765	805	765	2315	59655	60658	80486	1314	39	1192	122	1078	1153	114	39	9	84	7	1192	123	1192	2237	227	2010	965	227	6369436	26585	14512	2056840	2130	2632	6042484	0	0	0	0	0
145332	105	0	506015	136936	169113	185322	0	6450	6962	6405	19638	486371	505070	625523	945	0	21	924	21	21	0	0	0	0	0	21	0	21	0	0	0	21	0	6875743	27530	14533	2202231	2130	2632	6527906	0	0	0	0	0
36816	446	1987	62201	17435	21103	22110	0	763	804	740	2290	59909	60862	80675	1339	35	1231	108	1121	1196	110	35	9	84	8	1231	119	1231	2322	237	2085	994	237	6938214	28869	15764	2239117	357	2869	6582269	0	0	0	0	0
145848	100	0	506917	137040	169510	185919	0	6551	6888	6273	19537	487372	505909	626883	1008	1	21	987	21	21	0	0	0	0	0	21	0	21	0	0	0	21	0	7445410	29878	15785	2385036	357	2869	7067688	0	0	0	0	0
37186	475	1994	62150	17062	21153	22330	0	746	853	735	2317	59832	60837	80728	1313	27	1185	128	1084	1158	101	27	9	83	4	1185	110	1185	2300	260	2040	925	260	7507778	31192	16970	2422298	2657	3129	7122062	0	0	0	0	0
145645	108	0	505090	136438	168699	185493	0	6467	6881	6333	19514	485573	504112	624860	978	1	21	957	19	20	2	1	1	2	0	21	3	21	0	0	0	21	0	8013145	32172	16991	2568003	2657	3129	7607472	0	0	0	0	0
36711	465	1995	62430	17394	21157	22317	0	760	809	722	2266	60163	61137	80817	1293	34	1170	123	1060	1136	110	34	10	86	6	1170	120	1170	2324	225	2099	945	225	8075823	33465	18161	2604787	885	3354	7661855	0	0	0	0	0
145128	107	0	506589	137175	168659	185952	0	6595	7006	6322	19746	486836	505607	625642	982	0	22	960	21	22	1	0	0	1	0	22	1	22	0	0	0	22	0	8582638	34447	18183	2749987	885	3354	8147267	0	0	0	0	0
35904	452	1888	61606	17207	20777	22054	0	737	784	782	2285	59320	60297	79988	1309	34	1187	122	1096	1153	91	34	9	66	4	1187	100	1187	2198	200	1998	987	200	8644503	35758	19370	2785962	3084	3554	8201639	0	0	0	0	0
145750	98	0	506212	136907	169492	185269	0	6493	6860	6399	19564	486632	505282	626098	930	0	14	916	14	14	0	0	0	0	0	14	0	14	0	0	0	14	0	9150955	36688	19384	2931793	3084	3554	8687050	0	0	0	0	0
36678	484	1927	61915	17040	21193	22128	0	737	832	726	2277	59636	60582	80575	1333	35	1214	119	1085	1179	129	35	9	103	8	1214	138	1214	2233	241	1992	973	241	9213113	38021	20598	2968553	1221	3795	8741426	0	0	0	0	0
145640	102	0	506188	137747	169035	184954	0	6559	6771	6302	19467	486716	505204	626192	984	1	16	968	14	15	2	1	0	1	1	16	2	16	0	0	0	16	0	9719571	39005	20614	3114267	1221	3795	9226843	0	0	0	0	0
36662	496	1935	62565	17310	21293	22407	0	746	829	790	2341	60223	61211	81313	1354	41	1241	113	1121	1200	120	41	11	90	8	1241	131	1241	2266	231	2035	1010	231	9782404	40360	21855	3150989	3487	4026	9281216	0	0	0	0	0
145489	98	0	506216	137644	169446	184463	0	6732	6852	6252	19663	486548	505245	626018	971	0	11	960	11	11	0	0	0	0	0	11	0	11	0	0	0	11	0	10288887	41331	21866	3296561	3487	4026	9766627	0	0	0	0	0
36658	459	1952	62064	17098	21206	22241	0	788	774	713	2247	59814	60776	80542	1288	40	1157	131	1063	1117	94	40	16	70	8	1157	110	1157	2266	210	2056	947	210	10351197	42619	23023	3333291	1657	140	9821011	0	0	0	0	0
145793	90	0	505946	137181	168950	185278	0	6626	6675	6390	19532	486402	504980	626249	966	0	16	950	16	16	0	0	0	0	0	16	0	16	0	0	0	16	0	10857389	43586	23039	3479151	1657	140	10306421	0	0	0	0	0
35353	443	1801	61905	17345	20907	22108	0	738	808	740	2266	59638	60650	80274	1255	36	1137	118	1032	1101	105	36	9	78	3	1137	114	1137	2114	198	1916	939	198	10919546	44843	24176	3514576	3771	338	10360794	0	0	0	0	0
145789	110	0	505058	136868	168520	184870	0	6668	7077	6252	19817	485231	504102	624302	956	0	7	949	7	7	0	0	0	0	0	7	0	7	0	0	0	7	0	11424853	45799	24183	3660433	3771	338	10846204	0	0	0	0	0

processed_m4466_ME11_HV0_test40_SRCoff_170714_140546_TMBCounters.txt																																													
alct0 valid pattern flag received	alct1 valid pattern flag received	raw hits readout   	Pretrigger   	Pretrigger on CFEB0	Pretrigger on CFEB1	Pretrigger on CFEB2	Pretrigger on CFEB3	Pretrigger on CFEB4	Pretrigger on CFEB5	Pretrigger on CFEB6	Pretrigger on ME1A CFEB 4-6 only	Pretrigger on ME1B CFEBs 0-3 only	Discarded, CLCT0 invalid pattern after drift	BX pretrig waiting for triads to dissipate	clct0 sent to TMB matching section	clct1 sent to TMB matching section	TMB accepted alct	TMB match reject event  	Matching found one ALCT	Matching found one CLCT	Matching found two ALCTs	Matching found two CLCTs	ALCT0 copied into ALCT1 to make 2nd LCT	CLCT0 copied into CLCT1 to make 2nd LCT	LCT1 has higher quality than LCT0 	Transmitted LCT0 to MPC	Transmitted LCT1 to MPC	MPC rejected both LCT0 and LCT1	L1A received   	L1A received, TMB in L1A window	L1A received, no TMB in window	TMB triggered, no L1A in window	TMB readouts completed	Pretrigger counter   	CLCT counter   	TMB trigger counter	ALCTs received counter	L1As received counter 	Readout counter 	Orbit counter	CLCT pre-trigger and ALCT coincidence counter	CFEB0 active flag sent to DMB for readout	CFEB1 active flag sent to DMB for readout	CFEB2 active flag sent to DMB for readout	CFEB3 active flag sent to DMB for readout
50341	816	2031	142493	41327	44628	51491	0	2558	2350	2223	7046	135436	125213	211223	17280	412	16949	331	16328	16537	621	412	159	368	73	16949	780	16949	2038	1909	129	15040	1909	257492	17548	16955	74708	2038	1909	104824	0	0	0	0	0
195994	174	0	918796	255872	282233	342420	0	17093	15317	14803	46799	871965	916501	1141790	2295	0	59	2236	58	59	1	0	0	1	0	59	1	59	0	0	0	59	0	1176820	19846	17014	270817	2038	1909	509265	0	0	0	0	0
50590	806	2084	142565	41361	44709	51563	0	2506	2317	2205	6941	135613	125116	211626	17449	410	17099	350	16480	16689	619	410	141	350	68	17099	760	17099	2089	1959	130	15140	1959	1319965	37295	34113	321496	31	3868	563638	0	0	0	0	0
196096	180	0	918586	256004	281972	341475	0	17178	15579	15146	47508	871044	916167	1142269	2419	1	64	2355	61	63	3	1	0	2	0	64	3	64	0	0	0	64	0	2239082	39718	34178	517721	31	3868	968078	0	0	0	0	0
50388	723	1875	142658	41341	44498	51735	0	2514	2339	2267	7036	135609	125598	210831	17060	343	16706	354	16147	16363	559	343	117	333	67	16706	676	16706	1880	1759	121	14947	1759	2382287	56783	50884	568238	1911	1531	1022463	0	0	0	0	0
195665	177	0	919478	255543	282721	341677	0	17330	15866	14986	47742	871708	917165	1143282	2313	0	69	2244	68	69	1	0	0	1	0	69	1	69	0	0	0	69	0	3302346	59097	50953	764023	1911	1531	1426903	0	0	0	0	0
49802	786	1995	140997	40910	43934	51304	0	2451	2257	2206	6845	134140	124215	208339	16782	355	16440	342	15848	16085	592	355	122	359	60	16440	714	16440	2000	1875	125	14565	1875	3443911	75882	67393	813947	3911	3406	1481277	0	0	0	0	0
194927	171	0	916643	255368	281148	340885	0	17212	15729	14933	47495	869121	914290	1138508	2353	0	72	2281	71	72	1	0	0	1	0	72	1	72	0	0	0	72	0	4361137	78237	67466	1009007	3911	3406	1885719	0	0	0	0	0
49834	761	1957	141840	41151	44075	51590	0	2503	2283	2252	6955	134873	125003	209491	16837	364	16491	346	15925	16127	566	364	138	340	70	16491	704	16491	1963	1832	131	14659	1832	4503540	95074	83957	1058953	1778	1142	1940102	0	0	0	0	0
195150	173	0	918405	255411	281683	342232	0	17301	15645	14918	47485	870890	916058	1141502	2347	0	60	2287	60	60	0	0	0	0	0	60	0	60	0	0	0	60	0	5422514	97422	84017	1254215	1778	1142	2344543	0	0	0	0	0
49559	761	1901	141193	41074	43968	51322	0	2421	2262	2167	6780	134405	124485	208353	16708	353	16349	359	15775	15996	574	353	136	357	99	16349	710	16349	1906	1799	107	14550	1799	5564247	114135	100366	1303899	3684	2941	2398916	0	0	0	0	0
195400	159	0	917935	255606	282017	341238	0	17161	15722	15036	47539	870353	915585	1141186	2350	0	70	2280	68	70	2	0	0	2	0	70	2	70	0	0	0	70	0	6482743	116485	100436	1499420	3684	2941	2803370	0	0	0	0	0
49320	711	1935	140976	40989	43858	51125	0	2431	2349	2287	6975	133987	124515	207459	16461	335	16111	350	15561	15776	550	335	113	328	53	16111	663	16111	1939	1819	120	14292	1819	6624269	132947	116547	1548847	1527	664	2857741	0	0	0	0	0
194864	158	0	916993	254356	281941	341752	0	17083	15870	14776	47345	869608	914631	1139412	2362	1	58	2304	57	57	1	1	0	0	0	58	1	58	0	0	0	58	0	7541830	135310	116605	1743841	1527	664	3262193	0	0	0	0	0
51505	799	2173	142957	41461	44480	51961	0	2498	2432	2206	7037	135906	125051	213474	17906	391	17594	312	16979	17203	615	391	143	367	80	17594	758	17594	2178	2018	160	15576	2018	7685309	153219	134202	1795457	3705	2682	3316567	0	0	0	0	0
194943	169	0	920183	255782	282600	342544	0	17419	15584	14948	47582	872565	917818	1143154	2365	1	68	2297	66	67	2	1	0	1	0	68	2	68	0	0	0	68	0	8606058	155585	134270	1990523	3705	2682	3721007	0	0	0	0	0
50113	779	1898	141118	41035	44086	51240	0	2434	2266	2130	6765	134345	124251	208500	16867	352	16529	338	15934	16177	595	352	108	351	68	16529	703	16529	1903	1766	137	14763	1766	8747761	172454	150799	2040756	1512	352	3775380	0	0	0	0	0
196027	162	0	917668	254615	281548	341920	0	17275	15950	15089	47902	869736	915306	1140885	2362	0	59	2303	58	59	1	0	0	1	0	59	1	59	0	0	0	59	0	9665995	174818	150858	2236896	1512	352	4179823	0	0	0	0	0
50762	805	2050	142285	41195	44555	51789	0	2410	2306	2223	6839	135434	124903	211479	17382	391	17045	337	16439	16654	606	391	156	371	92	17045	762	17045	2053	1910	143	15135	1910	9808809	192201	167903	2287783	3565	2262	4234197	0	0	0	0	0
195930	164	0	919155	255678	282350	342123	0	17036	15582	15140	47364	871753	916861	1142397	2294	0	61	2233	60	61	1	0	0	1	0	61	1	61	0	0	0	61	0	10728547	194497	167964	2483834	3565	2262	4638647	0	0	0	0	0
49408	753	1934	141461	40887	44254	51430	0	2489	2234	2275	6905	134546	124859	208765	16602	364	16258	344	15669	15894	589	364	131	356	71	16258	720	16258	1943	1803	140	14455	1803	10870524	211100	184222	2533370	1412	4065	4693019	0	0	0	0	0
195096	156	0	916915	255531	281234	341355	0	17096	15612	14816	47137	869749	914525	1140233	2390	0	67	2323	66	67	1	0	0	1	0	67	1	67	0	0	0	67	0	11788022	213494	184289	2728588	1412	4065	5097460	0	0	0	0	0
48154	683	1770	140727	40670	43708	51403	0	2411	2292	2199	6818	133897	125104	205786	15623	337	15290	333	14786	14954	504	336	123	291	68	15290	627	15290	1773	1667	106	13623	1667	11929278	229120	199580	2776870	3185	1636	5151845	0	0	0	0	0
194913	172	0	919067	256224	281884	341921	0	17264	15598	15118	47583	871454	916759	1142000	2308	0	50	2258	50	50	0	0	0	0	0	50	0	50	0	0	0	50	0	12848922	231429	199630	2971897	3185	1636	5556342	0	0	0	0	0
50577	786	2065	142418	41532	44312	51536	0	2586	2333	2224	7062	135347	125027	211643	17391	373	17036	355	16432	16663	604	373	146	377	69	17036	750	17036	2067	1930	137	15106	1930	12991963	248821	216666	3022602	1156	3566	5610659	0	0	0	0	0
195426	173	0	920847	257984	281863	342161	0	17194	15715	14917	47421	873392	918544	1144645	2303	0	67	2236	63	67	4	0	0	4	0	67	4	67	0	0	0	67	0	13913357	251126	216733	3218148	1156	3566	6015101	0	0	0	0	0
49822	774	1914	141204	40977	43573	51522	0	2514	2332	2319	7086	134104	124358	208871	16846	359	16516	330	15932	16158	584	358	129	355	71	16516	713	16516	1920	1795	125	14721	1795	14055133	267973	233249	3268082	3076	1265	6069484	0	0	0	0	0
194496	179	0	919750	257346	282203	341016	0	17359	15616	14989	47573	872141	917479	1142313	2271	0	55	2216	53	55	2	0	0	2	0	55	2	55	0	0	0	55	0	14975482	270246	233304	3462685	3076	1265	6473925	0	0	0	0	0
48507	712	1902	141977	42378	43613	50881	0	2548	2257	2242	6971	134992	126043	207806	15934	359	15602	332	15057	15243	545	359	139	325	70	15602	684	15602	1907	1772	135	13830	1772	15118033	286181	248907	3511303	887	3037	6528309	0	0	0	0	0
195172	187	0	926485	264691	281269	341567	0	17201	15579	15081	47445	878998	924144	1152279	2341	1	62	2279	60	61	2	1	0	1	0	62	2	62	0	0	0	62	0	16045006	288523	248969	3706606	887	3037	6932751	0	0	0	0	0
49158	712	1849	142322	42750	43619	50956	0	2534	2314	2195	6943	135365	126050	208903	16272	358	15940	332	15395	15582	545	358	138	325	67	15940	683	15940	1851	1751	100	14189	1751	16187898	304796	264909	3755874	2738	692	6987123	0	0	0	0	0
195199	191	0	921193	258075	281497	342976	0	16854	15678	14794	46917	874251	918839	1144644	2354	0	70	2284	70	70	0	0	0	0	0	70	0	70	0	0	0	70	0	17109653	307152	264979	3951178	2738	692	7391564	0	0	0	0	0
49897	775	1980	141250	40781	43955	51555	0	2383	2283	2254	6832	134405	124164	209585	17086	386	16745	341	16158	16359	587	386	152	353	87	16745	739	16745	1984	1851	133	14894	1851	17251461	324241	281724	4001211	626	2543	7445948	0	0	0	0	0
195290	164	0	917491	255012	281490	341979	0	17201	15670	14989	47484	869986	915201	1140688	2290	1	67	2223	66	66	1	1	0	0	0	67	1	67	0	0	0	67	0	18169507	326532	281791	4196607	626	2543	7850390	0	0	0	0	0
50313	821	1999	142051	41072	44202	51819	0	2552	2281	2194	6966	135075	125070	210310	16981	417	16631	350	16032	16214	599	417	175	357	86	16631	774	16631	2005	1863	142	14768	1863	18312126	343513	298422	4247041	2631	310	7904763	0	0	0	0	0
194517	163	0	917034	255097	281698	341355	0	17120	15606	14843	47159	869833	914689	1138719	2345	0	63	2282	63	63	0	0	0	0	0	63	0	63	0	0	0	63	0	19229726	345860	298485	4441671	2631	310	8309216	0	0	0	0	0
49761	795	1934	142326	41305	44115	51842	0	2538	2309	2281	7037	135274	125534	210209	16792	361	16447	345	15860	16086	587	361	138	364	60	16447	725	16447	1937	1809	128	14638	1809	19372593	362655	314933	4491541	472	2119	8363588	0	0	0	0	0
195104	165	0	918060	255827	281581	341729	0	17228	15654	14905	47372	870659	915791	1141149	2268	0	52	2216	52	52	0	0	0	0	0	52	0	52	0	0	0	52	0	20291189	364924	314985	4686737	472	2119	8768029	0	0	0	0	0
50368	791	2025	142167	41363	44393	51594	0	2449	2276	2163	6802	135353	124685	211443	17482	372	17134	348	16532	16762	602	372	137	367	82	17134	739	17134	2032	1890	142	15244	1890	20433913	382407	332119	4737239	2504	4009	8822401	0	0	0	0	0
195442	176	0	917790	255548	281825	341674	0	16930	15516	15007	47037	870717	915479	1140129	2311	0	67	2244	67	67	0	0	0	0	0	67	0	67	0	0	0	67	0	21352277	384721	332186	4932808	2504	4009	9226842	0	0	0	0	0

processed_m4467_ME11_HV0_test40_SRCoff_170714_144538_TMBCounters.txt																																													
alct0 valid pattern flag received	alct1 valid pattern flag received	raw hits readout   	Pretrigger   	Pretrigger on CFEB0	Pretrigger on CFEB1	Pretrigger on CFEB2	Pretrigger on CFEB3	Pretrigger on CFEB4	Pretrigger on CFEB5	Pretrigger on CFEB6	Pretrigger on ME1A CFEB 4-6 only	Pretrigger on ME1B CFEBs 0-3 only	Discarded, CLCT0 invalid pattern after drift	BX pretrig waiting for triads to dissipate	clct0 sent to TMB matching section	clct1 sent to TMB matching section	TMB accepted alct	TMB match reject event  	Matching found one ALCT	Matching found one CLCT	Matching found two ALCTs	Matching found two CLCTs	ALCT0 copied into ALCT1 to make 2nd LCT	CLCT0 copied into CLCT1 to make 2nd LCT	LCT1 has higher quality than LCT0 	Transmitted LCT0 to MPC	Transmitted LCT1 to MPC	MPC rejected both LCT0 and LCT1	L1A received   	L1A received, TMB in L1A window	L1A received, no TMB in window	TMB triggered, no L1A in window	TMB readouts completed	Pretrigger counter   	CLCT counter   	TMB trigger counter	ALCTs received counter	L1As received counter 	Readout counter 	Orbit counter	CLCT pre-trigger and ALCT coincidence counter	CFEB0 active flag sent to DMB for readout	CFEB1 active flag sent to DMB for readout	CFEB2 active flag sent to DMB for readout	CFEB3 active flag sent to DMB for readout
35999	216	750	136078	38957	41575	49941	0	2531	2353	2253	7073	128994	129722	181357	6356	117	6000	356	5839	5883	161	117	46	90	22	6000	207	6000	751	731	20	5269	731	255822	6659	6013	62375	751	731	104802	0	0	0	0	0
210368	237	0	960972	267983	291535	358837	0	18982	16678	16170	51407	909527	958503	1195257	2469	0	74	2395	70	74	4	0	0	4	0	74	4	74	0	0	0	74	0	1217378	9130	6088	272864	751	731	509255	0	0	0	0	0
35546	230	791	134851	38774	41049	49337	0	2657	2367	2181	7131	127717	128560	179617	6291	119	5955	336	5791	5836	164	119	44	89	26	5955	208	5955	791	762	29	5193	762	1352843	15422	12043	308542	1542	1493	563627	0	0	0	0	0
211680	199	0	960617	268151	291854	358751	0	18601	16520	15948	50667	909917	958126	1194522	2491	1	81	2410	77	80	4	1	0	3	0	81	4	81	0	0	0	81	0	2314067	17916	12124	520325	1542	1493	968068	0	0	0	0	0
35455	211	765	135144	38828	41136	49747	0	2519	2264	2129	6861	128277	128794	179667	6350	88	6010	340	5867	5922	143	88	38	93	14	6010	181	6010	767	734	33	5276	734	2449850	24267	18134	555915	2309	2227	1022453	0	0	0	0	0
211101	200	0	961635	268460	290925	359423	0	19078	16590	16115	51386	910214	959159	1195550	2476	3	71	2405	66	68	5	3	2	4	1	71	7	71	0	0	0	71	0	3412107	26744	18205	767144	2309	2227	1426894	0	0	0	0	0
36096	253	780	134202	38318	41004	49556	0	2482	2244	2116	6783	127410	127820	179113	6382	146	6038	344	5840	5892	198	146	56	108	37	6038	254	6038	781	759	22	5279	759	3546853	33127	24243	803365	3090	2986	1481267	0	0	0	0	0
210489	193	0	961708	268204	291493	359135	0	19000	16856	16097	51530	910141	959247	1195464	2461	1	54	2407	54	53	0	1	1	0	1	54	1	54	0	0	0	54	0	4509135	35591	24298	1013976	3090	2986	1885709	0	0	0	0	0
35418	237	750	135348	38485	41529	49756	0	2631	2242	2196	6999	128344	129221	180009	6127	117	5781	346	5597	5664	184	117	45	112	19	5781	229	5781	750	731	19	5050	731	4645058	41718	30079	1049504	3840	3717	1940092	0	0	0	0	0
210607	180	0	960652	268658	291580	357941	0	18937	16635	16004	51129	909492	958153	1194925	2499	2	66	2433	66	64	0	2	2	0	2	66	2	66	0	0	0	66	0	5606272	44218	30145	1260235	3840	3717	2344533	0	0	0	0	0
35238	227	727	134827	38383	41465	49628	0	2558	2147	2216	6860	127956	128732	178851	6095	109	5766	329	5594	5657	172	109	40	103	15	5766	212	5766	728	699	29	5067	699	5741690	50313	35911	1295599	472	320	2398906	0	0	0	0	0
211037	211	0	960871	267809	292094	358063	0	18802	16785	16315	51522	909320	958378	1195462	2493	0	81	2412	80	81	1	0	0	1	0	81	1	81	0	0	0	81	0	6703153	52807	35992	1506764	472	320	2803348	0	0	0	0	0
35203	224	723	134406	38416	40759	49782	0	2493	2333	2196	6965	127435	128257	178830	6149	122	5790	359	5613	5668	177	122	42	97	24	5790	219	5790	726	706	20	5084	706	6838158	58957	41782	1542081	1198	1026	2857732	0	0	0	0	0
252371	239	0	1153591	322769	349747	430043	0	22677	20244	19052	61477	1092085	1150511	1434775	3080	0	85	2995	84	85	1	0	0	1	0	85	1	85	0	0	0	85	0	7992317	62039	41867	1794591	1198	1026	3343143	0	0	0	0	0
35669	261	802	134698	38419	41455	49432	0	2553	2285	2167	6940	127747	128376	179428	6322	129	5982	340	5776	5853	206	129	44	121	23	5982	250	5982	804	783	21	5199	783	8127582	68365	47849	1830388	2002	1809	3397516	0	0	0	0	0
252475	273	0	1154634	322748	350500	430269	0	22610	20078	19304	61494	1093095	1151657	1436569	2977	0	96	2881	93	96	3	0	0	3	0	96	3	96	0	0	0	96	0	9282794	71343	47945	2082996	2002	1809	3882926	0	0	0	0	0
35754	234	793	135082	38486	41351	49843	0	2518	2338	2141	6924	128153	128462	180468	6620	121	6259	361	6078	6138	181	121	51	111	31	6259	232	6259	795	768	27	5491	768	9418474	77963	54204	2118881	2797	2577	3937309	0	0	0	0	0
253716	260	0	1153924	322438	350231	430808	0	22338	19955	19107	60916	1092966	1150975	1434769	2949	1	93	2856	90	92	3	1	0	2	0	93	3	93	0	0	0	93	0	10572951	80914	54297	2372745	2797	2577	4422720	0	0	0	0	0
36106	228	812	135399	38675	41657	49718	0	2543	2185	2150	6808	128584	128757	181225	6642	117	6336	306	6180	6219	156	117	46	85	28	6336	202	6336	812	791	21	5545	791	10708940	87556	60633	2408974	3609	3368	4477093	0	0	0	0	0
253462	237	0	1152670	321704	349347	430879	0	22410	20014	19282	61185	1091433	1149775	1433649	2895	1	81	2814	78	80	3	1	1	3	0	81	4	81	0	0	0	81	0	11862216	90452	60714	2662554	3609	3368	4962504	0	0	0	0	0
35921	215	837	135467	38915	41178	49927	0	2509	2304	2168	6924	128536	128906	180932	6561	101	6215	346	6060	6114	155	101	49	103	17	6215	204	6215	840	809	31	5406	809	11998289	97015	66929	2698605	353	81	5016887	0	0	0	0	0
253377	230	0	1154325	322116	351293	429787	0	22584	20209	19326	61612	1092667	1151290	1436339	3035	0	104	2931	102	104	2	0	0	2	0	104	2	104	0	0	0	104	0	13153182	100051	67033	2952106	353	81	5502297	0	0	0	0	0
36013	258	842	135229	38419	41532	49693	0	2599	2289	2243	7067	128154	128515	181154	6714	116	6410	304	6210	6294	200	116	39	123	24	6410	239	6410	842	819	23	5591	819	13289012	106766	73443	2988234	1195	900	5556671	0	0	0	0	0
253510	259	0	1153126	322182	349724	430375	0	22790	19926	18935	61180	1091904	1150180	1433532	2946	1	78	2868	75	77	3	1	0	2	0	78	3	78	0	0	0	78	0	14442664	109712	73521	3241861	1195	900	6042092	0	0	0	0	0
36256	224	810	134992	38710	41399	49388	0	2604	2369	2094	7003	127982	128260	180490	6732	132	6386	346	6219	6254	167	132	56	91	28	6386	223	6386	812	784	28	5602	784	14578219	116445	79907	3278226	2007	1684	6096456	0	0	0	0	0
253609	261	0	1152120	322361	349366	429496	0	22717	19776	19455	61445	1090628	1149146	1433037	2974	2	88	2886	86	86	2	2	1	1	1	88	3	88	0	0	0	88	0	15730915	119421	79995	3531979	2007	1684	6581875	0	0	0	0	0
36188	265	824	135399	38582	41356	49945	0	2620	2262	2171	6996	128396	128629	181190	6770	135	6462	308	6261	6327	201	135	45	111	22	6462	246	6462	826	802	24	5660	802	15866892	126193	86457	3568291	2833	2486	6636248	0	0	0	0	0
253234	226	0	1153716	322219	349646	430433	0	22861	20049	19417	61831	1091841	1150718	1434936	2998	2	82	2916	79	80	3	2	0	1	0	82	3	82	0	0	0	82	0	17021237	129195	86539	3821657	2833	2486	7121658	0	0	0	0	0
36108	236	835	135651	38869	41540	49647	0	2511	2415	2236	7095	128547	129025	181408	6626	125	6274	352	6085	6149	189	125	43	107	14	6274	232	6274	835	806	29	5468	806	17157475	135822	92813	3857896	3668	3292	7176033	0	0	0	0	0
252232	226	0	1153994	322015	350898	429627	0	23007	19824	19654	61992	1091963	1150973	1433857	3021	0	70	2951	69	70	1	0	0	1	0	70	1	70	0	0	0	70	0	18312049	138844	92883	4110261	3668	3292	7661452	0	0	0	0	0
35822	227	835	134831	38447	41525	49398	0	2520	2302	2189	6943	127882	128255	179807	6576	111	6244	332	6076	6133	168	111	44	101	23	6244	212	6244	836	811	25	5433	811	18447503	145421	99128	4146200	408	7	7715825	0	0	0	0	0
253518	252	0	1152143	321792	349673	429795	0	22671	19810	19296	61296	1090799	1149198	1432039	2945	1	80	2865	77	79	3	1	0	2	0	80	3	80	0	0	0	80	0	19600216	148367	99208	4399844	408	7	8201236	0	0	0	0	0
36079	267	791	135177	39031	41433	49325	0	2520	2310	2155	6923	128248	128562	180927	6615	138	6274	341	6068	6136	206	138	46	114	21	6274	252	6274	795	767	28	5507	767	19735993	154982	105482	4436043	1203	774	8255611	0	0	0	0	0
252773	239	0	1154587	322378	351045	430272	0	22567	20154	19089	61331	1093210	1151564	1435887	3023	1	81	2942	80	80	1	1	0	0	0	81	1	81	0	0	0	81	0	20891146	158006	105563	4688932	1203	774	8741031	0	0	0	0	0
36355	264	867	135354	38990	41712	49174	0	2572	2260	2199	6966	128384	128470	181286	6884	137	6560	324	6362	6423	198	137	55	116	26	6560	253	6560	872	840	32	5720	840	21027055	164891	112124	4725429	2075	1614	8795403	0	0	0	0	0
252998	285	0	1153373	322729	350248	429233	0	22844	20041	19316	61701	1091618	1150415	1433579	2958	0	102	2856	100	102	2	0	0	2	0	102	2	102	0	0	0	102	0	22180986	167849	112226	4978563	2075	1614	9280813	0	0	0	0	0
36175	247	818	135485	38684	41506	49974	0	2434	2239	2211	6828	128654	128932	181084	6553	132	6225	328	6039	6093	186	132	57	111	30	6225	243	6225	820	803	17	5422	803	22317032	174404	118451	5014870	2895	2417	9335198	0	0	0	0	0
253337	248	0	1153385	323079	349268	429769	0	22723	20153	19324	61676	1091663	1150364	1433856	3021	0	83	2938	83	83	0	0	0	0	0	83	0	83	0	0	0	83	0	23470990	177426	118534	5268335	2895	2417	9820608	0	0	0	0	0
36226	243	839	135559	38755	41562	49899	0	2515	2214	2208	6877	128675	128708	181706	6851	115	6507	344	6322	6392	185	115	50	120	21	6507	235	6507	840	824	16	5683	824	23607144	184278	125041	5304682	3735	3241	9874980	0	0	0	0	0
253475	259	0	1154564	322344	351202	430140	0	22627	20070	19267	61462	1093056	1151559	1435794	3005	2	91	2914	89	89	2	2	1	1	0	91	3	91	0	0	0	91	0	24762317	187284	125132	5558279	3735	3241	10360392	0	0	0	0	0
35904	195	809	135452	38830	41725	49512	0	2474	2248	2223	6889	128558	128999	180584	6453	104	6124	329	5982	6020	142	104	57	95	18	6124	199	6124	810	786	24	5338	786	24898349	193739	131256	5594324	449	4027	10414775	0	0	0	0	0
253169	233	0	1153600	322719	349776	430048	0	22663	20058	19317	61531	1092033	1150577	1434812	3023	1	91	2932	88	90	3	1	1	3	0	91	4	91	0	0	0	91	0	26052535	196764	131347	5847623	449	4027	10900197	0	0	0	0	0
36262	273	880	135670	38916	41784	49445	0	2599	2305	2164	7001	128665	128797	181583	6873	130	6550	323	6341	6420	209	130	53	132	28	6550	262	6550	883	858	25	5692	858	26188801	203640	137897	5884019	1332	789	10954559	0	0	0	0	0
252071	236	0	1152125	321732	349880	429668	0	22624	19928	19260	61292	1090783	1149117	1433200	3008	0	92	2916	91	92	1	0	0	1	0	92	1	92	0	0	0	92	0	27341547	206648	137989	6136203	1332	789	11439979	0	0	0	0	0
35657	221	866	135468	38669	41259	50165	0	2487	2275	2174	6893	128574	129084	180457	6384	117	6073	311	5902	5956	171	117	37	91	18	6073	208	6073	871	842	29	5231	842	27477580	213032	144062	6172001	2203	1631	11494353	0	0	0	0	0
252448	260	0	1153200	320878	350109	431130	0	22728	19963	19271	61462	1091684	1150151	1433579	3049	0	91	2958	87	91	4	0	0	4	0	91	4	91	0	0	0	91	0	28631397	216083	144153	6424578	2203	1631	11979763	0	0	0	0	0
35897	242	840	136012	38844	41719	49929	0	2603	2281	2206	7025	128975	129341	181683	6671	115	6362	309	6182	6247	180	115	47	112	22	6362	227	6362	841	815	26	5547	815	28767982	222755	150515	6460607	3044	2446	12034136	0	0	0	0	0
252828	262	0	1153743	322119	349999	430629	0	22697	20036	19137	61385	1092327	1150764	1434232	2979	0	96	2883	94	96	2	0	0	2	0	96	2	96	0	0	0	96	0	29922283	225736	150611	6713558	3044	2446	12519547	0	0	0	0	0
36386	250	904	135523	39133	41472	49470	0	2571	2249	2203	6953	128563	128730	181221	6793	134	6478	315	6295	6344	183	134	54	103	19	6478	237	6478	908	877	31	5601	877	30058445	232534	157090	6750068	3952	3323	12573931	0	0	0	0	0
253021	254	0	1155083	322270	350725	430694	0	22909	20066	19172	61639	1093400	1152178	1435851	2905	3	95	2810	93	92	2	3	2	1	0	95	4	95	0	0	0	95	0	31214114	235442	157185	7003221	3952	3323	13059340	0	0	0	0	0
36323	273	831	135972	39283	41720	49509	0	2570	2258	2209	6982	128982	129048	182224	6924	142	6552	372	6342	6410	210	142	46	114	28	6552	256	6552	832	806	26	5746	806	31350665	242366	163737	7039654	688	33	13113714	0	0	0	0	0
253546	250	0	1153067	322028	350505	429747	0	22593	19971	19248	61252	1091781	1150098	1433730	2969	2	94	2875	92	92	2	2	1	1	1	94	3	94	0	0	0	94	0	32504310	245336	163831	7293317	688	33	13599124	0	0	0	0	0
36407	259	878	135448	38732	41463	49851	0	2539	2291	2115	6874	128568	128677	181165	6771	140	6425	346	6223	6285	202	140	53	115	28	6425	255	6425	881	861	20	5564	861	32640361	252108	170256	7329836	1569	894	13653509	0	0	0	0	0
252986	236	0	1152932	321518	350658	429331	0	23050	19936	19362	61792	1091091	1149960	1433927	2972	2	72	2900	72	70	0	2	2	0	0	72	2	72	0	0	0	72	0	33793850	255080	170328	7582956	1569	894	14138918	0	0	0	0	0
36478	259	901	136480	39034	41960	49931	0	2590	2293	2269	7081	129394	129479	183177	7001	129	6696	305	6497	6567	199	129	46	116	21	6696	245	6696	904	875	29	5821	875	33930866	262083	177024	7619553	2473	1769	14193291	0	0	0	0	0
254575	244	0	1153965	322038	350141	431187	0	22616	19851	18995	60962	1092963	1150980	1434754	2985	2	87	2898	85	85	2	2	1	1	1	87	3	87	0	0	0	87	0	35085382	265070	177111	7874254	2473	1769	14678702	0	0	0	0	0
35956	259	855	135410	38969	41294	49601	0	2658	2214	2195	7011	128394	128662	181086	6748	133	6391	357	6191	6258	200	133	49	116	30	6391	249	6391	857	837	20	5554	837	35221388	271820	183502	7910342	3330	2606	14733076	0	0	0	0	0
253372	249	0	1153536	322008	349751	430155	0	22801	20259	19450	62020	1091466	1150576	1434388	2960	0	83	2877	82	83	1	0	0	1	0	83	1	83	0	0	0	83	0	36375472	274782	183585	8163829	3330	2606	15218497	0	0	0	0	0
36094	266	838	135132	38914	41195	49573	0	2565	2243	2210	6960	128166	128348	180856	6784	143	6442	342	6245	6299	197	143	53	107	36	6442	250	6442	840	822	18	5620	822	36511199	281568	190027	8200035	74	3428	15272868	0	0	0	0	0
253115	224	0	1153614	322089	349819	430691	0	22750	19898	19171	61339	1092235	1150506	1434779	3108	0	92	3016	91	92	1	0	0	1	0	92	1	92	0	0	0	92	0	37665418	284677	190119	8453280	74	3428	15758279	0	0	0	0	0
36482	249	803	135762	38841	41374	49930	0	2517	2331	2241	7026	128729	128986	181588	6776	139	6467	309	6277	6328	190	139	45	96	39	6467	235	6467	808	786	22	5681	786	37801735	291455	196588	8489891	882	118	15812652	0	0	0	0	0

processed_m4468_ME11_HV0_test40_SRCoff_170714_160053_TMBCounters.txt																																													
alct0 valid pattern flag received	alct1 valid pattern flag received	raw hits readout   	Pretrigger   	Pretrigger on CFEB0	Pretrigger on CFEB1	Pretrigger on CFEB2	Pretrigger on CFEB3	Pretrigger on CFEB4	Pretrigger on CFEB5	Pretrigger on CFEB6	Pretrigger on ME1A CFEB 4-6 only	Pretrigger on ME1B CFEBs 0-3 only	Discarded, CLCT0 invalid pattern after drift	BX pretrig waiting for triads to dissipate	clct0 sent to TMB matching section	clct1 sent to TMB matching section	TMB accepted alct	TMB match reject event  	Matching found one ALCT	Matching found one CLCT	Matching found two ALCTs	Matching found two CLCTs	ALCT0 copied into ALCT1 to make 2nd LCT	CLCT0 copied into CLCT1 to make 2nd LCT	LCT1 has higher quality than LCT0 	Transmitted LCT0 to MPC	Transmitted LCT1 to MPC	MPC rejected both LCT0 and LCT1	L1A received   	L1A received, TMB in L1A window	L1A received, no TMB in window	TMB triggered, no L1A in window	TMB readouts completed	Pretrigger counter   	CLCT counter   	TMB trigger counter	ALCTs received counter	L1As received counter 	Readout counter 	Orbit counter	CLCT pre-trigger and ALCT coincidence counter	CFEB0 active flag sent to DMB for readout	CFEB1 active flag sent to DMB for readout	CFEB2 active flag sent to DMB for readout	CFEB3 active flag sent to DMB for readout
42235	414	1362	141496	41193	43337	51503	0	2709	2404	2191	7246	134245	130543	196997	10953	229	10642	311	10318	10413	324	229	87	182	38	10642	411	10642	1366	1330	36	9312	1330	263203	11265	10651	69466	1366	1330	104813	0	0	0	0	0
263631	279	0	1168622	326701	353857	435906	0	23200	20296	19546	62566	1106008	1165531	1453959	3091	1	102	2989	99	101	3	1	0	2	0	102	3	102	0	0	0	102	0	1432419	14358	10753	333247	1366	1330	590224	0	0	0	0	0
41896	399	1376	141106	40955	43300	51553	0	2509	2372	2277	7103	134000	130322	196609	10784	228	10450	334	10131	10222	319	228	74	165	46	10450	393	10450	1377	1352	25	9098	1352	1574123	25142	21203	375273	2743	2682	644597	0	0	0	0	0
263146	279	0	1167389	326478	353283	435979	0	23037	20222	19557	62295	1105059	1164297	1452041	3092	1	91	3001	91	90	0	1	1	0	1	91	1	91	0	0	0	91	0	2742105	28236	21294	638548	2743	2682	1130007	0	0	0	0	0
41705	380	1310	141215	40941	43497	51401	0	2621	2259	2232	7057	134153	130768	195713	10447	219	10082	365	9789	9863	293	219	96	170	32	10082	389	10082	1314	1288	26	8794	1288	2883927	38683	31376	680401	4057	3970	1184379	0	0	0	0	0
262590	261	0	1168456	326493	353646	436098	0	23237	20292	19696	62782	1105633	1165463	1454016	2993	0	78	2915	74	78	4	0	0	4	0	78	4	78	0	0	0	78	0	4052963	41679	31455	943127	4057	3970	1669801	0	0	0	0	0
42611	412	1387	141890	41225	43340	51899	0	2615	2237	2320	7110	134770	130790	197864	11100	224	10755	345	10440	10531	315	224	82	173	48	10755	397	10755	1391	1360	31	9395	1360	4195490	52781	42211	985866	1352	1234	1724174	0	0	0	0	0
262325	277	0	1167214	326785	352669	435335	0	23212	20494	19685	62872	1104299	1164223	1452412	2991	1	81	2910	78	80	3	1	0	2	0	81	3	81	0	0	0	81	0	5363283	55773	42292	1248317	1352	1234	2209585	0	0	0	0	0
42654	400	1419	141561	40934	43294	51792	0	2666	2418	2235	7263	134293	130469	197673	11092	201	10761	331	10448	10560	313	201	78	190	39	10761	391	10761	1423	1380	43	9381	1380	5505460	66866	53053	1291122	2775	2614	2263957	0	0	0	0	0
262894	269	0	1167620	326704	353735	435073	0	23233	20418	19539	62657	1104913	1164598	1453131	3023	1	99	2924	96	98	3	1	0	2	1	99	3	99	0	0	0	99	0	6673676	69890	53152	1554137	2775	2614	2749378	0	0	0	0	0
41623	352	1406	140989	40720	43203	51582	0	2708	2285	2313	7248	133734	130433	195746	10556	215	10237	319	9957	10022	280	215	93	158	34	10237	373	10237	1408	1375	33	8862	1375	6815280	80447	63389	1595904	87	3989	2803752	0	0	0	0	0
262039	274	0	1166610	325752	353458	434810	0	23456	20579	19618	63122	1103440	1163468	1450748	3142	0	82	3060	81	82	1	0	0	1	0	82	1	82	0	0	0	82	0	7982492	83591	63471	1858093	87	3989	3289162	0	0	0	0	0
42490	436	1402	141187	41009	43439	51197	0	2558	2374	2392	7272	133909	129998	197248	11189	229	10887	302	10535	10658	352	229	76	199	45	10887	428	10887	1406	1378	28	9509	1378	8124281	94781	74358	1900708	1493	1271	3343534	0	0	0	0	0
263549	273	0	1167708	325267	354168	435925	0	23281	20374	19575	62686	1104982	1164775	1452922	2933	1	93	2840	91	92	2	1	1	2	1	93	3	93	0	0	0	93	0	9292555	97716	74451	2164387	1493	1271	3828956	0	0	0	0	0
42427	396	1369	141190	40975	43577	51273	0	2623	2355	2211	7133	134053	130147	196791	11043	218	10725	318	10411	10507	314	218	77	173	40	10725	391	10725	1370	1333	37	9392	1333	9434344	108761	85176	2206949	2863	2604	3883329	0	0	0	0	0
261431	252	0	1166346	326487	352328	434939	0	23469	20413	19572	62928	1103377	1163301	1449936	3045	1	95	2950	94	94	1	1	1	1	0	95	2	95	0	0	0	95	0	10601311	111807	85271	2468535	2863	2604	4368740	0	0	0	0	0
42641	388	1447	141686	41181	43639	51398	0	2646	2334	2267	7186	134491	130593	197687	11092	229	10785	307	10475	10556	310	229	79	160	50	10785	389	10785	1450	1415	35	9370	1415	10743564	122899	96056	2511300	217	4019	4423113	0	0	0	0	0
262374	258	0	1171064	327073	355127	436633	0	23353	20349	19633	62799	1108220	1168003	1456679	3061	0	103	2958	102	103	1	0	0	1	0	103	1	103	0	0	0	103	0	11915174	125962	96159	2773813	217	4019	4908535	0	0	0	0	0
42988	395	1454	141751	41025	43609	51721	0	2691	2366	2224	7203	134534	130353	198429	11398	235	11042	356	10725	10807	317	235	96	178	40	11042	413	11042	1459	1426	33	9616	1426	12057517	137362	107202	2816921	1676	1349	4962906	0	0	0	0	0
262776	253	0	1168037	327102	353120	435436	0	23333	20322	19700	62819	1105175	1165025	1452885	3012	2	89	2923	88	87	1	2	1	0	1	89	2	89	0	0	0	89	0	13226151	140377	107292	3079820	1676	1349	5448320	0	0	0	0	0
42279	405	1420	141577	41233	43734	51096	0	2723	2401	2239	7296	134276	130422	197447	11155	225	10826	329	10503	10601	323	225	76	174	34	10826	399	10826	1420	1391	29	9435	1391	13368318	151534	118119	3122233	3096	2740	5502690	0	0	0	0	0
262242	286	0	1171219	329811	353719	435639	0	23260	20467	19334	62539	1108636	1168170	1457024	3049	1	93	2956	91	92	2	1	1	2	0	93	3	93	0	0	0	93	0	14540118	154584	118212	3384609	3096	2740	5988101	0	0	0	0	0
42035	393	1348	141305	41321	43266	51185	0	2681	2349	2306	7281	134020	130324	196663	10981	233	10636	345	10325	10403	311	233	90	168	36	10636	401	10636	1350	1309	41	9327	1309	14682010	165566	128848	3426776	350	4049	6042485	0	0	0	0	0
261606	278	0	1178059	336528	353579	435806	0	23307	20523	19445	62791	1115214	1174921	1465963	3138	1	83	3055	77	82	6	1	0	5	0	83	6	83	0	0	0	83	0	15860671	168704	128931	3688523	350	4049	6527896	0	0	0	0	0
42273	375	1345	143730	43111	43682	51418	0	2586	2446	2313	7279	136440	132844	199652	10886	216	10510	376	10211	10294	299	216	87	170	33	10510	386	10510	1351	1316	35	9194	1316	16005005	179590	139441	3730925	1701	1269	6582268	0	0	0	0	0
262341	264	0	1180850	339512	352925	436032	0	23392	20467	19563	62940	1117863	1177723	1468367	3127	1	104	3023	102	103	2	1	0	1	0	104	2	104	0	0	0	104	0	17186449	182719	139546	3993385	1701	1269	7067689	0	0	0	0	0
42022	357	1418	140841	41164	42872	51388	0	2643	2243	2269	7099	133738	130000	196228	10841	235	10507	334	10227	10272	280	235	94	139	45	10507	374	10507	1422	1397	25	9110	1397	17327908	193561	150053	4035531	3123	2666	7122063	0	0	0	0	0
261844	264	0	1166372	326672	353258	434359	0	23298	20173	19628	62606	1103719	1163271	1451796	3101	0	97	3004	96	97	1	0	0	1	0	97	1	97	0	0	0	97	0	18494881	196662	150150	4297496	3123	2666	7607473	0	0	0	0	0
41800	376	1365	141120	40752	43599	51305	0	2688	2384	2209	7203	133907	130392	196203	10728	211	10382	346	10073	10171	309	211	89	187	44	10382	398	10382	1372	1342	30	9040	1342	18636593	207392	160534	4339432	399	4008	7661845	0	0	0	0	0

