processed_m4498_ME11_HV0_test40_SRCoff_170715_193229_TMBCounters.txt																																													
alct0 valid pattern flag received	alct1 valid pattern flag received	raw hits readout   	Pretrigger   	Pretrigger on CFEB0	Pretrigger on CFEB1	Pretrigger on CFEB2	Pretrigger on CFEB3	Pretrigger on CFEB4	Pretrigger on CFEB5	Pretrigger on CFEB6	Pretrigger on ME1A CFEB 4-6 only	Pretrigger on ME1B CFEBs 0-3 only	Discarded, CLCT0 invalid pattern after drift	BX pretrig waiting for triads to dissipate	clct0 sent to TMB matching section	clct1 sent to TMB matching section	TMB accepted alct	TMB match reject event  	Matching found one ALCT	Matching found one CLCT	Matching found two ALCTs	Matching found two CLCTs	ALCT0 copied into ALCT1 to make 2nd LCT	CLCT0 copied into CLCT1 to make 2nd LCT	LCT1 has higher quality than LCT0 	Transmitted LCT0 to MPC	Transmitted LCT1 to MPC	MPC rejected both LCT0 and LCT1	L1A received   	L1A received, TMB in L1A window	L1A received, no TMB in window	TMB triggered, no L1A in window	TMB readouts completed	Pretrigger counter   	CLCT counter   	TMB trigger counter	ALCTs received counter	L1As received counter 	Readout counter 	Orbit counter	CLCT pre-trigger and ALCT coincidence counter	CFEB0 active flag sent to DMB for readout	CFEB1 active flag sent to DMB for readout	CFEB2 active flag sent to DMB for readout	CFEB3 active flag sent to DMB for readout
28691	764	2118	40538	13363	12847	13865	0	677	608	557	1783	38737	20086	90573	20452	523	20392	60	19746	19869	646	523	198	321	93	20392	844	20392	2123	2113	10	18279	2113	58429	20478	20394	31116	2123	2113	104813	0	0	0	0	0
7143	12	0	53039	14936	15929	19624	0	1200	908	878	2969	50069	52946	65590	93	0	22	71	20	22	2	0	0	2	0	22	2	22	0	0	0	22	0	111592	20572	20416	38283	2123	2113	252863	0	0	0	0	0
28579	757	2047	40638	13237	13148	13856	0	678	545	568	1740	38881	20287	90369	20351	535	20273	78	19623	19739	650	534	206	322	101	20273	856	20273	2049	2041	8	18232	2041	152300	40923	40689	66877	76	58	307236	0	0	0	0	0
7296	7	0	53111	14773	16207	19745	0	1155	865	839	2838	50271	53036	65909	75	0	14	61	14	14	0	0	0	0	0	14	0	14	0	0	0	14	0	205512	40998	40703	74186	76	58	455274	0	0	0	0	0
27802	774	2013	39845	13047	12698	13688	0	612	583	562	1710	38125	20162	88271	19683	540	19610	73	18942	19070	668	540	200	328	103	19610	868	19610	2017	2006	11	17604	2006	245455	60681	60313	101997	2093	2064	509659	0	0	0	0	0
7137	8	0	53220	14809	16173	19813	0	1145	871	867	2866	50353	53129	65924	91	0	19	72	19	19	0	0	0	0	0	19	0	19	0	0	0	19	0	298765	60772	60332	109144	2093	2064	657697	0	0	0	0	0
30397	855	2267	41733	13837	13321	14064	0	718	645	587	1889	39836	19967	94587	21766	584	21677	89	20934	21093	743	584	188	347	112	21677	931	21677	2272	2259	13	19418	2259	340591	82538	82009	139551	269	227	712082	0	0	0	0	0
7161	6	0	53229	14872	16124	19807	0	1166	906	840	2893	50335	53127	65929	102	0	20	82	20	20	0	0	0	0	0	20	0	20	0	0	0	20	0	393913	82640	82029	146719	269	227	860120	0	0	0	0	0
28292	796	2121	39968	12970	12924	13636	0	671	589	587	1795	38160	19936	88727	20032	485	19935	97	19267	19450	668	485	168	351	92	19935	836	19935	2125	2111	14	17824	2111	433971	102672	101964	175028	2394	2338	914493	0	0	0	0	0
7284	11	0	53311	14752	16223	19870	0	1166	929	832	2914	50396	53213	65935	98	0	12	86	12	12	0	0	0	0	0	12	0	12	0	0	0	12	0	487375	102770	101976	182323	2394	2338	1062543	0	0	0	0	0
29109	802	2121	40782	13466	13049	13830	0	674	588	585	1792	38980	20124	91254	20658	524	20584	74	19904	20060	680	524	192	348	83	20584	872	20584	2128	2111	17	18473	2111	528257	123428	122560	211444	426	353	1116916	0	0	0	0	0
7011	13	0	53087	14738	15932	19901	0	1193	914	883	2968	50119	52997	65789	90	0	8	82	7	8	1	0	0	1	0	8	1	8	0	0	0	8	0	581419	123518	122568	218466	426	353	1264966	0	0	0	0	0
27121	759	1976	39224	13001	12588	13145	0	595	569	562	1683	37530	20043	86433	19181	498	19117	64	18459	18619	658	498	171	331	98	19117	829	19117	1980	1970	10	17147	1970	620733	142699	141685	245595	2406	2323	1319339	0	0	0	0	0
7215	8	0	53437	14946	16123	19887	0	1178	892	861	2915	50522	53338	66157	99	1	10	89	8	9	2	1	0	1	0	10	2	10	0	0	0	10	0	674250	142798	141695	252816	2406	2323	1467378	0	0	0	0	0
30116	846	2314	41785	13954	13330	14064	0	672	605	556	1768	39998	20104	94362	21681	564	21593	88	20842	21029	751	564	199	386	108	21593	950	21593	2321	2303	18	19290	2303	716122	164479	163288	282944	631	530	1521762	0	0	0	0	0
7354	9	0	53103	14872	16009	19799	0	1122	922	849	2880	50223	53011	65761	92	0	16	76	14	16	2	0	0	2	0	16	2	16	0	0	0	16	0	769334	164571	163304	290302	631	530	1669801	0	0	0	0	0
28481	797	2127	40356	13184	12857	13845	0	665	556	579	1750	38595	20109	89868	20247	501	20170	77	19489	19669	681	501	175	355	98	20170	856	20170	2130	2119	11	18051	2119	809777	184818	183474	318797	2761	2649	1724184	0	0	0	0	0
7183	9	0	53414	14986	16051	19884	0	1176	900	884	2934	50479	53338	66407	76	1	10	66	9	9	1	1	0	0	0	10	1	10	0	0	0	10	0	863292	184894	183484	325991	2761	2649	1872224	0	0	0	0	0
28918	762	2121	40850	13457	13089	13906	0	654	583	552	1734	39104	20265	90957	20585	503	20505	80	19880	20002	625	503	179	301	85	20505	804	20505	2125	2108	17	18397	2108	904227	205480	203989	354930	790	661	1926595	0	0	0	0	0
7230	12	0	53150	14751	15990	20006	0	1156	893	828	2854	50296	53073	65552	77	0	9	68	8	9	1	0	0	1	0	9	1	9	0	0	0	9	0	957465	205557	203998	362175	790	661	2074647	0	0	0	0	0
29041	802	2069	40961	13452	13042	14031	0	673	590	541	1753	39198	20206	91612	20755	525	20691	64	19982	20166	709	525	174	358	110	20691	883	20691	2071	2059	12	18632	2059	998512	226312	224689	391223	2861	2720	2129020	0	0	0	0	0
7287	12	0	53261	14887	16243	19763	0	1099	908	815	2801	50459	53183	66072	78	1	8	70	7	7	1	1	0	0	1	8	1	8	0	0	0	8	0	1051859	226390	224697	398530	2861	2720	2277070	0	0	0	0	0
29092	777	2152	40768	13325	13215	13779	0	663	553	571	1725	39022	20021	91525	20747	527	20683	64	20038	20156	645	527	181	299	89	20683	826	20683	2158	2138	20	18545	2138	1092700	247137	245380	427633	923	762	2331441	0	0	0	0	0
7373	9	0	52647	14544	15959	19672	0	1198	889	846	2905	49741	52559	65310	88	2	16	72	15	14	1	2	2	1	0	16	3	16	0	0	0	16	0	1145421	247225	245396	435016	923	762	2479481	0	0	0	0	0
29800	848	2275	41550	13798	13198	14191	0	721	578	577	1823	39707	20177	93479	21373	551	21304	69	20580	20754	724	550	201	375	103	21304	925	21304	2283	2266	17	19038	2266	1187067	268598	266700	464822	3206	3028	2533864	0	0	0	0	0
7335	5	0	53418	15016	16055	19933	0	1123	932	834	2866	50552	53336	66025	82	1	8	74	7	7	1	1	1	1	1	8	2	8	0	0	0	8	0	1240558	268680	266708	472167	3206	3028	2681903	0	0	0	0	0
31479	856	2278	42831	14190	13782	14516	0	652	595	599	1793	41024	20280	97352	22551	512	22476	75	21734	21964	742	512	164	394	75	22476	906	22476	2288	2271	17	20205	2271	1283477	291232	289185	503657	1398	1203	2736287	0	0	0	0	0
7317	11	0	53269	15039	15994	19871	0	1092	902	826	2805	50464	53173	65946	96	0	13	83	13	13	0	0	0	0	0	13	0	13	0	0	0	13	0	1336842	291329	289198	510991	1398	1203	2884326	0	0	0	0	0
29024	799	2162	40697	13357	13074	13751	0	690	602	596	1822	38860	20024	91139	20673	532	20597	76	19913	20065	684	532	177	329	104	20597	861	20597	2163	2152	11	18445	2152	1377649	312002	309795	540026	3561	3355	2938699	0	0	0	0	0
7111	6	0	53377	14798	16110	20062	0	1128	881	882	2876	50500	53309	66065	68	2	9	59	8	7	1	2	1	0	0	9	2	9	0	0	0	9	0	1431093	312070	309804	547153	3561	3355	3086749	0	0	0	0	0
12894	294	867	27873	8646	8786	9636	0	556	462	409	1393	26474	19835	50207	8038	200	7993	45	7743	7793	250	200	82	132	33	7993	332	7993	868	864	4	7129	864	1459041	320108	317797	560056	333	123	3141122	0	0	0	0	0
7261	10	0	53216	14825	16103	19879	0	1137	877	895	2887	50328	53126	65837	90	1	10	80	9	9	1	1	0	0	0	10	1	10	0	0	0	10	0	1512343	320198	317807	567330	333	123	3289172	0	0	0	0	0
27559	784	1868	39616	12964	12565	13619	0	659	598	530	1724	37879	19982	87856	19634	495	19571	63	18905	19076	666	495	166	337	62	19571	832	19571	1872	1863	9	17708	1863	1552044	339832	337378	594896	2205	1986	3343546	0	0	0	0	0
7105	12	0	53011	14862	15977	19820	0	1126	848	841	2799	50212	52913	65622	98	0	14	84	14	14	0	0	0	0	0	14	0	14	0	0	0	14	0	1605131	339930	337392	602011	2205	1986	3491595	0	0	0	0	0
30543	836	2324	41923	13821	13544	14147	0	643	604	602	1796	40114	20046	95049	21877	532	21799	78	21081	21267	718	532	188	374	101	21799	906	21799	2326	2307	19	19492	2307	1647134	361808	359191	632565	435	197	3545968	0	0	0	0	0
7146	11	0	53195	14671	16115	19942	0	1141	884	905	2910	50284	53094	65906	101	1	16	85	15	15	1	1	0	0	0	16	1	16	0	0	0	16	0	1700413	361909	359207	639722	435	197	3694006	0	0	0	0	0
31288	895	2320	42370	14028	13627	14282	0	683	615	598	1843	40511	19967	96720	22403	563	22326	77	21545	21763	781	563	188	406	100	22326	969	22326	2323	2311	12	20015	2311	1742875	384312	381533	671021	2758	2508	3748391	0	0	0	0	0
7292	4	0	53043	14841	15984	19708	0	1205	922	846	2948	50094	52957	65806	86	0	17	69	17	17	0	0	0	0	0	17	0	17	0	0	0	17	0	1796015	384398	381550	678325	2758	2508	3896429	0	0	0	0	0

processed_m4500_ME11_HV0_test40_SRCoff_170715_194941_TMBCounters.txt																																													
alct0 valid pattern flag received	alct1 valid pattern flag received	raw hits readout   	Pretrigger   	Pretrigger on CFEB0	Pretrigger on CFEB1	Pretrigger on CFEB2	Pretrigger on CFEB3	Pretrigger on CFEB4	Pretrigger on CFEB5	Pretrigger on CFEB6	Pretrigger on ME1A CFEB 4-6 only	Pretrigger on ME1B CFEBs 0-3 only	Discarded, CLCT0 invalid pattern after drift	BX pretrig waiting for triads to dissipate	clct0 sent to TMB matching section	clct1 sent to TMB matching section	TMB accepted alct	TMB match reject event  	Matching found one ALCT	Matching found one CLCT	Matching found two ALCTs	Matching found two CLCTs	ALCT0 copied into ALCT1 to make 2nd LCT	CLCT0 copied into CLCT1 to make 2nd LCT	LCT1 has higher quality than LCT0 	Transmitted LCT0 to MPC	Transmitted LCT1 to MPC	MPC rejected both LCT0 and LCT1	L1A received   	L1A received, TMB in L1A window	L1A received, no TMB in window	TMB triggered, no L1A in window	TMB readouts completed	Pretrigger counter   	CLCT counter   	TMB trigger counter	ALCTs received counter	L1As received counter 	Readout counter 	Orbit counter	CLCT pre-trigger and ALCT coincidence counter	CFEB0 active flag sent to DMB for readout	CFEB1 active flag sent to DMB for readout	CFEB2 active flag sent to DMB for readout	CFEB3 active flag sent to DMB for readout
20610	429	1729	12976	3909	4708	4231	0	111	130	107	344	12632	11782	19668	1194	29	1165	29	1053	1136	112	29	6	89	3	1165	118	1165	2095	203	1892	962	203	20201	1202	1165	21812	2095	203	104801	0	0	0	0	0
3373	3	0	20801	5548	6930	7666	0	301	294	256	841	19960	20783	25590	18	0	0	18	0	0	0	0	0	0	0	0	0	0	0	0	0	0	0	41032	1220	1165	25191	2095	203	252840	0	0	0	0	0
21434	475	1792	13139	3892	4825	4261	0	121	157	120	396	12743	11971	19779	1168	31	1146	22	1033	1115	113	31	13	95	9	1146	126	1146	2125	215	1910	931	215	54202	2388	2311	46628	124	418	307224	0	0	0	0	0
3333	2	0	20958	5611	7086	7685	0	286	284	232	797	20161	20935	25773	23	0	2	21	2	2	0	0	0	0	0	2	0	2	0	0	0	2	0	75196	2411	2313	49971	124	418	455263	0	0	0	0	0
21328	433	1877	13046	3823	4794	4287	0	125	141	108	374	12672	11867	19746	1179	30	1148	31	1050	1118	98	30	8	76	10	1148	106	1148	2244	229	2015	919	229	88274	3590	3461	71302	2368	647	509647	0	0	0	0	0
3453	3	0	20986	5730	6924	7679	0	307	284	274	856	20130	20963	25858	23	1	1	22	1	0	0	1	1	0	0	1	1	1	0	0	0	1	0	109295	3613	3462	74759	2368	647	657686	0	0	0	0	0
21445	432	1850	13129	3836	4764	4328	0	141	152	132	421	12708	11881	19957	1248	32	1213	35	1103	1181	110	32	5	83	7	1213	115	1213	2209	206	2003	1007	206	122458	4861	4675	96209	481	853	712059	0	0	0	0	0
3439	5	0	20793	5549	6882	7716	0	312	274	270	849	19944	20776	25606	17	0	0	17	0	0	0	0	0	0	0	0	0	0	0	0	0	0	0	143289	4878	4675	99651	481	853	860109	0	0	0	0	0
21934	431	1946	13324	4005	4806	4372	0	108	156	121	380	12943	12114	20303	1210	37	1184	26	1069	1147	115	37	12	90	5	1184	127	1184	2324	196	2128	988	196	156657	6088	5859	121593	2805	1049	914482	0	0	0	0	0
3418	2	0	20941	5680	6952	7686	0	307	280	238	818	20123	20920	25853	21	0	0	21	0	0	0	0	0	0	0	0	0	0	0	0	0	0	0	177634	6109	5859	125017	2805	1049	1062531	0	0	0	0	0
22287	436	1898	13291	3956	4833	4362	0	131	132	125	384	12907	12076	20238	1215	33	1188	27	1073	1155	115	33	11	93	7	1188	126	1188	2289	210	2079	978	210	190964	7324	7047	147316	998	1259	1116905	0	0	0	0	0
3342	2	0	20738	5708	6962	7433	0	296	282	261	833	19905	20717	25560	21	0	0	21	0	0	0	0	0	0	0	0	0	0	0	0	0	0	0	211724	7345	7047	150661	998	1259	1264954	0	0	0	0	0
19778	414	1725	12694	3764	4593	4203	0	117	136	124	371	12323	11588	19107	1106	28	1085	21	979	1057	106	28	9	87	5	1085	115	1085	2039	187	1852	898	187	224446	8451	8132	170449	3037	1446	1319326	0	0	0	0	0
3433	7	0	21020	5675	6925	7800	0	280	285	247	805	20215	21002	25922	18	0	0	18	0	0	0	0	0	0	0	0	0	0	0	0	0	0	0	245498	8469	8132	173885	3037	1446	1467366	0	0	0	0	0
20732	437	1724	12897	3916	4691	4155	0	111	131	123	357	12540	11731	19454	1166	31	1145	21	1020	1114	125	31	8	102	7	1145	133	1145	2089	216	1873	929	216	258419	9635	9277	194624	1030	1662	1521739	0	0	0	0	0
3418	2	0	20995	5667	7080	7625	0	291	264	260	814	20181	20983	25855	12	0	0	12	0	0	0	0	0	0	0	0	0	0	0	0	0	0	0	279449	9647	9277	198047	1030	1662	1669789	0	0	0	0	0
19182	397	1662	12774	3806	4619	4203	0	118	118	122	353	12419	11676	19176	1098	34	1065	33	976	1031	89	34	13	68	3	1065	102	1065	2005	186	1819	879	186	292261	10745	10342	217239	3035	1848	1724162	0	0	0	0	0
3355	2	0	21112	5704	7126	7685	0	281	275	250	798	20314	21089	25957	23	0	1	22	1	1	0	0	0	0	0	1	0	1	0	0	0	1	0	313403	10768	10343	220604	3035	1848	1872211	0	0	0	0	0
19931	434	1705	12814	3776	4727	4145	0	134	139	118	384	12430	11677	19316	1137	39	1117	20	994	1078	123	39	12	96	3	1117	135	1117	2039	193	1846	924	193	326255	11905	11460	240540	978	2041	1926585	0	0	0	0	0
3376	4	0	20980	5790	6864	7657	0	293	290	258	833	20147	20960	25794	20	0	0	20	0	0	0	0	0	0	0	0	0	0	0	0	0	0	0	347270	11925	11460	243923	978	2041	2074635	0	0	0	0	0
19725	372	1690	12511	3749	4582	4042	0	128	135	108	366	12144	11438	18836	1073	22	1043	30	953	1021	90	22	10	78	4	1043	100	1043	2003	189	1814	854	189	359830	12998	12503	263659	2981	2230	2129007	0	0	0	0	0
3420	2	0	20781	5595	7101	7455	0	297	281	263	834	19947	20751	25518	30	0	1	29	1	1	0	0	0	0	0	1	0	1	0	0	0	1	0	380643	13028	12504	267084	2981	2230	2277058	0	0	0	0	0
20822	432	1772	12993	3897	4757	4205	0	125	137	113	372	12621	11833	19609	1160	44	1145	15	1024	1101	121	44	9	86	9	1145	130	1145	2146	192	1954	953	192	393666	14188	13649	287913	1031	2422	2331430	0	0	0	0	0
3404	3	0	20676	5606	6958	7531	0	265	278	249	780	19896	20644	25522	32	0	2	30	1	2	1	0	0	1	0	2	1	2	0	0	0	2	0	414388	14220	13651	291325	1031	2422	2479470	0	0	0	0	0
20127	389	1787	12820	3832	4744	4121	0	117	150	123	385	12434	11686	19297	1134	29	1111	23	1011	1082	100	29	7	78	6	1111	107	1111	2112	217	1895	894	217	427242	15354	14762	311456	3143	2639	2533844	0	0	0	0	0
3329	3	0	21144	5637	7147	7701	0	328	312	236	867	20277	21128	25909	16	0	2	14	2	2	0	0	0	0	0	2	0	2	0	0	0	2	0	448429	15370	14764	314791	3143	2639	2681893	0	0	0	0	0
21087	413	1841	13287	4057	4756	4287	0	136	152	122	407	12880	12077	20095	1210	33	1178	32	1084	1145	94	33	10	71	3	1178	104	1178	2182	218	1964	960	218	461774	16580	15942	335885	1229	2857	2736277	0	0	0	0	0
3421	5	0	20718	5625	6852	7573	0	290	282	285	851	19867	20693	25598	25	0	0	25	0	0	0	0	0	0	0	0	0	0	0	0	0	0	0	482524	16605	15942	339309	1229	2857	2884316	0	0	0	0	0
21193	446	1804	13084	3956	4737	4283	0	104	110	147	359	12725	11869	19897	1215	29	1184	31	1051	1155	133	29	3	107	8	1184	136	1184	2195	190	2005	994	190	495644	17820	17126	360507	3424	3047	2938687	0	0	0	0	0
3418	6	0	20990	5641	7076	7654	0	310	293	223	819	20171	20967	25839	23	0	0	23	0	0	0	0	0	0	0	0	0	0	0	0	0	0	0	516669	17843	17126	363930	3424	3047	3086738	0	0	0	0	0
20414	415	1801	13026	3785	4792	4351	0	105	98	143	341	12684	11913	19598	1113	27	1099	14	1006	1072	93	27	7	73	10	1099	100	1099	2116	184	1932	915	184	529737	18956	18225	384348	1444	3231	3141112	0	0	0	0	0
3366	4	0	21009	5606	6997	7718	0	318	306	261	881	20128	20990	25932	19	0	0	19	0	0	0	0	0	0	0	0	0	0	0	0	0	0	0	550781	18975	18225	387717	1444	3231	3289160	0	0	0	0	0
20678	422	1822	12963	3881	4714	4240	0	129	138	119	383	12580	11811	19560	1152	37	1120	32	1014	1083	106	37	8	77	6	1120	114	1120	2173	212	1961	908	212	563781	20127	19345	408398	3617	3443	3343533	0	0	0	0	0
3368	1	0	20787	5572	7025	7540	0	307	283	254	840	19947	20764	25582	23	0	1	22	1	1	0	0	0	0	0	1	0	1	0	0	0	1	0	584605	20150	19346	411770	3617	3443	3491572	0	0	0	0	0
19611	408	1646	12586	3673	4584	4154	0	135	134	146	405	12179	11515	18764	1071	23	1049	22	959	1026	90	23	5	72	5	1049	95	1049	1965	187	1778	862	187	597217	21221	20395	431384	1486	3630	3545956	0	0	0	0	0
3372	2	0	20835	5687	7087	7444	0	288	268	260	810	20025	20820	25619	15	0	0	15	0	0	0	0	0	0	0	0	0	0	0	0	0	0	0	618079	21236	20395	434758	1486	3630	3693996	0	0	0	0	0
19057	400	1663	12536	3663	4640	4095	0	123	140	123	379	12156	11477	18705	1059	27	1040	19	947	1013	93	27	7	73	2	1040	100	1040	1974	192	1782	848	192	630645	22295	21435	453823	3460	3822	3748379	0	0	0	0	0
3376	5	0	20786	5694	6874	7619	0	286	266	245	791	19995	20760	25547	26	0	0	26	0	0	0	0	0	0	0	0	0	0	0	0	0	0	0	651458	22321	21435	457202	3460	3822	3896418	0	0	0	0	0
21045	438	1805	12946	3867	4732	4159	0	149	142	122	410	12536	11792	19573	1154	35	1125	29	1013	1090	112	35	6	83	9	1125	118	1125	2153	174	1979	951	174	664436	23475	22560	478252	1517	3996	3950791	0	0	0	0	0
3321	2	0	20796	5588	6962	7592	0	306	290	263	856	19940	20781	25627	15	0	0	15	0	0	0	0	0	0	0	0	0	0	0	0	0	0	0	685259	23490	22560	481580	1517	3996	4098841	0	0	0	0	0
20687	408	1769	13092	3945	4651	4306	0	135	143	136	406	12685	11885	19807	1207	38	1184	23	1078	1146	106	38	10	78	11	1184	116	1184	2093	201	1892	983	201	698389	24697	23744	502274	3610	101	4153214	0	0	0	0	0
3291	3	0	21116	5667	6987	7794	0	330	298	266	887	20229	21089	25979	27	0	1	26	1	1	0	0	0	0	0	1	0	1	0	0	0	1	0	719547	24724	23745	505571	3610	101	4301264	0	0	0	0	0
19501	381	1659	12584	3662	4605	4143	0	129	136	131	394	12190	11488	18999	1096	37	1076	20	973	1039	103	37	10	76	10	1076	113	1076	2012	195	1817	881	195	732159	25820	24821	525079	1526	296	4355637	0	0	0	0	0
3410	3	0	20937	5612	6977	7723	0	299	254	294	846	20091	20913	25921	24	0	2	22	2	2	0	0	0	0	0	2	0	2	0	0	0	2	0	753139	25844	24823	528492	1526	296	4503686	0	0	0	0	0

processed_m4501_ME11_HV0_test40_SRCoff_170715_195835_TMBCounters.txt																																													
alct0 valid pattern flag received	alct1 valid pattern flag received	raw hits readout   	Pretrigger   	Pretrigger on CFEB0	Pretrigger on CFEB1	Pretrigger on CFEB2	Pretrigger on CFEB3	Pretrigger on CFEB4	Pretrigger on CFEB5	Pretrigger on CFEB6	Pretrigger on ME1A CFEB 4-6 only	Pretrigger on ME1B CFEBs 0-3 only	Discarded, CLCT0 invalid pattern after drift	BX pretrig waiting for triads to dissipate	clct0 sent to TMB matching section	clct1 sent to TMB matching section	TMB accepted alct	TMB match reject event  	Matching found one ALCT	Matching found one CLCT	Matching found two ALCTs	Matching found two CLCTs	ALCT0 copied into ALCT1 to make 2nd LCT	CLCT0 copied into CLCT1 to make 2nd LCT	LCT1 has higher quality than LCT0 	Transmitted LCT0 to MPC	Transmitted LCT1 to MPC	MPC rejected both LCT0 and LCT1	L1A received   	L1A received, TMB in L1A window	L1A received, no TMB in window	TMB triggered, no L1A in window	TMB readouts completed	Pretrigger counter   	CLCT counter   	TMB trigger counter	ALCTs received counter	L1As received counter 	Readout counter 	Orbit counter	CLCT pre-trigger and ALCT coincidence counter	CFEB0 active flag sent to DMB for readout	CFEB1 active flag sent to DMB for readout	CFEB2 active flag sent to DMB for readout	CFEB3 active flag sent to DMB for readout
26832	695	2056	33550	10772	11019	11304	0	419	438	412	1247	32298	20457	68165	13093	211	13034	59	12563	12823	471	211	57	317	34	13034	528	13034	2060	1634	426	11400	1634	47270	13108	13034	28522	2060	1634	104813	0	0	0	0	0
4915	3	0	40367	11072	12659	15051	0	726	597	621	1931	38436	40308	49697	59	0	8	51	7	8	1	0	0	1	0	8	1	8	0	0	0	8	0	87703	13167	13042	33442	2060	1634	252862	0	0	0	0	0
27663	725	2178	34049	10992	11396	11242	0	463	408	402	1248	32793	20662	69910	13387	252	13341	46	12839	13089	502	252	77	327	46	13341	579	13341	2187	1692	495	11649	1692	121812	26554	26383	61115	151	3326	307236	0	0	0	0	0
4970	4	0	40825	11176	12783	15219	0	784	622	612	2003	38822	40764	50468	61	0	9	52	9	9	0	0	0	0	0	9	0	9	0	0	0	9	0	162709	26615	26392	66098	151	3326	455285	0	0	0	0	0
27291	737	2124	34017	11069	11163	11324	0	444	430	396	1248	32764	20685	69363	13332	244	13287	45	12782	13043	505	244	79	340	46	13287	584	13287	2128	1658	470	11629	1658	196796	39947	39679	93398	2279	888	509658	0	0	0	0	0
4903	4	0	40145	11021	12646	14932	0	722	617	561	1885	38260	40090	49380	55	0	6	49	6	6	0	0	0	0	0	6	0	6	0	0	0	6	0	237006	40002	39685	98307	2279	888	657697	0	0	0	0	0
25139	667	1886	32508	10489	10819	10743	0	421	436	425	1255	31248	20294	65153	12214	223	12161	53	11708	11938	453	223	78	308	39	12161	531	12161	1888	1487	401	10674	1487	269597	52216	51846	123456	71	2375	712081	0	0	0	0	0
4929	6	0	40215	11014	12451	15200	0	735	583	588	1894	38321	40162	49682	53	1	8	45	7	7	1	1	0	0	0	8	1	8	0	0	0	8	0	309879	52269	51854	128391	71	2375	860120	0	0	0	0	0
26368	711	2059	33289	10662	11171	11050	0	446	427	400	1246	32037	20328	67538	12961	264	12906	55	12420	12642	486	264	76	298	49	12906	562	12906	2062	1614	448	11292	1614	343222	65230	64760	154769	2133	3989	914493	0	0	0	0	0
4902	3	0	40618	11143	12719	15121	0	735	661	620	1999	38619	40562	50237	56	0	11	45	11	11	0	0	0	0	0	11	0	11	0	0	0	11	0	383892	65286	64771	159688	2133	3989	1062543	0	0	0	0	0
26479	717	1980	33258	10740	10990	11080	0	428	413	432	1257	31999	20359	67418	12899	233	12850	49	12376	12617	474	233	73	314	47	12850	547	12850	1985	1559	426	11291	1559	417211	78185	77621	186173	22	1452	1116915	0	0	0	0	0
4985	2	0	40529	11261	12844	14830	0	712	668	583	1942	38585	40478	50205	51	0	5	46	5	5	0	0	0	0	0	5	0	5	0	0	0	5	0	457809	78236	77626	191166	22	1452	1264966	0	0	0	0	0
26389	713	1939	32901	10699	10935	10844	0	447	463	375	1262	31638	20143	66812	12758	250	12713	45	12226	12463	487	250	73	310	29	12713	560	12713	1947	1532	415	11181	1532	490767	90994	90339	217563	1969	2984	1319338	0	0	0	0	0
5003	1	0	40307	11143	12739	14771	0	695	692	607	1975	38332	40244	49710	63	0	9	54	9	9	0	0	0	0	0	9	0	9	0	0	0	9	0	531138	91057	90348	222577	1969	2984	1467389	0	0	0	0	0
26931	698	2076	33668	10962	11166	11155	0	416	398	423	1207	32454	20638	68316	13030	226	12983	47	12533	12757	450	226	68	292	45	12983	518	12983	2081	1640	441	11343	1640	564883	104087	103331	249514	4050	528	1521761	0	0	0	0	0
4890	8	0	40731	11187	12785	15128	0	782	624	617	2002	38729	40678	50394	53	0	5	48	5	5	0	0	0	0	0	5	0	5	0	0	0	5	0	605667	104140	103336	254413	4050	528	1669799	0	0	0	0	0
28137	706	2095	34655	11150	11526	11560	0	465	446	435	1316	33332	20867	71063	13788	242	13753	35	13276	13511	477	242	89	324	53	13753	566	13753	2098	1610	488	12143	1610	640382	117928	117089	282563	2052	2138	1724185	0	0	0	0	0
4958	3	0	40416	10990	12738	15129	0	709	614	615	1922	38494	40350	49944	66	0	4	62	4	4	0	0	0	0	0	4	0	4	0	0	0	4	0	680883	117994	117093	287531	2052	2138	1872223	0	0	0	0	0
26298	717	1995	33024	10709	10861	10977	0	417	446	447	1281	31740	20305	67164	12719	222	12670	49	12213	12448	457	222	70	305	44	12670	527	12670	2006	1587	419	11083	1587	713976	130713	129763	313836	4058	3725	1926606	0	0	0	0	0
4858	5	0	40521	11082	12833	15014	0	759	630	573	1941	38580	40441	50137	80	0	8	72	8	8	0	0	0	0	0	8	0	8	0	0	0	8	0	754579	130793	129771	318704	4058	3725	2074646	0	0	0	0	0
26524	722	2064	33300	10712	11140	11037	0	434	405	406	1226	32070	20258	67841	13042	263	12976	66	12488	12713	488	263	84	309	45	12976	572	12976	2071	1628	443	11348	1628	787935	143835	142747	345243	2033	1257	2129018	0	0	0	0	0
4981	4	0	40248	10959	12609	15123	0	728	659	559	1923	38324	40201	49744	47	0	7	40	7	7	0	0	0	0	0	7	0	7	0	0	0	7	0	828250	143882	142754	350230	2033	1257	2277068	0	0	0	0	0
26155	694	1961	32984	10580	10981	10977	0	470	407	422	1266	31709	20151	66987	12833	230	12774	59	12302	12544	472	230	79	321	47	12774	551	12774	1963	1505	458	11269	1505	861297	156715	155528	376391	3996	2762	2331441	0	0	0	0	0
4856	5	0	40056	10971	12634	14828	0	741	655	596	1974	38081	39994	49278	62	0	4	58	4	4	0	0	0	0	0	4	0	4	0	0	0	4	0	901405	156777	155532	381255	3996	2762	2479492	0	0	0	0	0
27730	741	2140	34298	11209	11399	11242	0	435	445	439	1293	32998	20847	70022	13451	250	13401	50	12907	13152	494	249	76	321	48	13401	570	13401	2143	1674	469	11727	1674	935764	170229	168933	408993	2043	340	2533864	0	0	0	0	0
4937	5	0	40248	11240	12681	14767	0	760	617	581	1944	38304	40184	49519	64	0	8	56	7	8	1	0	0	1	0	8	1	8	0	0	0	8	0	976067	170293	168941	413940	2043	340	2681903	0	0	0	0	0
25839	643	1982	32603	10495	10905	10736	0	425	420	404	1228	31370	20075	66185	12528	226	12481	47	12055	12255	426	226	78	278	52	12481	504	12481	1986	1561	425	10920	1561	1008735	182821	181422	439790	4029	1901	2736287	0	0	0	0	0
4933	5	0	40539	11069	12625	15278	0	751	640	569	1947	38592	40485	49910	54	0	4	50	4	4	0	0	0	0	0	4	0	4	0	0	0	4	0	1049347	182876	181426	444734	4029	1901	2884325	0	0	0	0	0
26513	726	1976	33414	10714	11142	11147	0	417	437	422	1257	32154	20595	67625	12819	241	12770	49	12300	12529	470	241	87	316	37	12770	557	12770	1980	1506	474	11264	1506	1082847	195695	194196	471256	1913	3407	2938710	0	0	0	0	0
4971	3	0	40297	10977	12700	15015	0	786	604	581	1956	38341	40250	49772	47	0	5	42	5	5	0	0	0	0	0	5	0	5	0	0	0	5	0	1123217	195742	194201	476241	1913	3407	3086748	0	0	0	0	0
26173	640	1982	32955	10683	11024	10777	0	434	414	426	1251	31700	20280	66772	12675	201	12621	54	12164	12420	457	201	53	309	33	12621	510	12621	1990	1532	458	11089	1532	1156240	208417	206822	502423	3903	843	3141122	0	0	0	0	0
4887	2	0	40404	11084	12737	14987	0	771	595	612	1964	38440	40351	50023	53	0	10	43	9	10	1	0	0	1	0	10	1	10	0	0	0	10	0	1196695	208470	206832	507314	3903	843	3289171	0	0	0	0	0
25833	661	1993	32970	10449	11018	11096	0	458	397	406	1238	31725	20450	66419	12520	226	12477	43	12051	12252	426	225	80	281	37	12477	506	12477	1996	1546	450	10931	1546	1229724	220990	219309	533154	1803	2389	3343545	0	0	0	0	0
5057	1	0	40355	11052	12858	14879	0	733	636	581	1937	38418	40288	49755	67	0	7	60	7	7	0	0	0	0	0	7	0	7	0	0	0	7	0	1270153	221057	219316	538223	1803	2389	3491594	0	0	0	0	0
26786	720	2038	33698	10800	11273	11208	0	421	447	379	1227	32468	20542	68506	13156	232	13103	53	12612	12871	491	232	80	339	39	13103	571	13103	2045	1591	454	11512	1591	1303916	234213	232419	565018	3848	3980	3545968	0	0	0	0	0
4892	4	0	40454	10881	12854	15100	0	750	693	559	1982	38471	40397	49971	57	0	7	50	7	7	0	0	0	0	0	7	0	7	0	0	0	7	0	1344450	234270	232426	569915	3848	3980	3694017	0	0	0	0	0
28021	749	2242	34285	11014	11466	11396	0	422	445	391	1224	33057	20720	70422	13565	250	13512	53	13011	13262	501	250	75	326	49	13512	576	13512	2248	1744	504	11768	1744	1378805	247836	245938	597945	2000	1628	3748391	0	0	0	0	0
4836	8	0	40239	11091	12825	14800	0	721	591	593	1891	38348	40183	49748	56	0	8	48	7	8	1	0	0	1	0	8	1	8	0	0	0	8	0	1419113	247892	245946	602788	2000	1628	3896440	0	0	0	0	0

processed_m4502_ME11_HV0_test40_SRCoff_170715_201001_TMBCounters.txt																																													
alct0 valid pattern flag received	alct1 valid pattern flag received	raw hits readout   	Pretrigger   	Pretrigger on CFEB0	Pretrigger on CFEB1	Pretrigger on CFEB2	Pretrigger on CFEB3	Pretrigger on CFEB4	Pretrigger on CFEB5	Pretrigger on CFEB6	Pretrigger on ME1A CFEB 4-6 only	Pretrigger on ME1B CFEBs 0-3 only	Discarded, CLCT0 invalid pattern after drift	BX pretrig waiting for triads to dissipate	clct0 sent to TMB matching section	clct1 sent to TMB matching section	TMB accepted alct	TMB match reject event  	Matching found one ALCT	Matching found one CLCT	Matching found two ALCTs	Matching found two CLCTs	ALCT0 copied into ALCT1 to make 2nd LCT	CLCT0 copied into CLCT1 to make 2nd LCT	LCT1 has higher quality than LCT0 	Transmitted LCT0 to MPC	Transmitted LCT1 to MPC	MPC rejected both LCT0 and LCT1	L1A received   	L1A received, TMB in L1A window	L1A received, no TMB in window	TMB triggered, no L1A in window	TMB readouts completed	Pretrigger counter   	CLCT counter   	TMB trigger counter	ALCTs received counter	L1As received counter 	Readout counter 	Orbit counter	CLCT pre-trigger and ALCT coincidence counter	CFEB0 active flag sent to DMB for readout	CFEB1 active flag sent to DMB for readout	CFEB2 active flag sent to DMB for readout	CFEB3 active flag sent to DMB for readout
27785	758	2104	37955	12576	12171	12611	0	588	555	510	1621	36326	19146	84678	18809	426	18741	68	18110	18315	631	426	129	334	81	18741	760	18741	2108	2033	75	16708	2033	54028	18839	18747	29626	2108	2033	104800	0	0	0	0	0
5386	5	0	47247	13013	14556	17731	0	882	745	757	2369	44877	47166	58367	81	0	13	68	13	13	0	0	0	0	0	13	0	13	0	0	0	13	0	101444	18920	18760	35033	2108	2033	252850	0	0	0	0	0
28479	820	2177	38536	12565	12450	12960	0	577	551	512	1599	36924	19215	86332	19321	446	19254	67	18578	18808	676	446	153	383	84	19254	829	19254	2185	2112	73	17142	2112	140054	38242	38014	63524	197	49	307224	0	0	0	0	0
5462	7	0	47239	12991	14422	17830	0	889	803	739	2420	44818	47174	58317	65	0	6	59	5	6	1	0	0	1	0	6	1	6	0	0	0	6	0	187367	38308	38021	68992	197	49	455261	0	0	0	0	0
27969	830	2098	38048	12356	12372	12808	0	544	523	524	1546	36489	19255	84789	18793	456	18731	62	18051	18275	680	456	137	361	98	18731	817	18731	2106	2027	79	16704	2027	225484	57101	56752	96973	2303	2076	509639	0	0	0	0	0
5440	8	0	47471	13186	14552	17662	0	937	813	776	2505	44966	47393	58573	78	0	10	68	9	10	1	0	0	1	0	10	1	10	0	0	0	10	0	273041	57179	56762	102429	2303	2076	657686	0	0	0	0	0
27944	787	2165	38308	12552	12494	12722	0	602	534	516	1619	36680	19232	85460	19076	436	19006	70	18364	18570	642	436	154	360	87	19006	796	19006	2172	2093	79	16913	2093	311437	76256	75768	130382	379	73	712059	0	0	0	0	0
5576	3	0	47260	13137	14371	17661	0	935	791	780	2485	44775	47176	58363	84	0	8	76	8	8	0	0	0	0	0	8	0	8	0	0	0	8	0	358769	76340	75776	135962	379	73	860109	0	0	0	0	0
27324	739	2001	37545	12364	12090	12592	0	567	538	463	1526	36012	19115	83491	18430	425	18361	69	17755	17936	606	425	149	330	75	18361	755	18361	2005	1928	77	16433	1928	396395	94770	94137	163291	2384	2001	914482	0	0	0	0	0
5444	5	0	47409	13327	14372	17681	0	956	808	714	2460	44948	47333	58644	76	0	7	69	7	7	0	0	0	0	0	7	0	7	0	0	0	7	0	443890	94846	94144	168745	2384	2001	1062532	0	0	0	0	0
27596	772	2083	37862	12227	12300	12782	0	573	550	528	1606	36242	19344	84042	18518	433	18453	65	17818	18020	635	433	145	347	91	18453	780	18453	2091	2014	77	16439	2014	481815	113364	112597	196344	379	4015	1116903	0	0	0	0	0
5434	6	0	47313	13240	14448	17568	0	949	789	727	2448	44864	47232	58386	81	0	12	69	12	12	0	0	0	0	0	12	0	12	0	0	0	12	0	529208	113445	112609	201781	379	4015	1264953	0	0	0	0	0
26809	728	1996	37206	12186	11945	12488	0	578	547	520	1605	35591	18996	82593	18210	418	18149	61	17535	17731	614	418	129	325	79	18149	743	18149	2003	1931	72	16218	1931	566494	131655	130758	228592	2382	1850	1319326	0	0	0	0	0
5391	6	0	47364	13235	14408	17599	0	932	825	810	2548	44816	47294	58555	70	0	6	64	5	6	1	0	0	1	0	6	1	6	0	0	0	6	0	613936	131725	130764	233991	2382	1850	1467366	0	0	0	0	0
25315	663	1912	36081	11583	11775	12133	0	559	546	496	1561	34516	19154	78586	16927	368	16868	59	16336	16500	532	368	131	295	81	16868	663	16868	1916	1824	92	15044	1824	650103	148652	147632	259313	202	3674	1521749	0	0	0	0	0
5351	2	0	47420	13182	14528	17679	0	912	752	785	2428	44992	47350	58495	70	0	9	61	9	9	0	0	0	0	0	9	0	9	0	0	0	9	0	697587	148722	147641	264666	202	3674	1669789	0	0	0	0	0
26909	754	2109	37070	12021	12127	12354	0	550	531	526	1570	35492	18957	82251	18113	445	18056	57	17438	17611	618	445	157	330	87	18056	775	18056	2113	2037	76	16019	2037	734723	166835	165697	291584	2315	1615	1724172	0	0	0	0	0
5455	7	0	47389	13069	14515	17722	0	970	808	712	2468	44919	47310	58589	79	0	8	71	8	8	0	0	0	0	0	8	0	8	0	0	0	8	0	782204	166914	165705	297047	2315	1615	1872211	0	0	0	0	0
27903	774	2154	38076	12450	12385	12747	0	603	489	542	1587	36477	19175	84880	18901	444	18840	61	18211	18396	629	444	134	319	80	18840	763	18840	2162	2076	86	16764	2076	820347	185815	184545	324962	381	3691	1926584	0	0	0	0	0
5335	3	0	47753	13109	14647	17925	0	960	787	742	2477	45276	47665	59094	88	1	9	79	8	8	1	1	0	0	0	9	1	9	0	0	0	9	0	868170	185903	184554	330301	381	3691	2074635	0	0	0	0	0
28114	828	2091	38198	12527	12271	12851	0	570	539	487	1557	36628	19190	85454	19008	444	18940	68	18264	18496	676	444	118	350	83	18940	794	18940	2095	2024	71	16916	2024	906445	204912	203494	358421	2476	1619	2129018	0	0	0	0	0
5231	6	0	47399	13216	14439	17637	0	948	803	745	2482	44917	47319	58456	80	1	9	71	8	8	1	1	0	0	1	9	1	9	0	0	0	9	0	953933	204992	203503	363656	2476	1619	2277057	0	0	0	0	0
29397	803	2145	39390	12882	12640	13269	0	634	535	553	1683	37699	19376	88806	20014	435	19950	64	19299	19515	651	435	166	382	97	19950	817	19950	2149	2051	98	17899	2051	993413	225007	223453	393066	529	3670	2331430	0	0	0	0	0
5403	5	0	47250	13083	14377	17743	0	930	816	762	2478	44772	47180	58239	70	0	9	61	8	9	1	0	0	1	0	9	1	9	0	0	0	9	0	1040737	225077	223462	398479	529	3670	2479468	0	0	0	0	0
27543	742	2149	38050	12356	12381	12741	0	586	570	530	1635	36402	19318	84612	18732	440	18668	64	18056	18228	612	440	147	319	96	18668	759	18668	2154	2081	73	16587	2081	1078872	243810	242130	426031	2683	1655	2533853	0	0	0	0	0
5540	6	0	47395	13126	14586	17694	0	935	747	698	2367	45028	47323	58759	72	0	7	65	7	7	0	0	0	0	0	7	0	7	0	0	0	7	0	1126338	243882	242137	431580	2683	1655	2681891	0	0	0	0	0
28094	778	2063	38136	12506	12341	12711	0	557	552	550	1612	36511	19025	85363	19111	404	19047	64	18383	18643	664	404	133	393	78	19047	797	19047	2071	1992	79	17055	1992	1164541	262993	261184	459683	658	3647	2736276	0	0	0	0	0
5353	5	0	47638	13113	14642	17716	0	977	821	807	2584	45052	47537	58808	101	0	14	87	12	14	2	0	0	2	0	14	2	14	0	0	0	14	0	1212253	263094	261198	465039	658	3647	2884314	0	0	0	0	0
26898	729	2105	37378	12178	12140	12465	0	576	556	508	1604	35766	19141	82726	18237	398	18174	63	17595	17776	579	398	133	314	75	18174	712	18174	2109	2034	75	16140	2034	1249719	281331	279372	491946	2767	1585	2938699	0	0	0	0	0
5458	5	0	47494	13102	14660	17729	0	905	763	738	2395	45099	47407	58596	87	1	12	75	10	11	2	1	0	1	0	12	2	12	0	0	0	12	0	1297280	281418	279384	497413	2767	1585	3086737	0	0	0	0	0
27748	786	2053	38072	12497	12335	12739	0	572	563	496	1587	36474	19187	84903	18885	423	18824	61	18207	18401	617	423	140	334	81	18824	757	18824	2059	1978	81	16846	1978	1335425	300303	298208	525168	730	3563	3141110	0	0	0	0	0
5384	6	0	47282	13123	14527	17627	0	876	808	745	2405	44877	47203	58356	79	2	15	64	13	13	2	2	0	0	1	15	2	15	0	0	0	15	0	1382787	300382	298223	530558	730	3563	3289160	0	0	0	0	0
28566	772	2137	38490	12512	12536	12917	0	609	546	509	1626	36854	19134	86547	19356	434	19288	68	18656	18854	632	434	159	357	73	19288	791	19288	2145	2067	78	17221	2067	1421349	319738	317511	559133	2875	1534	3343533	0	0	0	0	0
5476	7	0	47079	12899	14405	17799	0	904	745	736	2376	44703	47005	57902	74	0	13	61	11	13	2	0	0	2	0	13	2	13	0	0	0	13	0	1468506	319813	317524	564616	2875	1534	3491572	0	0	0	0	0
27088	743	1990	37417	12291	11997	12621	0	553	492	531	1533	35873	19057	82951	18360	413	18307	53	17704	17894	603	413	132	322	71	18307	735	18307	1991	1926	65	16381	1926	1505987	338174	335831	591717	770	3460	3545956	0	0	0	0	0
5444	10	0	47371	13137	14420	17708	0	961	821	720	2479	44892	47311	58347	60	1	5	55	4	4	1	1	1	1	0	5	2	5	0	0	0	5	0	1553440	338235	335837	597175	770	3460	3693995	0	0	0	0	0
27330	713	2100	37611	12304	12145	12627	0	548	514	538	1560	36044	19145	83572	18466	408	18412	54	17828	18004	584	408	147	323	77	18412	731	18412	2104	2022	82	16390	2022	1591119	356701	354249	624511	2874	1386	3748379	0	0	0	0	0
5493	6	0	47744	13282	14677	17749	0	911	830	726	2456	45288	47661	58975	83	1	11	72	11	10	0	1	1	0	0	11	1	11	0	0	0	11	0	1638955	356784	354260	630022	2874	1386	3896418	0	0	0	0	0

processed_m4503_ME11_HV0_test40_SRCoff_170715_201859_TMBCounters.txt																																													
alct0 valid pattern flag received	alct1 valid pattern flag received	raw hits readout   	Pretrigger   	Pretrigger on CFEB0	Pretrigger on CFEB1	Pretrigger on CFEB2	Pretrigger on CFEB3	Pretrigger on CFEB4	Pretrigger on CFEB5	Pretrigger on CFEB6	Pretrigger on ME1A CFEB 4-6 only	Pretrigger on ME1B CFEBs 0-3 only	Discarded, CLCT0 invalid pattern after drift	BX pretrig waiting for triads to dissipate	clct0 sent to TMB matching section	clct1 sent to TMB matching section	TMB accepted alct	TMB match reject event  	Matching found one ALCT	Matching found one CLCT	Matching found two ALCTs	Matching found two CLCTs	ALCT0 copied into ALCT1 to make 2nd LCT	CLCT0 copied into CLCT1 to make 2nd LCT	LCT1 has higher quality than LCT0 	Transmitted LCT0 to MPC	Transmitted LCT1 to MPC	MPC rejected both LCT0 and LCT1	L1A received   	L1A received, TMB in L1A window	L1A received, no TMB in window	TMB triggered, no L1A in window	TMB readouts completed	Pretrigger counter   	CLCT counter   	TMB trigger counter	ALCTs received counter	L1As received counter 	Readout counter 	Orbit counter	CLCT pre-trigger and ALCT coincidence counter	CFEB0 active flag sent to DMB for readout	CFEB1 active flag sent to DMB for readout	CFEB2 active flag sent to DMB for readout	CFEB3 active flag sent to DMB for readout
26414	683	1920	37522	12081	12084	12840	0	570	523	530	1583	35924	19114	83412	18408	432	18340	68	17772	17908	568	432	163	299	102	18340	731	18340	1925	1890	35	16450	1890	54049	18432	18344	28310	1925	1890	104812	0	0	0	0	0
5592	10	0	48675	13612	14789	18088	0	1016	785	811	2597	46078	48594	60184	81	1	14	67	11	13	3	1	0	2	0	14	3	14	0	0	0	14	0	102908	18513	18358	33928	1925	1890	252862	0	0	0	0	0
29236	824	2253	39819	12990	12949	13387	0	635	573	540	1693	38116	19140	90661	20679	527	20596	83	19890	20069	706	527	170	349	109	20596	876	20596	2259	2211	48	18385	2211	142817	39192	38954	63169	88	5	307236	0	0	0	0	0
5654	10	0	48980	13591	14958	18270	0	964	824	731	2504	46476	48905	60447	75	0	8	67	8	8	0	0	0	0	0	8	0	8	0	0	0	8	0	191883	39267	38962	68830	88	5	455284	0	0	0	0	0
26837	780	2094	38097	12415	12284	12866	0	602	587	505	1647	36442	19331	84832	18766	438	18700	66	18036	18262	664	438	144	370	86	18700	808	18700	2099	2052	47	16648	2052	230057	58033	57662	95681	2187	2057	509659	0	0	0	0	0
5749	4	0	48503	13477	14756	18027	0	986	883	767	2619	45883	48422	60112	81	0	14	67	13	14	1	0	0	1	0	14	1	14	0	0	0	14	0	278638	58114	57676	101435	2187	2057	657709	0	0	0	0	0
29753	817	2241	40336	13298	13040	13501	0	625	586	528	1698	38626	19337	92093	20999	477	20925	74	20226	20448	699	477	149	371	90	20925	848	20925	2249	2201	48	18724	2201	319057	79113	78601	131197	340	162	712081	0	0	0	0	0
5655	6	0	48682	13615	14616	18191	0	1074	819	731	2605	46075	48600	60303	82	0	13	69	11	13	2	0	0	2	0	13	2	13	0	0	0	13	0	367816	79195	78614	136865	340	162	860119	0	0	0	0	0
28113	791	2143	38821	12700	12487	13030	0	656	577	531	1714	37095	19183	87664	19638	493	19571	67	18913	19078	658	493	156	321	89	19571	814	19571	2147	2096	51	17475	2096	406715	98833	98185	164987	2487	2258	914504	0	0	0	0	0
5550	5	0	48555	13602	14757	17971	0	1038	804	786	2606	45948	48486	59852	69	0	10	59	10	10	0	0	0	0	0	10	0	10	0	0	0	10	0	455364	98903	98195	170542	2487	2258	1062542	0	0	0	0	0
28339	818	2149	38947	12650	12797	13056	0	593	512	559	1626	37308	19140	88076	19807	484	19741	66	19035	19257	706	484	159	381	82	19741	865	19741	2152	2116	36	17625	2116	494394	118710	117936	198890	543	278	1116927	0	0	0	0	0
5785	10	0	49042	13461	15171	18241	0	980	844	827	2619	46422	48976	60450	66	0	10	56	10	10	0	0	0	0	0	10	0	10	0	0	0	10	0	543516	118776	117946	204682	543	278	1264965	0	0	0	0	0
30654	843	2254	41240	13643	13219	13879	0	656	574	555	1740	39488	19589	94310	21651	528	21567	84	20864	21039	703	528	185	360	94	21567	888	21567	2260	2208	52	19359	2208	584846	140427	139513	235349	2803	2486	1319338	0	0	0	0	0
5744	7	0	48539	13470	14615	18263	0	1030	821	761	2594	45945	48478	59943	61	0	10	51	9	10	1	0	0	1	0	10	1	10	0	0	0	10	0	633452	140488	139523	241107	2803	2486	1467389	0	0	0	0	0
27880	773	2134	38614	12605	12494	12969	0	596	522	565	1643	36963	19171	86806	19443	456	19378	65	18730	18922	648	456	141	333	87	19378	789	19378	2141	2103	38	17275	2103	672149	159931	158901	268995	848	493	1521761	0	0	0	0	0
5507	7	0	48921	13703	14854	18255	0	1001	823	722	2527	46394	48839	60603	82	1	12	70	10	11	2	1	0	1	0	12	2	12	0	0	0	12	0	721159	160013	158913	274512	848	493	1669811	0	0	0	0	0
29488	839	2192	39850	13212	12845	13366	0	609	562	544	1669	38172	19171	90901	20679	489	20622	57	19914	20133	708	489	158	377	97	20622	866	20622	2200	2152	48	18470	2152	761107	180693	179535	304008	3048	2645	1724184	0	0	0	0	0
5669	4	0	48833	13532	14855	18203	0	1000	889	755	2628	46205	48771	60312	62	1	7	55	6	6	1	1	0	0	1	7	1	7	0	0	0	7	0	810023	180755	179542	309689	3048	2645	1872224	0	0	0	0	0
27547	725	2115	38298	12408	12427	12868	0	603	588	550	1677	36612	18999	86299	19299	461	19220	79	18612	18759	608	461	154	301	95	19220	762	19220	2120	2076	44	17144	2076	848410	200055	198762	337245	1072	625	1926607	0	0	0	0	0
5589	9	0	48876	13568	14730	18455	0	942	778	809	2515	46361	48800	60522	76	0	11	65	10	11	1	0	0	1	0	11	1	11	0	0	0	11	0	897370	200131	198773	342844	1072	625	2074646	0	0	0	0	0
27766	817	2132	38643	12424	12607	13037	0	592	562	581	1691	36942	19296	86636	19347	486	19290	57	18602	18804	688	486	167	369	111	19290	855	19290	2138	2085	53	17205	2085	936104	219478	218063	370612	3210	2710	2129030	0	0	0	0	0
5502	9	0	48597	13601	14738	18073	0	971	843	769	2567	46030	48500	59997	97	0	17	80	16	17	1	0	0	1	0	17	1	17	0	0	0	17	0	984788	219575	218080	376122	3210	2710	2277068	0	0	0	0	0
28177	780	2045	38903	12710	12590	13003	0	652	568	532	1702	37190	19177	87770	19726	483	19643	83	19001	19160	642	483	175	334	97	19643	817	19643	2046	2015	31	17628	2015	1023764	239302	237723	404307	1160	629	2331442	0	0	0	0	0
5684	2	0	48932	13569	14914	18171	0	1067	837	777	2660	46272	48848	60489	84	0	9	75	9	9	0	0	0	0	0	9	0	9	0	0	0	9	0	1072769	239386	237732	409994	1160	629	2479491	0	0	0	0	0
26069	689	1936	37190	11953	12099	12581	0	611	507	514	1592	35588	18886	82682	18304	416	18241	63	17658	17825	583	416	154	321	86	18241	737	18241	1941	1899	42	16342	1899	1110044	257690	255973	436071	3101	2528	2533865	0	0	0	0	0
5580	6	0	48837	13791	14844	18028	0	1018	790	801	2589	46247	48761	60319	76	0	14	62	14	14	0	0	0	0	0	14	0	14	0	0	0	14	0	1158948	257766	255987	441660	3101	2528	2681914	0	0	0	0	0
28037	855	2061	38680	12831	12392	12916	0	607	554	525	1642	37029	19077	87449	19603	531	19532	71	18820	19001	712	531	183	364	107	19532	895	19532	2066	2024	42	17508	2024	1197706	277369	275519	469704	1071	456	2736288	0	0	0	0	0
5751	5	0	48728	13502	14737	18286	0	987	829	811	2603	46125	48640	60260	88	0	11	77	10	11	1	0	0	1	0	11	1	11	0	0	0	11	0	1246510	277457	275530	475466	1071	456	2884337	0	0	0	0	0
27110	732	2086	38013	12455	12176	12824	0	581	561	534	1633	36368	19000	85232	19013	468	18941	72	18329	18473	612	468	150	294	89	18941	762	18941	2090	2049	41	16892	2049	1284604	296470	294471	502581	3161	2505	2938711	0	0	0	0	0
5677	3	0	48657	13547	14814	18153	0	1026	825	764	2596	46061	48584	60170	73	1	14	59	12	13	2	1	0	1	0	14	2	14	0	0	0	14	0	1333336	296543	294485	508271	3161	2505	3086749	0	0	0	0	0
28292	825	2087	39087	12978	12564	13070	0	576	539	560	1642	37439	19318	88225	19769	487	19696	73	19004	19210	692	486	142	348	98	19696	834	19696	2095	2041	54	17655	2041	1372506	316312	314181	536576	1160	450	3141134	0	0	0	0	0
5568	8	0	48553	13698	14673	18018	0	967	797	808	2543	46010	48475	60006	78	1	16	62	15	15	1	1	0	0	0	16	1	16	0	0	0	16	0	1421146	316390	314197	542155	1160	450	3289172	0	0	0	0	0
29305	831	2214	39785	13120	12861	13377	0	606	524	530	1615	38165	19134	90687	20651	517	20587	64	19893	20070	694	517	181	358	114	20587	875	20587	2217	2175	42	18412	2175	1461002	337041	334784	571470	3377	2625	3343545	0	0	0	0	0
5732	2	0	48766	13752	14649	18201	0	1000	780	771	2532	46234	48685	60355	81	0	14	67	14	14	0	0	0	0	0	14	0	14	0	0	0	14	0	1509856	337122	334798	577215	3377	2625	3491595	0	0	0	0	0
28556	814	2135	39422	12842	12742	13337	0	620	557	540	1676	37733	19287	89131	20135	506	20065	70	19383	19559	682	506	167	343	98	20065	849	20065	2138	2100	38	17965	2100	1549360	357257	354863	605778	1419	629	3545968	0	0	0	0	0
5617	2	0	48694	13521	14668	18405	0	991	783	762	2519	46175	48622	60194	72	1	11	61	11	10	0	1	1	0	1	11	1	11	0	0	0	11	0	1598124	357329	354874	611405	1419	629	3694018	0	0	0	0	0
26059	775	2011	37284	12196	12089	12444	0	593	550	537	1635	35644	19086	82648	18198	428	18134	64	17482	17706	652	428	120	344	87	18134	772	18134	2016	1975	41	16159	1975	1635486	375527	373008	637470	3435	2604	3748391	0	0	0	0	0

processed_m4504_ME11_HV0_test40_SRCoff_170715_202658_TMBCounters.txt																																													
alct0 valid pattern flag received	alct1 valid pattern flag received	raw hits readout   	Pretrigger   	Pretrigger on CFEB0	Pretrigger on CFEB1	Pretrigger on CFEB2	Pretrigger on CFEB3	Pretrigger on CFEB4	Pretrigger on CFEB5	Pretrigger on CFEB6	Pretrigger on ME1A CFEB 4-6 only	Pretrigger on ME1B CFEBs 0-3 only	Discarded, CLCT0 invalid pattern after drift	BX pretrig waiting for triads to dissipate	clct0 sent to TMB matching section	clct1 sent to TMB matching section	TMB accepted alct	TMB match reject event  	Matching found one ALCT	Matching found one CLCT	Matching found two ALCTs	Matching found two CLCTs	ALCT0 copied into ALCT1 to make 2nd LCT	CLCT0 copied into CLCT1 to make 2nd LCT	LCT1 has higher quality than LCT0 	Transmitted LCT0 to MPC	Transmitted LCT1 to MPC	MPC rejected both LCT0 and LCT1	L1A received   	L1A received, TMB in L1A window	L1A received, no TMB in window	TMB triggered, no L1A in window	TMB readouts completed	Pretrigger counter   	CLCT counter   	TMB trigger counter	ALCTs received counter	L1As received counter 	Readout counter 	Orbit counter	CLCT pre-trigger and ALCT coincidence counter	CFEB0 active flag sent to DMB for readout	CFEB1 active flag sent to DMB for readout	CFEB2 active flag sent to DMB for readout	CFEB3 active flag sent to DMB for readout
27301	749	2087	38519	12651	12400	12921	0	635	516	553	1652	36852	19175	86448	19344	453	19290	54	18656	18837	634	453	140	321	93	19290	774	19290	2091	2068	23	17222	2068	55738	19371	19292	29274	2091	2068	104825	0	0	0	0	0
5693	12	0	49997	13935	15026	18808	0	1046	816	806	2639	47358	49911	61775	86	0	12	74	12	12	0	0	0	0	0	12	0	12	0	0	0	12	0	105853	19457	19304	34982	2091	2068	252863	0	0	0	0	0
28312	791	2116	39276	12883	12636	13213	0	603	542	588	1690	37576	19239	88910	20037	480	19960	77	19286	19480	674	480	167	361	92	19960	841	19960	2124	2091	33	17869	2091	145211	39494	39264	63300	119	63	307235	0	0	0	0	0
5790	6	0	49547	13681	15043	18505	0	1058	810	860	2710	46837	49468	61348	79	0	15	64	14	15	1	0	0	1	0	15	1	15	0	0	0	15	0	194835	39573	39279	69097	119	63	455285	0	0	0	0	0
27131	768	2019	38551	12576	12446	12949	0	650	563	562	1725	36810	19275	86557	19276	497	19213	63	18571	18716	642	497	184	329	97	19213	826	19213	2021	2002	19	17211	2002	233462	58849	58492	96240	2140	2065	509658	0	0	0	0	0
5866	7	0	49973	13965	15039	18728	0	1056	853	770	2660	47312	49903	61951	70	0	8	62	8	8	0	0	0	0	0	8	0	8	0	0	0	8	0	283534	58919	58500	102119	2140	2065	657708	0	0	0	0	0
26625	763	2010	37840	12338	12041	12911	0	658	531	513	1649	36175	19142	84405	18698	464	18633	65	17989	18169	644	464	164	344	88	18633	808	18633	2012	1984	28	16649	1984	321463	77617	77133	128757	56	4049	712081	0	0	0	0	0
5789	5	0	49625	13737	15012	18665	0	1008	846	769	2604	47021	49535	61299	90	0	9	81	9	9	0	0	0	0	0	9	0	9	0	0	0	9	0	371160	77707	77142	134555	56	4049	860120	0	0	0	0	0
26490	721	1915	38084	12332	12241	12946	0	640	597	525	1713	36359	19296	84825	18788	463	18724	64	18128	18261	596	463	160	293	99	18724	756	18724	1920	1888	32	16836	1888	409322	96495	95866	161058	1976	1841	914504	0	0	0	0	0
5799	5	0	49723	13775	14999	18823	0	957	833	828	2605	47117	49640	61503	83	1	12	71	10	11	2	1	1	2	0	12	3	12	0	0	0	12	0	459127	96578	95878	166866	1976	1841	1062542	0	0	0	0	0
26900	706	2002	38331	12434	12328	13051	0	591	567	504	1623	36698	19385	85534	18946	449	18869	77	18272	18420	597	449	162	310	86	18869	759	18869	2007	1985	22	16884	1985	497538	115525	114747	193768	3983	3826	1116927	0	0	0	0	0
5852	5	0	50119	14080	15105	18617	0	1081	815	838	2715	47404	50034	61905	85	0	10	75	9	10	1	0	0	1	0	10	1	10	0	0	0	10	0	547723	115610	114757	199625	3983	3826	1264965	0	0	0	0	0
26669	743	1975	37838	12476	12034	12801	0	574	536	539	1609	36221	19185	84238	18653	475	18577	76	17966	18102	611	475	180	316	89	18577	791	18577	1978	1957	21	16620	1957	585650	134263	133334	226304	1865	1687	1319339	0	0	0	0	0
5816	5	0	49900	13968	15208	18466	0	1047	837	828	2689	47209	49825	61795	75	0	8	67	8	8	0	0	0	0	0	8	0	8	0	0	0	8	0	635633	134339	133342	232127	1865	1687	1467388	0	0	0	0	0
26411	711	1945	37683	12244	12040	12784	0	638	538	572	1712	35968	19045	83938	18638	473	18572	66	17977	18099	595	473	163	285	96	18572	758	18572	1952	1923	29	16649	1923	673406	152977	151914	258548	3817	3610	1521762	0	0	0	0	0
5926	4	0	49885	13863	14932	18787	0	1035	831	838	2689	47195	49811	61770	74	0	16	58	15	16	1	0	0	1	0	16	1	16	0	0	0	16	0	723368	153051	151930	264484	3817	3610	1669811	0	0	0	0	0
28457	793	2087	39314	12981	12638	13206	0	630	544	511	1647	37658	19199	89108	20115	496	20034	81	19367	19538	667	496	175	346	97	20034	842	20034	2094	2059	35	17975	2059	762752	173166	171964	292948	1815	1573	1724185	0	0	0	0	0
5886	6	0	49682	13848	15061	18565	0	980	871	796	2631	47050	49603	61407	79	1	16	63	14	15	2	1	0	1	0	16	2	16	0	0	0	16	0	812508	173245	171980	298847	1815	1573	1872236	0	0	0	0	0
27869	802	2120	39174	12844	12518	13270	0	617	577	554	1697	37466	19318	88368	19856	484	19771	85	19081	19287	690	484	152	358	105	19771	842	19771	2125	2095	30	17676	2095	851770	193101	191751	326725	3940	3668	1926607	0	0	0	0	0
5837	4	0	49997	14161	15089	18555	0	1034	866	733	2604	47393	49916	61757	81	0	14	67	13	14	1	0	0	1	0	14	1	14	0	0	0	14	0	901851	193182	191765	332571	3940	3668	2074647	0	0	0	0	0
28754	827	2136	39577	13109	12813	13194	0	596	577	549	1664	37902	19200	90113	20377	500	20305	72	19611	19805	694	500	156	350	92	20305	850	20305	2143	2107	36	18198	2107	941515	213559	212070	361334	1987	1679	2129030	0	0	0	0	0
5938	6	0	49989	13912	15247	18655	0	1000	836	762	2576	47412	49917	61865	72	0	12	60	12	12	0	0	0	0	0	12	0	12	0	0	0	12	0	991587	213631	212082	367283	1987	1679	2277069	0	0	0	0	0
27878	767	2110	38947	12647	12545	13247	0	637	544	560	1691	37247	19057	88137	19890	466	19805	85	19147	19339	658	466	148	340	99	19805	806	19805	2116	2087	29	17718	2087	1030619	233521	231887	395172	7	3766	2331442	0	0	0	0	0
5907	7	0	49815	13813	14967	18779	0	1057	864	795	2699	47116	49718	61513	97	0	18	79	17	18	1	0	0	1	0	18	1	18	0	0	0	18	0	1080523	233619	231906	401091	7	3766	2479492	0	0	0	0	0
28770	786	2139	39803	13149	12760	13417	0	595	575	563	1697	38101	19480	90042	20323	480	20246	77	19601	19766	645	480	172	337	94	20246	817	20246	2143	2111	32	18135	2111	1120406	253942	252152	429870	2150	1781	2533865	0	0	0	0	0
5899	5	0	49509	13850	15068	18412	0	1047	811	748	2582	46926	49425	61093	84	0	15	69	14	15	1	0	0	1	0	15	1	15	0	0	0	15	0	1169990	254026	252167	435781	2150	1781	2681915	0	0	0	0	0
28178	813	2132	39272	12879	12603	13180	0	575	601	600	1738	37526	19277	88889	19995	504	19928	67	19248	19424	680	504	179	355	98	19928	859	19928	2139	2112	27	17816	2112	1209344	274021	272095	463966	193	3893	2736299	0	0	0	0	0
5979	5	0	49692	13824	15021	18550	0	1073	853	835	2742	46950	49622	61364	70	0	5	65	5	5	0	0	0	0	0	5	0	5	0	0	0	5	0	1259122	274092	272100	469954	193	3893	2884338	0	0	0	0	0
29482	814	2169	40295	13364	12897	13491	0	660	583	576	1770	38518	19322	91852	20973	508	20911	62	20244	20403	667	508	176	335	101	20911	843	20911	2171	2146	25	18765	2146	1299491	295065	293011	499441	2364	1943	2938711	0	0	0	0	0
5842	5	0	49852	13883	15124	18588	0	1061	840	805	2691	47160	49758	61617	94	0	14	80	13	14	1	0	0	1	0	14	1	14	0	0	0	14	0	1349427	295159	293025	505292	2364	1943	3086761	0	0	0	0	0
28076	741	2159	39073	12886	12526	13150	0	622	531	548	1643	37414	19164	88335	19909	453	19845	64	19214	19392	631	453	162	340	86	19845	793	19845	2165	2131	34	17714	2131	1388578	315068	312870	533378	433	4074	3141147	0	0	0	0	0
5776	4	0	49928	13902	15256	18587	0	1013	847	803	2639	47289	49844	61720	84	0	10	74	9	10	1	0	0	1	0	10	1	10	0	0	0	10	0	1438591	315152	312880	539163	433	4074	3289184	0	0	0	0	0
27370	763	2000	38475	12587	12357	12946	0	632	565	557	1718	36747	19131	86423	19344	444	19280	64	18628	18836	652	444	137	345	86	19280	789	19280	2005	1972	33	17308	1972	1477165	334496	332160	566543	2438	1950	3343557	0	0	0	0	0
5918	4	0	49968	13793	15112	18708	0	1070	836	869	2762	47206	49878	61914	90	0	14	76	14	14	0	0	0	0	0	14	0	14	0	0	0	14	0	1527214	334586	332174	572471	2438	1950	3491607	0	0	0	0	0
28696	762	2210	39753	13062	12857	13268	0	664	567	595	1787	37959	19328	90077	20425	467	20358	67	19726	19892	632	466	167	333	90	20358	799	20358	2217	2186	31	18172	2186	1567059	355011	352532	601176	559	40	3545969	0	0	0	0	0
5928	4	0	50067	13966	15219	18610	0	1032	834	850	2700	47366	49994	61899	73	1	6	67	6	5	0	1	1	0	0	6	1	6	0	0	0	6	0	1617202	355084	352538	607116	559	40	3694030	0	0	0	0	0
29280	780	2135	40005	13184	12856	13464	0	631	574	569	1726	38267	19162	91397	20843	479	20767	76	20122	20288	645	479	168	334	82	20767	813	20767	2137	2109	28	18658	2109	1657287	375927	373305	636405	2696	2149	3748392	0	0	0	0	0
5955	5	0	49732	13818	15002	18724	0	1013	791	821	2602	47130	49645	61330	87	0	12	75	11	12	1	0	0	1	0	12	1	12	0	0	0	12	0	1707117	376014	373317	642365	2696	2149	3896441	0	0	0	0	0

processed_m4505_ME11_HV0_test40_SRCoff_170715_203511_TMBCounters.txt																																													
alct0 valid pattern flag received	alct1 valid pattern flag received	raw hits readout   	Pretrigger   	Pretrigger on CFEB0	Pretrigger on CFEB1	Pretrigger on CFEB2	Pretrigger on CFEB3	Pretrigger on CFEB4	Pretrigger on CFEB5	Pretrigger on CFEB6	Pretrigger on ME1A CFEB 4-6 only	Pretrigger on ME1B CFEBs 0-3 only	Discarded, CLCT0 invalid pattern after drift	BX pretrig waiting for triads to dissipate	clct0 sent to TMB matching section	clct1 sent to TMB matching section	TMB accepted alct	TMB match reject event  	Matching found one ALCT	Matching found one CLCT	Matching found two ALCTs	Matching found two CLCTs	ALCT0 copied into ALCT1 to make 2nd LCT	CLCT0 copied into CLCT1 to make 2nd LCT	LCT1 has higher quality than LCT0 	Transmitted LCT0 to MPC	Transmitted LCT1 to MPC	MPC rejected both LCT0 and LCT1	L1A received   	L1A received, TMB in L1A window	L1A received, no TMB in window	TMB triggered, no L1A in window	TMB readouts completed	Pretrigger counter   	CLCT counter   	TMB trigger counter	ALCTs received counter	L1As received counter 	Readout counter 	Orbit counter	CLCT pre-trigger and ALCT coincidence counter	CFEB0 active flag sent to DMB for readout	CFEB1 active flag sent to DMB for readout	CFEB2 active flag sent to DMB for readout	CFEB3 active flag sent to DMB for readout
28554	783	2129	40056	13235	12756	13570	0	660	548	590	1745	38294	19575	90322	20481	499	20389	92	19723	19890	666	499	171	338	85	20389	837	20389	2131	2109	22	18280	2109	57614	20508	20395	30788	2131	2109	104813	0	0	0	0	0
6389	2	0	51235	14320	15504	19067	0	1102	846	849	2774	48460	51161	63402	74	1	11	63	10	10	1	1	1	1	0	11	2	11	0	0	0	11	0	108977	20582	20406	37194	2131	2109	252863	0	0	0	0	0
27442	754	2019	38953	12849	12502	13129	0	643	554	537	1697	37245	19374	87256	19579	511	19504	75	18871	18993	633	511	200	322	86	19504	833	19504	2029	2011	18	17493	2011	148003	40161	39910	64647	64	24	307234	0	0	0	0	0
6237	7	0	51380	14434	15367	19243	0	1065	892	812	2748	48632	51298	63619	82	0	9	73	7	9	2	0	0	2	0	9	2	9	0	0	0	9	0	199469	40243	39919	70900	64	24	455286	0	0	0	0	0
28138	788	2200	39422	12939	12761	13299	0	605	540	576	1666	37747	19349	88865	20073	506	19999	74	19345	19493	654	506	193	341	103	19999	847	19999	2204	2185	19	17814	2185	238956	60316	59918	99050	2268	2209	509657	0	0	0	0	0
6274	5	0	50836	14317	15270	18805	0	1099	905	853	2837	47999	50753	62933	83	0	12	71	11	12	1	0	0	1	0	12	1	12	0	0	0	12	0	289883	60399	59930	105333	2268	2209	657696	0	0	0	0	0
27563	783	1984	38957	12893	12564	12977	0	667	586	552	1763	37183	19354	87527	19603	494	19532	71	18874	19038	658	494	174	338	87	19532	832	19532	1989	1974	15	17558	1974	328912	80003	79462	132904	161	87	712080	0	0	0	0	0
6331	10	0	51096	14312	15444	19058	0	1079	838	795	2688	48407	51003	63522	93	0	18	75	18	18	0	0	0	0	0	18	0	18	0	0	0	18	0	380086	80096	79480	139244	161	87	860120	0	0	0	0	0
28405	833	2073	39992	13067	12958	13543	0	645	571	524	1694	38289	19694	89980	20298	522	20226	72	19519	19704	707	522	184	369	121	20226	891	20226	2073	2057	16	18169	2057	420161	100394	99706	167663	2234	2144	914493	0	0	0	0	0
6238	7	0	50870	14255	15329	18958	0	1075	839	857	2745	48124	50786	63079	84	1	7	77	6	6	1	1	1	1	0	7	2	7	0	0	0	7	0	471104	100478	99713	173917	2234	2144	1062542	0	0	0	0	0
29111	853	2191	40322	13391	12974	13501	0	627	552	558	1684	38629	19466	91740	20856	537	20776	80	20037	20239	739	537	172	374	106	20776	911	20776	2198	2175	23	18601	2175	511508	121334	120489	203041	336	223	1116915	0	0	0	0	0
6290	4	0	51157	14263	15337	19152	0	1101	870	837	2790	48367	51068	63314	89	0	12	77	10	12	2	0	0	2	0	12	2	12	0	0	0	12	0	562749	121423	120501	209340	336	223	1264966	0	0	0	0	0
26781	707	1978	38644	12624	12436	13058	0	634	570	544	1707	36927	19648	85544	18996	445	18935	61	18343	18490	592	445	153	300	82	18935	745	18935	1982	1969	13	16966	1969	601474	140419	139436	236131	2318	2192	1319338	0	0	0	0	0
6248	6	0	50897	14097	15385	19110	0	1116	799	817	2718	48179	50817	62751	80	0	12	68	12	12	0	0	0	0	0	12	0	12	0	0	0	12	0	652454	140499	139448	242388	2318	2192	1467376	0	0	0	0	0
27467	735	1992	38878	12844	12449	13112	0	589	567	568	1680	37192	19381	86982	19497	496	19441	56	18824	18945	617	496	186	307	88	19441	803	19441	1993	1977	16	17464	1977	691411	159996	158889	269861	215	73	1521761	0	0	0	0	0
6224	6	0	51046	14081	15536	19117	0	1076	865	841	2763	48281	50968	63175	78	0	12	66	11	12	1	0	0	1	0	12	1	12	0	0	0	12	0	742540	160074	158901	276097	215	73	1669799	0	0	0	0	0
27965	789	2069	39536	12971	12665	13478	0	647	576	517	1698	37826	19473	89129	20063	512	19993	70	19324	19481	669	512	178	335	85	19993	847	19993	2071	2056	15	17937	2056	782161	180137	178894	304067	2286	2129	1724184	0	0	0	0	0
6388	11	0	51126	14259	15409	19133	0	1070	851	842	2746	48379	51049	63298	77	1	11	66	10	10	1	1	0	0	0	11	1	11	0	0	0	11	0	833366	180214	178905	310467	2286	2129	1872222	0	0	0	0	0
30693	924	2265	41682	13924	13358	13912	0	680	602	610	1830	39837	19381	96218	22301	609	22224	77	21418	21616	806	608	185	383	101	22224	991	22224	2273	2257	16	19967	2257	875134	202515	201129	341168	463	290	1926596	0	0	0	0	0
6352	9	0	51188	14278	15532	19047	0	1027	923	827	2754	48433	51106	63181	82	1	9	73	8	8	1	1	0	0	0	9	1	9	0	0	0	9	0	926414	202597	201138	347531	463	290	2074645	0	0	0	0	0
29099	809	2225	40106	13063	13032	13449	0	693	570	577	1796	38294	19262	91205	20844	496	20771	73	20071	20275	700	496	180	384	83	20771	880	20771	2226	2211	15	18560	2211	966602	223441	221909	376639	2689	2501	2129019	0	0	0	0	0
6201	8	0	50547	14058	15260	18907	0	1062	861	849	2748	47799	50458	62614	89	1	17	72	14	16	3	1	0	2	1	17	3	17	0	0	0	17	0	1017231	223531	221926	382848	2689	2501	2277068	0	0	0	0	0
27873	786	2131	38943	12676	12447	13318	0	667	581	553	1737	37192	19134	87805	19809	508	19741	68	19076	19233	665	508	171	328	95	19741	836	19741	2136	2123	13	17618	2123	1056259	243340	241667	410734	729	528	2331441	0	0	0	0	0
6413	10	0	50812	14310	15343	18843	0	1060	835	862	2732	48080	50713	62936	99	0	19	80	17	19	2	0	0	2	0	19	2	19	0	0	0	19	0	1107153	243440	241686	417156	729	528	2479493	0	0	0	0	0
27493	739	2015	39130	12790	12369	13481	0	618	577	565	1709	37408	19345	87839	19785	485	19708	77	19088	19223	620	485	173	308	74	19708	793	19708	2020	2006	14	17702	2006	1146354	263225	261394	444657	2749	2534	2533864	0	0	0	0	0
6333	10	0	50940	14222	15410	19056	0	1068	832	801	2683	48257	50860	63055	80	0	13	67	12	13	1	0	0	1	0	13	1	13	0	0	0	13	0	1197383	263306	261407	451002	2749	2534	2681903	0	0	0	0	0
27553	755	2059	39013	12732	12462	13326	0	621	586	539	1701	37301	19438	87379	19575	478	19508	67	18872	19030	636	478	158	316	89	19508	794	19508	2065	2046	19	17462	2046	1236477	282881	280915	478570	718	484	2736287	0	0	0	0	0
6398	2	0	51271	14373	15372	19101	0	1144	880	833	2836	48435	51196	63293	75	0	16	59	16	16	0	0	0	0	0	16	0	16	0	0	0	16	0	1287831	282956	280931	484984	718	484	2884327	0	0	0	0	0
28294	783	2073	39687	13139	12606	13503	0	610	576	523	1652	38024	19452	89534	20235	490	20159	76	19496	19669	663	490	171	344	97	20159	834	20159	2079	2052	27	18107	2052	1327589	303191	301090	513285	2797	2536	2938710	0	0	0	0	0
6277	6	0	50865	14402	15193	18976	0	1061	872	817	2729	48136	50796	62823	69	0	10	59	9	10	1	0	0	1	0	10	1	10	0	0	0	10	0	1378542	303260	301100	519572	2797	2536	3086749	0	0	0	0	0
29827	769	2228	41185	13593	13152	13927	0	663	586	564	1767	39407	19789	93666	21396	467	21328	68	20665	20861	663	467	157	353	73	21328	820	21328	2232	2215	17	19113	2215	1419802	324656	322428	549409	933	655	3141122	0	0	0	0	0
6350	8	0	50889	14177	15284	19097	0	1048	850	812	2698	48191	50814	63005	75	0	15	60	15	15	0	0	0	0	0	15	0	15	0	0	0	15	0	1470762	324731	322443	555774	933	655	3289163	0	0	0	0	0
28475	787	2126	39822	12905	12826	13568	0	670	558	557	1735	38071	19397	90130	20425	489	20341	84	19674	19852	667	489	175	353	90	20341	842	20341	2135	2108	27	18233	2108	1510664	345156	342784	584257	3068	2763	3343545	0	0	0	0	0
6364	8	0	50848	14226	15364	18922	0	1071	869	828	2744	48104	50758	62993	90	1	10	80	8	9	2	1	0	1	0	10	2	10	0	0	0	10	0	1561589	345247	342794	590635	3068	2763	3491595	0	0	0	0	0
29202	799	2189	40382	13387	12948	13560	0	636	565	598	1749	38623	19394	91898	20988	512	20907	81	20209	20395	698	512	181	367	87	20907	879	20907	2195	2173	22	18734	2173	1602058	366237	363702	619852	1167	840	3545968	0	0	0	0	0
6294	9	0	50940	14105	15343	19193	0	1075	855	825	2738	48202	50864	62911	76	0	12	64	11	12	1	0	0	1	0	12	1	12	0	0	0	12	0	1653094	366313	363714	626159	1167	840	3694006	0	0	0	0	0
27098	821	2059	38918	12760	12488	13177	0	668	560	530	1721	37189	19596	86765	19322	512	19252	70	18565	18740	687	512	176	351	101	19252	863	19252	2068	2048	20	17204	2048	1692082	385635	382966	653269	3235	2888	3748391	0	0	0	0	0
6288	3	0	51227	14283	15454	19130	0	1109	832	846	2766	48461	51160	63164	67	0	9	58	8	9	1	0	0	1	0	9	1	9	0	0	0	9	0	1743402	385702	382975	659568	3235	2888	3896429	0	0	0	0	0

processed_m4506_ME11_HV0_test40_SRCoff_170715_204319_TMBCounters.txt																																													
alct0 valid pattern flag received	alct1 valid pattern flag received	raw hits readout   	Pretrigger   	Pretrigger on CFEB0	Pretrigger on CFEB1	Pretrigger on CFEB2	Pretrigger on CFEB3	Pretrigger on CFEB4	Pretrigger on CFEB5	Pretrigger on CFEB6	Pretrigger on ME1A CFEB 4-6 only	Pretrigger on ME1B CFEBs 0-3 only	Discarded, CLCT0 invalid pattern after drift	BX pretrig waiting for triads to dissipate	clct0 sent to TMB matching section	clct1 sent to TMB matching section	TMB accepted alct	TMB match reject event  	Matching found one ALCT	Matching found one CLCT	Matching found two ALCTs	Matching found two CLCTs	ALCT0 copied into ALCT1 to make 2nd LCT	CLCT0 copied into CLCT1 to make 2nd LCT	LCT1 has higher quality than LCT0 	Transmitted LCT0 to MPC	Transmitted LCT1 to MPC	MPC rejected both LCT0 and LCT1	L1A received   	L1A received, TMB in L1A window	L1A received, no TMB in window	TMB triggered, no L1A in window	TMB readouts completed	Pretrigger counter   	CLCT counter   	TMB trigger counter	ALCTs received counter	L1As received counter 	Readout counter 	Orbit counter	CLCT pre-trigger and ALCT coincidence counter	CFEB0 active flag sent to DMB for readout	CFEB1 active flag sent to DMB for readout	CFEB2 active flag sent to DMB for readout	CFEB3 active flag sent to DMB for readout
28588	788	2132	40477	13319	12920	13827	0	626	564	535	1677	38788	19913	90848	20564	555	20482	82	19809	19927	673	555	182	300	100	20482	855	20482	2138	2116	22	18366	2116	58339	20589	20489	30930	2138	2116	104813	0	0	0	0	0
6710	6	0	51667	14507	15457	19313	0	1125	889	816	2804	48863	51587	63998	80	0	13	67	12	13	1	0	0	1	0	13	1	13	0	0	0	13	0	110852	20669	20502	37760	2138	2116	252863	0	0	0	0	0
27744	804	1989	39573	13069	12778	13296	0	658	530	582	1722	37837	19822	88104	19751	524	19687	64	18992	19163	695	524	176	347	88	19687	871	19687	1992	1984	8	17703	1984	150495	40420	40189	65509	34	4	307236	0	0	0	0	0
6907	9	0	51776	14412	15710	19337	0	1104	859	822	2768	49007	51678	64139	98	1	18	80	17	17	1	1	0	0	1	18	1	18	0	0	0	18	0	202374	40518	40207	72424	34	4	455286	0	0	0	0	0
28108	811	2082	39595	13098	12590	13512	0	656	573	535	1719	37865	19513	88888	20082	540	20008	74	19306	19468	702	540	194	356	107	20008	896	20008	2087	2073	14	17935	2073	242062	60600	60215	100548	2121	2077	509649	0	0	0	0	0
6672	10	0	52070	14538	15590	19629	0	1096	880	798	2754	49316	51967	64359	103	1	11	92	8	10	3	1	0	2	0	11	3	11	0	0	0	11	0	294204	60703	60226	107229	2121	2077	657696	0	0	0	0	0
29848	828	2277	40787	13298	13119	13902	0	684	615	604	1853	38924	19636	92370	21151	534	21072	79	20381	20538	691	534	196	353	93	21072	887	21072	2282	2269	13	18803	2269	335095	81854	81298	137087	307	250	712080	0	0	0	0	0
6800	9	0	52046	14495	15674	19483	0	1067	877	875	2804	49242	51969	64494	77	0	11	66	11	11	0	0	0	0	0	11	0	11	0	0	0	11	0	387236	81931	81309	143901	307	250	860120	0	0	0	0	0
29325	826	2193	40934	13535	12972	13847	0	685	606	635	1856	39058	19942	92494	20992	519	20925	67	20216	20406	709	519	162	352	71	20925	871	20925	2196	2184	12	18741	2184	428262	102923	102234	173237	2503	2434	914492	0	0	0	0	0
6787	10	0	52373	14494	15712	19722	0	1143	918	829	2863	49509	52299	64845	74	1	15	59	13	14	2	1	0	1	0	15	2	15	0	0	0	15	0	480725	102998	102249	180037	2503	2434	1062542	0	0	0	0	0
29148	840	2157	40751	13490	12941	13816	0	661	563	629	1808	38932	19742	92089	21009	560	20943	66	20236	20383	707	560	186	333	112	20943	893	20943	2163	2143	20	18800	2143	521567	124008	123192	209195	570	481	1116915	0	0	0	0	0
6905	10	0	51950	14567	15533	19460	0	1082	901	840	2808	49141	51861	64377	89	0	16	73	16	16	0	0	0	0	0	16	0	16	0	0	0	16	0	573586	124097	123208	216110	570	481	1264965	0	0	0	0	0
28969	795	2146	40558	13502	12976	13622	0	699	563	616	1819	38724	19745	91505	20813	552	20736	77	20059	20184	677	552	202	327	105	20736	879	20736	2149	2130	19	18606	2130	614216	144910	143944	245093	2719	2611	1319338	0	0	0	0	0
6643	6	0	52230	14697	15696	19491	0	1125	828	843	2779	49450	52141	64522	89	0	13	76	13	13	0	0	0	0	0	13	0	13	0	0	0	13	0	666535	144999	143957	251745	2719	2611	1467376	0	0	0	0	0
28683	798	2100	40304	13227	12906	13637	0	638	585	587	1757	38533	19711	90648	20593	504	20511	82	19836	20007	675	504	179	350	81	20511	854	20511	2105	2088	17	18423	2088	706937	165592	164468	280439	728	603	1521761	0	0	0	0	0
6919	8	0	51853	14391	15730	19354	0	1068	869	855	2768	49085	51770	64169	83	0	16	67	14	16	2	0	0	2	0	16	2	16	0	0	0	16	0	758864	165675	164484	287370	728	603	1669799	0	0	0	0	0
27958	747	2083	39874	13136	12818	13409	0	664	587	579	1783	38075	19895	88972	19979	494	19902	77	19273	19408	629	494	187	322	93	19902	816	19902	2085	2073	12	17829	2073	798837	185655	184387	315346	2813	2676	1724184	0	0	0	0	0
6849	8	0	52612	14682	15816	19746	0	1116	866	842	2800	49812	52518	64943	94	0	13	81	12	13	1	0	0	1	0	13	1	13	0	0	0	13	0	851531	185749	184400	322204	2813	2676	1872222	0	0	0	0	0
27976	762	2034	39824	13076	12695	13596	0	636	570	561	1720	38091	19830	88867	19994	479	19930	64	19264	19451	666	479	171	358	88	19930	837	19930	2039	2029	10	17901	2029	891434	205743	204330	350193	756	609	1926607	0	0	0	0	0
6616	9	0	51981	14599	15478	19438	0	1157	913	858	2905	49076	51900	64369	81	0	12	69	11	12	1	0	0	1	0	12	1	12	0	0	0	12	0	943509	205825	204342	356820	756	609	2074645	0	0	0	0	0
28316	777	2129	40248	13053	12973	13803	0	650	550	563	1723	38515	19928	90140	20320	510	20250	70	19597	19740	653	510	174	317	106	20250	827	20250	2134	2118	16	18132	2118	983834	226145	224592	385150	2890	2727	2129019	0	0	0	0	0
6663	11	0	52531	14885	15807	19464	0	1140	857	809	2795	49735	52455	65095	76	2	14	62	11	12	3	2	0	1	0	14	3	14	0	0	0	14	0	1036454	226221	224606	391826	2890	2727	2277068	0	0	0	0	0
28185	819	2033	40020	13206	12758	13636	0	648	580	577	1736	38259	19982	89242	20038	532	19979	59	19289	19447	690	532	202	360	81	19979	892	19979	2037	2030	7	17949	2030	1076574	246259	244585	420021	831	661	2331442	0	0	0	0	0
6720	7	0	52155	14346	15615	19754	0	1173	916	819	2883	49272	52057	64537	98	0	14	84	14	14	0	0	0	0	0	14	0	14	0	0	0	14	0	1128822	246357	244599	426752	831	661	2479491	0	0	0	0	0
29747	872	2206	41309	13588	13299	14061	0	622	581	566	1713	39576	19795	93746	21514	555	21431	83	20699	20876	732	555	195	372	98	21431	927	21431	2211	2192	19	19239	2192	1170221	267871	266030	456507	3042	2853	2533865	0	0	0	0	0
6733	0	0	52165	14439	15590	19550	0	1180	927	888	2978	49187	52088	64669	77	0	15	62	15	15	0	0	0	0	0	15	0	15	0	0	0	15	0	1222464	267948	266045	463249	3042	2853	2681903	0	0	0	0	0
29984	795	2212	41304	13441	13393	13990	0	677	593	562	1792	39497	19809	93838	21495	544	21418	77	20744	20874	674	544	205	335	118	21418	879	21418	2219	2202	17	19216	2202	1263852	289443	287463	493240	1165	959	2736287	0	0	0	0	0
6760	7	0	52266	14662	15662	19494	0	1158	917	820	2879	49387	52172	64825	94	0	12	82	10	12	2	0	0	2	0	12	2	12	0	0	0	12	0	1316191	289537	287475	500012	1165	959	2884326	0	0	0	0	0
28604	781	2133	40467	13249	12972	13760	0	668	528	594	1745	38714	19891	90942	20576	534	20502	74	19829	19968	673	534	206	345	102	20502	879	20502	2138	2120	18	18382	2120	1356752	310113	307977	528625	3303	3079	2938699	0	0	0	0	0
6787	7	0	52246	14522	15746	19539	0	1160	890	837	2863	49383	52161	64639	85	0	14	71	14	14	0	0	0	0	0	14	0	14	0	0	0	14	0	1409085	310199	307991	535419	3303	3079	3086749	0	0	0	0	0
28889	845	2167	40482	13382	13052	13531	0	685	573	600	1825	38654	19712	91330	20770	564	20685	85	19955	20121	730	564	181	347	103	20685	911	20685	2173	2158	15	18527	2158	1449663	330970	328676	564323	1380	1141	3141122	0	0	0	0	0
6795	7	0	52081	14428	15737	19477	0	1156	872	867	2874	49207	51997	64408	84	0	8	76	8	8	0	0	0	0	0	8	0	8	0	0	0	8	0	1501807	331054	328684	571127	1380	1141	3289172	0	0	0	0	0
28588	753	2108	40386	13174	12915	13786	0	696	616	577	1836	38534	19934	90751	20452	494	20368	84	19719	19874	649	494	164	319	91	20368	813	20368	2111	2097	14	18271	2097	1542259	351506	349052	599726	3491	3238	3343545	0	0	0	0	0
6666	6	0	51904	14540	15568	19361	0	1196	873	821	2862	49040	51807	64315	97	0	14	83	14	14	0	0	0	0	0	14	0	14	0	0	0	14	0	1594245	351603	349066	606400	3491	3238	3491595	0	0	0	0	0
29672	830	2157	41064	13555	13171	13902	0	658	615	605	1829	39228	19759	93098	21305	559	21247	58	20535	20688	712	559	196	349	101	21247	908	21247	2160	2148	12	19099	2148	1635396	372908	370313	636077	1555	1290	3545968	0	0	0	0	0
6870	5	0	52041	14598	15627	19426	0	1120	853	863	2820	49221	51962	64382	79	0	8	71	8	8	0	0	0	0	0	8	0	8	0	0	0	8	0	1687528	372987	370321	642959	1555	1290	3694019	0	0	0	0	0

processed_m4507_ME11_HV0_test40_SRCoff_170715_205114_TMBCounters.txt																																													
alct0 valid pattern flag received	alct1 valid pattern flag received	raw hits readout   	Pretrigger   	Pretrigger on CFEB0	Pretrigger on CFEB1	Pretrigger on CFEB2	Pretrigger on CFEB3	Pretrigger on CFEB4	Pretrigger on CFEB5	Pretrigger on CFEB6	Pretrigger on ME1A CFEB 4-6 only	Pretrigger on ME1B CFEBs 0-3 only	Discarded, CLCT0 invalid pattern after drift	BX pretrig waiting for triads to dissipate	clct0 sent to TMB matching section	clct1 sent to TMB matching section	TMB accepted alct	TMB match reject event  	Matching found one ALCT	Matching found one CLCT	Matching found two ALCTs	Matching found two CLCTs	ALCT0 copied into ALCT1 to make 2nd LCT	CLCT0 copied into CLCT1 to make 2nd LCT	LCT1 has higher quality than LCT0 	Transmitted LCT0 to MPC	Transmitted LCT1 to MPC	MPC rejected both LCT0 and LCT1	L1A received   	L1A received, TMB in L1A window	L1A received, no TMB in window	TMB triggered, no L1A in window	TMB readouts completed	Pretrigger counter   	CLCT counter   	TMB trigger counter	ALCTs received counter	L1As received counter 	Readout counter 	Orbit counter	CLCT pre-trigger and ALCT coincidence counter	CFEB0 active flag sent to DMB for readout	CFEB1 active flag sent to DMB for readout	CFEB2 active flag sent to DMB for readout	CFEB3 active flag sent to DMB for readout
29443	841	2105	41565	13603	13287	14288	0	634	593	558	1738	39815	20760	92318	20805	527	20720	85	20007	20194	713	526	163	350	82	20720	876	20720	2110	2093	17	18627	2093	59965	20837	20727	32091	2110	2093	104813	0	0	0	0	0
7611	9	0	54543	15222	16383	20450	0	1159	902	885	2925	51615	54463	67371	80	0	10	70	10	10	0	0	0	0	0	10	0	10	0	0	0	10	0	114650	20917	20737	39723	2110	2093	252863	0	0	0	0	0
28272	752	2058	40774	13385	13147	13850	0	615	592	584	1740	39024	20720	89901	20054	474	19976	78	19333	19502	643	474	176	345	96	19976	819	19976	2061	2045	16	17931	2045	155519	40971	40713	68011	75	42	307236	0	0	0	0	0
7867	10	0	54523	15028	16453	20565	0	1188	869	877	2921	51602	54430	67561	93	1	18	75	18	17	0	1	1	0	0	18	1	18	0	0	0	18	0	210142	41065	40731	75894	75	42	455286	0	0	0	0	0
30908	865	2309	42844	14166	13731	14530	0	683	596	568	1796	41037	20740	96558	22104	614	22032	72	21288	21418	744	614	220	350	115	22032	964	22032	2315	2299	16	19733	2299	253076	63175	62769	106815	2392	2343	509661	0	0	0	0	0
7411	13	0	54688	15122	16604	20458	0	1197	903	871	2951	51737	54609	67514	79	1	14	65	14	13	0	1	1	0	0	14	1	14	0	0	0	14	0	307846	63255	62783	114242	2392	2343	657696	0	0	0	0	0
27792	773	2032	40266	13238	12932	13674	0	680	517	554	1715	38538	20703	88285	19563	472	19494	69	18835	19022	659	472	156	343	87	19494	815	19494	2038	2023	15	17471	2023	348203	82819	82277	142046	334	270	712081	0	0	0	0	0
7603	13	0	54751	15328	16552	20523	0	1132	855	841	2813	51938	54655	67943	96	0	14	82	13	14	1	0	0	1	0	14	1	14	0	0	0	14	0	403051	82915	82291	149665	334	270	860121	0	0	0	0	0
32162	871	2347	44032	14526	14000	14960	0	727	621	657	1943	42074	20968	99767	23064	573	23001	63	22262	22428	739	573	205	371	105	23001	944	23001	2350	2338	12	20663	2338	447180	105979	105292	181837	2684	2608	914504	0	0	0	0	0
7666	7	0	54766	15368	16500	20540	0	1089	912	851	2837	51929	54681	67785	85	1	16	69	15	15	1	1	0	0	0	16	1	16	0	0	0	16	0	502033	106066	105309	189512	2684	2608	1062543	0	0	0	0	0
28777	789	2072	41215	13591	13181	14000	0	673	577	591	1799	39407	20808	90925	20407	499	20325	82	19643	19826	682	499	174	357	84	20325	856	20325	2078	2068	10	18257	2068	543323	126473	125634	218307	666	580	1116915	0	0	0	0	0
7592	9	0	54431	15125	16615	20319	0	1125	907	833	2843	51588	54338	67567	93	1	20	73	18	19	2	1	0	1	1	20	2	20	0	0	0	20	0	597855	126566	125654	225907	666	580	1264965	0	0	0	0	0
29591	785	2118	41491	13769	13316	13875	0	720	627	639	1911	39562	20523	92428	20968	509	20897	71	20216	20388	681	509	176	348	94	20897	857	20897	2121	2112	9	18785	2112	639449	147535	146551	255507	2787	2692	1319338	0	0	0	0	0
7676	10	0	54490	15054	16526	20356	0	1209	875	924	2992	51498	54403	67662	87	1	16	71	14	15	2	1	0	1	0	16	2	16	0	0	0	16	0	694026	147622	146567	263192	2787	2692	1467388	0	0	0	0	0
28533	799	2013	41045	13494	13039	14054	0	660	600	577	1781	39249	20781	90728	20264	536	20189	75	19517	19653	672	536	192	328	88	20189	864	20189	2019	2002	17	18187	2002	735159	167886	166756	291738	710	598	1521761	0	0	0	0	0
7713	7	0	54024	15103	16384	20196	0	1101	857	824	2765	51259	53937	66881	87	1	17	70	16	16	1	1	0	0	0	17	1	17	0	0	0	17	0	789277	167973	166773	299467	710	598	1669811	0	0	0	0	0
29126	781	2128	41163	13458	13235	14038	0	680	585	591	1806	39344	20534	91432	20629	548	20555	74	19881	20007	674	548	188	314	91	20555	862	20555	2135	2116	19	18439	2116	830531	188602	187328	328598	2845	2714	1724184	0	0	0	0	0
7613	20	0	54347	15196	16490	20201	0	1151	877	895	2902	51445	54247	67576	100	1	22	78	19	21	3	1	0	2	0	22	3	22	0	0	0	22	0	884971	188703	187350	336223	2845	2714	1872223	0	0	0	0	0
28502	817	2059	41153	13406	13232	13990	0	690	602	600	1835	39307	21046	90452	20107	540	20033	74	19344	19493	689	540	190	339	97	20033	879	20033	2064	2052	12	17981	2052	926212	208811	207383	364743	813	670	1926607	0	0	0	0	0
7504	8	0	54302	15186	16369	20183	0	1234	909	869	2991	51311	54206	67271	96	0	15	81	13	15	2	0	0	2	0	15	2	15	0	0	0	15	0	980588	208907	207398	372259	813	670	2074647	0	0	0	0	0
30047	817	2221	42101	13854	13639	14234	0	705	580	590	1817	40263	20719	93973	21382	522	21303	79	20602	20781	701	522	182	361	81	21303	883	21303	2231	2212	19	19091	2212	1022777	230290	228702	402327	3044	2882	2129019	0	0	0	0	0
7629	10	0	54770	15294	16813	20209	0	1160	892	853	2889	51881	54668	68187	102	0	15	87	15	15	0	0	0	0	0	15	0	15	0	0	0	15	0	1077630	230392	228717	409966	3044	2882	2277069	0	0	0	0	0
30511	844	2235	42231	13763	13655	14409	0	684	638	563	1821	40384	20517	94826	21714	524	21639	75	20916	21115	723	524	190	389	97	21639	913	21639	2238	2228	10	19411	2228	1119934	252106	250356	440492	1186	1014	2331442	0	0	0	0	0
7618	8	0	54950	15303	16721	20492	0	1238	899	805	2921	52029	54866	68044	84	0	16	68	16	16	0	0	0	0	0	16	0	16	0	0	0	16	0	1174971	252191	250372	448121	1186	1014	2479503	0	0	0	0	0
27828	848	2018	40252	13128	12868	13819	0	658	580	582	1770	38470	20674	88257	19578	536	19510	68	18794	18975	716	535	168	349	97	19510	884	19510	2022	2004	18	17506	2004	1215327	271770	269882	475959	3208	3018	2533865	0	0	0	0	0
7580	10	0	54590	15273	16502	20234	0	1191	962	891	3024	51565	54496	67624	94	2	10	84	9	8	1	2	1	0	1	10	2	10	0	0	0	10	0	1269999	271864	269892	483555	3208	3018	2681903	0	0	0	0	0
29560	818	2228	41466	13641	13308	14136	0	663	568	551	1731	39725	20422	92660	21044	560	20966	78	20245	20406	721	560	189	350	92	20966	910	20966	2234	2212	22	18754	2212	1311548	292908	290858	513128	1346	1134	2736288	0	0	0	0	0
7736	7	0	54366	15090	16399	20442	0	1098	923	874	2874	51492	54275	67245	91	0	13	78	13	13	0	0	0	0	0	13	0	13	0	0	0	13	0	1365995	292999	290871	520875	1346	1134	2884337	0	0	0	0	0
29082	802	2150	41217	13476	13371	14001	0	644	603	570	1759	39443	20517	91639	20700	555	20622	78	19954	20067	668	555	206	319	105	20622	874	20622	2154	2144	10	18478	2144	1407318	313700	311493	549973	3500	3278	2938711	0	0	0	0	0
7722	9	0	54189	15210	16248	20297	0	1143	860	877	2864	51325	54109	67103	80	0	10	70	10	10	0	0	0	0	0	10	0	10	0	0	0	10	0	1461598	313780	311503	557704	3500	3278	3086760	0	0	0	0	0
32855	952	2454	44573	14765	14383	15038	0	762	632	600	1926	42629	20927	101679	23646	598	23564	82	22752	22966	812	598	219	433	98	23564	1031	23564	2456	2443	13	21121	2443	1506271	337426	335067	590571	1860	1625	3141145	0	0	0	0	0
7640	8	0	54680	15524	16424	20289	0	1154	872	870	2871	51809	54597	67497	83	1	13	70	11	12	2	1	0	1	1	13	2	13	0	0	0	13	0	1561053	337509	335080	598229	1860	1625	3289183	0	0	0	0	0
28477	781	2114	41024	13415	13403	13863	0	647	553	574	1726	39286	20777	90328	20247	538	20173	74	19500	19635	673	538	202	337	88	20173	875	20173	2118	2103	15	18070	2103	1602170	357756	355253	626723	3978	3728	3343545	0	0	0	0	0
7546	9	0	54574	15052	16524	20619	0	1152	855	857	2833	51741	54488	67668	86	0	17	69	17	17	0	0	0	0	0	17	0	17	0	0	0	17	0	1656818	357842	355270	634276	3978	3728	3491595	0	0	0	0	0
28423	789	2066	40570	13230	13079	13939	0	668	582	507	1703	38856	20383	89864	20187	516	20114	73	19430	19598	684	516	168	336	85	20114	852	20114	2072	2054	18	18060	2054	1697488	378030	375384	662715	1954	1686	3545979	0	0	0	0	0
7600	10	0	54583	15246	16674	20267	0	1150	840	882	2848	51735	54482	67713	101	0	18	83	17	18	1	0	0	1	0	18	1	18	0	0	0	18	0	1752156	378132	375403	670330	1954	1686	3694029	0	0	0	0	0

processed_m4508_ME11_HV0_test40_SRCoff_170715_205846_TMBCounters.txt																																													
alct0 valid pattern flag received	alct1 valid pattern flag received	raw hits readout   	Pretrigger   	Pretrigger on CFEB0	Pretrigger on CFEB1	Pretrigger on CFEB2	Pretrigger on CFEB3	Pretrigger on CFEB4	Pretrigger on CFEB5	Pretrigger on CFEB6	Pretrigger on ME1A CFEB 4-6 only	Pretrigger on ME1B CFEBs 0-3 only	Discarded, CLCT0 invalid pattern after drift	BX pretrig waiting for triads to dissipate	clct0 sent to TMB matching section	clct1 sent to TMB matching section	TMB accepted alct	TMB match reject event  	Matching found one ALCT	Matching found one CLCT	Matching found two ALCTs	Matching found two CLCTs	ALCT0 copied into ALCT1 to make 2nd LCT	CLCT0 copied into CLCT1 to make 2nd LCT	LCT1 has higher quality than LCT0 	Transmitted LCT0 to MPC	Transmitted LCT1 to MPC	MPC rejected both LCT0 and LCT1	L1A received   	L1A received, TMB in L1A window	L1A received, no TMB in window	TMB triggered, no L1A in window	TMB readouts completed	Pretrigger counter   	CLCT counter   	TMB trigger counter	ALCTs received counter	L1As received counter 	Readout counter 	Orbit counter	CLCT pre-trigger and ALCT coincidence counter	CFEB0 active flag sent to DMB for readout	CFEB1 active flag sent to DMB for readout	CFEB2 active flag sent to DMB for readout	CFEB3 active flag sent to DMB for readout
28576	796	2038	42357	13699	13677	14601	0	655	590	557	1747	40598	22159	91805	20198	534	20135	63	19450	19601	685	534	202	353	87	20135	887	20135	2043	2028	15	18107	2028	62400	20236	20144	31474	2043	2028	104802	0	0	0	0	0
8785	9	0	57938	16060	17755	21660	0	1189	907	899	2976	54962	57844	71752	94	0	18	76	18	18	0	0	0	0	0	18	0	18	0	0	0	18	0	120478	20330	20162	40290	2043	2028	252851	0	0	0	0	0
27926	803	1954	41509	13414	13515	14293	0	601	551	628	1729	39764	21993	89385	19516	541	19428	88	18738	18887	690	541	189	338	112	19428	879	19428	1957	1947	10	17481	1947	162068	39846	39590	68231	4000	3975	307225	0	0	0	0	0
8570	10	0	58163	16357	17883	21373	0	1264	903	919	3062	55099	58057	72194	106	1	16	90	12	15	4	1	0	3	0	16	4	16	0	0	0	16	0	220328	39952	39606	76809	4000	3975	455274	0	0	0	0	0
29144	802	2060	42333	13722	13629	14556	0	682	576	585	1784	40535	21886	92232	20447	526	20345	102	19670	19819	675	526	198	347	82	20345	873	20345	2064	2048	16	18297	2048	262754	60399	59951	105967	1968	1927	509646	0	0	0	0	0
8466	12	0	58325	16140	17893	21680	0	1216	946	966	3102	55223	58230	72289	95	0	12	83	11	12	1	0	0	1	0	12	1	12	0	0	0	12	0	321179	60494	59963	114450	1968	1927	657686	0	0	0	0	0
29439	791	2186	42936	14020	13916	14630	0	680	616	601	1844	41081	22149	93716	20787	539	20704	83	20046	20165	658	539	212	331	96	20704	870	20704	2192	2170	22	18534	2170	364213	81281	80667	143907	64	1	712071	0	0	0	0	0
8551	8	0	58252	16342	17693	21773	0	1178	933	893	2987	55265	58169	72223	83	0	12	71	11	12	1	0	0	1	0	12	1	12	0	0	0	12	0	422578	81364	80679	152472	64	1	860109	0	0	0	0	0
29930	801	2092	43060	14120	13867	14774	0	667	554	586	1748	41295	22081	94225	20979	525	20901	78	20227	20376	674	525	205	354	86	20901	879	20901	2100	2085	15	18816	2085	465735	102343	101580	182416	2164	2086	914493	0	0	0	0	0
8671	13	0	58425	16245	17964	21765	0	1190	911	881	2967	55458	58322	72592	103	0	21	82	21	21	0	0	0	0	0	21	0	21	0	0	0	21	0	524249	102446	101601	191101	2164	2086	1062531	0	0	0	0	0
29677	856	2241	43030	13955	13978	14642	0	689	636	606	1862	41154	21965	94205	21065	553	20978	87	20262	20425	716	553	200	363	99	20978	916	20978	2244	2231	13	18747	2231	567389	123511	122579	220791	312	221	1116904	0	0	0	0	0
8629	10	0	58572	16196	18032	21819	0	1240	963	887	3073	55499	58487	72658	85	1	10	75	8	9	2	1	0	1	0	10	2	10	0	0	0	10	0	626044	123596	122589	229439	312	221	1264955	0	0	0	0	0
29332	758	2165	42639	13844	13694	14613	0	745	616	586	1892	40732	21999	93117	20640	531	20556	84	19902	20025	654	531	177	300	96	20556	831	20556	2173	2153	20	18403	2153	668783	144237	143145	258786	2485	2374	1319327	0	0	0	0	0
8659	10	0	58238	16017	17885	21824	0	1202	924	916	3032	55205	58132	72132	106	0	14	92	13	14	1	0	0	1	0	14	1	14	0	0	0	14	0	727120	144343	143159	267459	2485	2374	1467376	0	0	0	0	0
29768	837	2203	42975	14019	13926	14665	0	667	578	596	1785	41165	21946	94268	21029	552	20950	79	20243	20399	707	551	190	346	99	20950	897	20950	2209	2194	15	18756	2194	770208	165372	164109	297237	598	472	1521750	0	0	0	0	0
8504	12	0	58119	16230	17853	21593	0	1192	905	892	2966	55153	58020	72056	99	0	13	86	12	13	1	0	0	1	0	13	1	13	0	0	0	13	0	828432	165471	164122	305754	598	472	1669799	0	0	0	0	0
33586	903	2506	46093	15123	14940	15612	0	760	639	635	1963	44108	22177	103645	23916	599	23826	90	23071	23228	755	598	229	386	114	23826	984	23826	2509	2501	8	21325	2501	874607	189387	187948	339350	3107	2973	1724173	0	0	0	0	0
8580	11	0	58413	16237	17832	21780	0	1203	906	949	3035	55378	58305	72531	108	0	19	89	19	19	0	0	0	0	0	19	0	19	0	0	0	19	0	933106	189495	187967	347946	3107	2973	1872211	0	0	0	0	0
29323	793	2091	42433	13836	13627	14461	0	710	634	609	1894	40523	21929	92391	20504	526	20427	77	19739	19901	688	526	171	333	102	20427	859	20427	2095	2084	11	18343	2084	975637	209999	208394	377284	1106	961	1926596	0	0	0	0	0
8468	15	0	58302	16141	17827	21740	0	1221	935	927	3055	55247	58212	72379	90	0	13	77	13	13	0	0	0	0	0	13	0	13	0	0	0	13	0	1034051	210089	208407	385768	1106	961	2074634	0	0	0	0	0
29266	849	2127	42290	13682	13637	14490	0	717	580	626	1865	40416	21876	92134	20414	542	20342	72	19605	19800	737	542	195	390	100	20342	932	20342	2135	2114	21	18228	2114	1076432	230503	228749	415043	3241	3075	2129019	0	0	0	0	0
8530	13	0	58681	16477	18038	21692	0	1195	938	878	2986	55695	58569	72575	112	1	17	95	16	16	1	1	0	0	0	17	1	17	0	0	0	17	0	1135222	230615	228766	423586	3241	3075	2277057	0	0	0	0	0
28748	804	2142	42431	13785	13724	14511	0	692	607	582	1817	40596	22192	92061	20239	527	20148	91	19451	19621	697	527	166	336	76	20148	863	20148	2147	2134	13	18014	2134	1177751	250855	248914	452344	1292	1113	2331430	0	0	0	0	0
8699	7	0	58142	16073	17847	21716	0	1118	981	932	3011	55130	58054	72235	88	0	12	76	12	12	0	0	0	0	0	12	0	12	0	0	0	12	0	1235998	250943	248926	461048	1292	1113	2479480	0	0	0	0	0
28560	794	2123	41848	13531	13629	14273	0	708	616	559	1812	40023	21783	90826	20065	547	19982	83	19302	19435	680	547	198	331	103	19982	878	19982	2128	2111	17	17871	2111	1277940	271008	268908	489623	3420	3224	2533853	0	0	0	0	0
8568	14	0	58113	16009	17731	21910	0	1173	907	918	2974	55139	58026	72143	87	0	17	70	16	17	1	0	0	1	0	17	1	17	0	0	0	17	0	1336150	271095	268925	498205	3420	3224	2681903	0	0	0	0	0
29616	828	2091	42832	14072	13589	14691	0	665	623	620	1842	40971	21995	93436	20837	553	20741	96	20043	20188	698	553	195	340	114	20741	893	20741	2096	2085	11	18656	2085	1379088	291932	289666	527835	1420	1213	2736276	0	0	0	0	0
8584	4	0	58454	16221	17939	21715	0	1190	973	917	3057	55396	58370	72307	84	0	12	72	12	12	0	0	0	0	0	12	0	12	0	0	0	12	0	1437626	292016	289678	536436	1420	1213	2884315	0	0	0	0	0
29272	809	2149	42415	13907	13770	14299	0	725	606	585	1857	40545	21902	92492	20513	525	20426	87	19735	19901	691	525	188	354	88	20426	879	20426	2152	2135	17	18291	2135	1480121	312529	310104	565721	3572	3348	2938699	0	0	0	0	0
8440	14	0	57707	16019	17691	21460	0	1205	906	918	3012	54695	57620	71511	87	1	14	73	13	13	1	1	0	0	0	14	1	14	0	0	0	14	0	1537935	312616	310118	574182	3572	3348	3086737	0	0	0	0	0
31198	914	2228	44097	14457	14374	14862	0	717	640	605	1900	42180	21892	97840	22205	604	22130	75	21349	21526	781	604	194	371	123	22130	975	22130	2234	2224	10	19906	2224	1582130	334821	332248	605395	1710	1476	3141122	0	0	0	0	0
8564	12	0	58612	16201	18172	21705	0	1211	947	860	2997	55615	58519	72720	93	0	11	82	11	11	0	0	0	0	0	11	0	11	0	0	0	11	0	1640839	334914	332259	613974	1710	1476	3289160	0	0	0	0	0
29634	809	2152	42990	13962	13974	14625	0	680	610	615	1840	41136	22089	94054	20901	528	20803	98	20112	20275	691	528	196	359	101	20803	887	20803	2155	2144	11	18659	2144	1683930	355816	353063	643629	3865	3620	3343534	0	0	0	0	0
8648	8	0	58348	16269	17839	21684	0	1244	963	871	3053	55295	58246	72402	102	0	15	87	15	15	0	0	0	0	0	15	0	15	0	0	0	15	0	1742379	355919	353079	652293	3865	3620	3491583	0	0	0	0	0
28573	795	2139	42010	13734	13602	14298	0	657	554	608	1766	40226	21913	91251	20097	545	20024	73	19349	19479	675	545	186	316	109	20024	861	20024	2145	2130	15	17894	2130	1784503	376016	373103	680887	1914	1654	3545957	0	0	0	0	0
8669	8	0	58306	16007	17969	21789	0	1184	934	936	3035	55271	58220	72233	86	0	11	75	11	11	0	0	0	0	0	11	0	11	0	0	0	11	0	1842903	376102	373114	689572	1914	1654	3694006	0	0	0	0	0

processed_m4509_ME11_HV0_test40_SRCoff_170715_210627_TMBCounters.txt																																													
alct0 valid pattern flag received	alct1 valid pattern flag received	raw hits readout   	Pretrigger   	Pretrigger on CFEB0	Pretrigger on CFEB1	Pretrigger on CFEB2	Pretrigger on CFEB3	Pretrigger on CFEB4	Pretrigger on CFEB5	Pretrigger on CFEB6	Pretrigger on ME1A CFEB 4-6 only	Pretrigger on ME1B CFEBs 0-3 only	Discarded, CLCT0 invalid pattern after drift	BX pretrig waiting for triads to dissipate	clct0 sent to TMB matching section	clct1 sent to TMB matching section	TMB accepted alct	TMB match reject event  	Matching found one ALCT	Matching found one CLCT	Matching found two ALCTs	Matching found two CLCTs	ALCT0 copied into ALCT1 to make 2nd LCT	CLCT0 copied into CLCT1 to make 2nd LCT	LCT1 has higher quality than LCT0 	Transmitted LCT0 to MPC	Transmitted LCT1 to MPC	MPC rejected both LCT0 and LCT1	L1A received   	L1A received, TMB in L1A window	L1A received, no TMB in window	TMB triggered, no L1A in window	TMB readouts completed	Pretrigger counter   	CLCT counter   	TMB trigger counter	ALCTs received counter	L1As received counter 	Readout counter 	Orbit counter	CLCT pre-trigger and ALCT coincidence counter	CFEB0 active flag sent to DMB for readout	CFEB1 active flag sent to DMB for readout	CFEB2 active flag sent to DMB for readout	CFEB3 active flag sent to DMB for readout
27569	822	2079	38897	12700	12493	13169	0	669	525	539	1693	37190	19316	87382	19581	475	19494	87	18802	19019	692	475	164	381	88	19494	856	19494	2082	2057	25	17437	2057	56088	19603	19499	29577	2082	2057	104801	0	0	0	0	0
5937	7	0	49930	14106	14964	18661	0	998	854	806	2639	47290	49864	61835	66	0	9	57	8	9	1	0	0	1	0	9	1	9	0	0	0	9	0	106085	19669	19508	35524	2082	2057	252852	0	0	0	0	0
27951	746	2126	39042	12717	12606	13200	0	595	577	548	1682	37351	19273	87870	19769	469	19697	72	19078	19228	619	469	163	313	86	19697	782	19697	2136	2104	32	17593	2104	145211	39439	39206	63486	122	65	307224	0	0	0	0	0
5875	5	0	50270	14057	15161	18797	0	1059	845	797	2676	47591	50172	62233	98	0	14	84	14	14	0	0	0	0	0	14	0	14	0	0	0	14	0	195562	39537	39220	69365	122	65	455275	0	0	0	0	0
28981	793	2196	40325	13276	13097	13446	0	609	539	597	1695	38614	19652	91295	20673	491	20598	75	19930	20107	668	491	186	363	97	20598	854	20598	2200	2169	31	18429	2169	235958	60210	59818	98359	2322	2234	509645	0	0	0	0	0
5751	8	0	49954	13876	15227	18614	0	1043	863	803	2691	47263	49881	61737	73	0	13	60	12	13	1	0	0	1	0	13	1	13	0	0	0	13	0	286001	60283	59831	104114	2322	2234	657697	0	0	0	0	0
26937	749	2090	38355	12630	12353	12827	0	617	543	521	1642	36707	19227	85672	19128	468	19062	66	18428	18594	634	468	177	343	87	19062	811	19062	2096	2071	25	16991	2071	324436	79411	78893	131062	322	209	712071	0	0	0	0	0
5855	4	0	50509	14205	15136	18935	0	1053	811	790	2628	47881	50435	62437	74	0	7	67	7	7	0	0	0	0	0	7	0	7	0	0	0	7	0	375011	79485	78900	136929	322	209	860108	0	0	0	0	0
26789	726	1982	38329	12597	12211	12987	0	606	565	510	1638	36683	19293	85454	19036	428	18972	63	18351	18544	621	428	160	353	85	18972	781	18972	1988	1955	33	17017	1955	413427	98521	97872	163726	2310	2164	914491	0	0	0	0	0
5782	7	0	49777	13757	15144	18562	0	1110	819	807	2721	47055	49685	61834	92	0	16	76	14	16	2	0	0	2	0	16	2	16	0	0	0	16	0	463283	98613	97888	169523	2310	2164	1062533	0	0	0	0	0
27369	759	2046	38565	12769	12298	12980	0	649	541	503	1634	36916	19265	86579	19300	473	19232	68	18590	18760	642	472	153	323	102	19232	795	19232	2048	2024	24	17208	2024	501920	117913	117120	196903	262	92	1116916	0	0	0	0	0
5876	7	0	50015	13974	15106	18764	0	1042	806	797	2631	47384	49937	61968	78	1	8	70	7	7	1	1	0	0	0	8	1	8	0	0	0	8	0	552019	117991	117128	202792	262	92	1264954	0	0	0	0	0
28711	803	2155	39800	12972	12715	13569	0	611	616	559	1737	38051	19328	90488	20472	507	20405	67	19727	19898	678	507	178	349	95	20405	856	20405	2157	2133	24	18272	2133	591904	138464	137534	231515	2419	2225	1319327	0	0	0	0	0
5845	4	0	49974	13896	15252	18612	0	1028	823	809	2647	47326	49883	61732	91	0	17	74	17	17	0	0	0	0	0	17	0	17	0	0	0	17	0	641941	138555	137551	237370	2419	2225	1467376	0	0	0	0	0
27214	762	2029	38602	12634	12384	13015	0	605	541	578	1658	36926	19346	86659	19256	462	19187	69	18545	18725	642	462	160	340	98	19187	802	19187	2036	2008	28	17179	2008	680628	157811	156738	264597	359	137	1521749	0	0	0	0	0
5632	4	0	49427	13772	15188	18166	0	1083	827	788	2679	46747	49340	61360	87	0	10	77	9	10	1	0	0	1	0	10	1	10	0	0	0	10	0	730123	157898	156748	270235	359	137	1669787	0	0	0	0	0
30098	830	2315	40720	13365	13011	13811	0	632	609	580	1773	38938	19285	93380	21435	518	21368	67	20664	20850	704	518	194	380	99	21368	898	21368	2324	2290	34	19078	2290	770907	179334	178116	300344	2683	2427	1724172	0	0	0	0	0
6001	6	0	50147	14213	14891	18864	0	956	868	814	2621	47525	50063	61920	84	0	7	77	7	7	0	0	0	0	0	7	0	7	0	0	0	7	0	821138	179418	178123	306357	2683	2427	1872212	0	0	0	0	0
28159	782	2150	39050	12868	12575	13067	0	606	565	574	1704	37339	18988	88637	20062	505	19988	74	19318	19484	670	504	190	356	100	19988	860	19988	2155	2126	29	17862	2126	860276	199480	198111	334530	742	457	1926596	0	0	0	0	0
5961	6	0	49609	13754	15091	18525	0	1000	881	795	2663	46945	49532	61408	77	0	15	62	14	15	1	0	0	1	0	15	1	15	0	0	0	15	0	909973	199557	198126	340503	742	457	2074635	0	0	0	0	0
27415	804	2140	38783	12639	12455	13208	0	617	533	505	1611	37158	19231	87341	19552	501	19500	52	18819	18999	681	501	157	337	108	19500	838	19500	2145	2118	27	17382	2118	948837	219109	217626	367926	2887	2575	2129018	0	0	0	0	0
5774	7	0	49558	13854	14993	18422	0	1033	872	811	2695	46862	49473	61347	85	0	13	72	11	13	2	0	0	2	0	13	2	13	0	0	0	13	0	998471	219194	217639	373711	2887	2575	2277058	0	0	0	0	0
29224	803	2203	40131	13129	12826	13625	0	616	565	598	1723	38394	19267	91508	20864	502	20782	82	20095	20280	687	502	181	366	108	20782	868	20782	2209	2178	31	18604	2178	1038690	240058	238421	402945	1000	657	2331431	0	0	0	0	0
5890	7	0	49925	13949	15139	18586	0	993	862	821	2660	47265	49844	61866	81	0	18	63	17	18	1	0	0	1	0	18	1	18	0	0	0	18	0	1088689	240139	238439	408849	1000	657	2479479	0	0	0	0	0
27552	777	2030	39030	12927	12512	13043	0	612	577	525	1671	37337	19405	87591	19625	504	19555	70	18909	19051	646	504	191	333	87	19555	837	19555	2035	2016	19	17539	2016	1127798	259764	257994	436408	3035	2673	2533852	0	0	0	0	0
5810	3	0	49777	13884	15232	18440	0	1087	841	763	2672	47105	49694	61588	83	0	8	75	6	8	2	0	0	2	0	8	2	8	0	0	0	8	0	1177642	259848	258002	442230	3035	2673	2681892	0	0	0	0	0
27526	768	2085	38600	12605	12389	12996	0	627	627	526	1737	36851	19183	86772	19417	510	19344	73	18690	18834	654	510	166	310	100	19344	820	19344	2090	2064	26	17280	2064	1216334	279265	277346	469757	1029	641	2736277	0	0	0	0	0
5905	3	0	49895	13791	15152	18706	0	1066	812	803	2667	47227	49814	61607	81	0	12	69	12	12	0	0	0	0	0	12	0	12	0	0	0	12	0	1266316	279347	277359	475672	1029	641	2884315	0	0	0	0	0
29562	799	2187	40506	13478	13029	13489	0	624	594	584	1748	38747	19481	92247	21025	509	20962	63	20306	20453	656	509	184	331	101	20962	840	20962	2190	2165	25	18797	2165	1306907	300372	298321	505247	3219	2806	2938698	0	0	0	0	0
5970	5	0	49703	13792	15103	18589	0	1054	864	748	2645	47058	49624	61493	79	0	10	69	10	10	0	0	0	0	0	10	0	10	0	0	0	10	0	1356701	300451	298331	511228	3219	2806	3086737	0	0	0	0	0
27665	728	2020	38552	12635	12288	13085	0	639	534	538	1663	36877	19006	86832	19546	483	19475	71	18865	18992	610	483	173	300	92	19475	783	19475	2024	1994	30	17481	1994	1395323	319997	317806	538901	1147	704	3141123	0	0	0	0	0
5822	4	0	49644	13780	14942	18738	0	1000	863	790	2626	47018	49565	61377	79	0	11	68	11	11	0	0	0	0	0	11	0	11	0	0	0	11	0	1445049	320076	317817	544735	1147	704	3289160	0	0	0	0	0
28085	780	2069	39062	12783	12583	13142	0	639	526	579	1688	37361	19184	88092	19878	450	19834	44	19172	19384	662	450	154	366	95	19834	816	19834	2072	2054	18	17780	2054	1484189	339954	337651	572835	3219	2758	3343533	0	0	0	0	0
5646	4	0	49871	13870	15176	18515	0	1043	854	842	2711	47159	49773	61690	98	2	14	84	13	12	1	2	1	0	1	14	2	14	0	0	0	14	0	1534130	340052	337665	578491	3219	2758	3491584	0	0	0	0	0
27156	768	2071	38170	12436	12409	12847	0	576	561	556	1641	36513	18970	85818	19200	492	19131	69	18475	18639	656	492	154	318	99	19131	810	19131	2072	2053	19	17078	2053	1572395	359252	356796	605660	1195	715	3545956	0	0	0	0	0
5915	10	0	49765	13859	15020	18650	0	980	885	801	2639	47126	49687	61306	78	1	9	69	8	8	1	1	0	0	0	9	1	9	0	0	0	9	0	1622239	359330	356805	611581	1195	715	3694006	0	0	0	0	0
30679	857	2304	41446	13566	13344	13995	0	646	567	596	1772	39669	19494	95190	21952	497	21888	64	21172	21391	716	497	163	382	91	21888	879	21888	2309	2286	23	19602	2286	1663762	381283	378694	642266	3504	3001	3748379	0	0	0	0	0

