processed_m4658_ME21_HV0_test40_SRCoff_170718_083239_TMBCounters.txt																																													
alct0 valid pattern flag received	alct1 valid pattern flag received	raw hits readout   	Pretrigger   	Pretrigger on CFEB0	Pretrigger on CFEB1	Pretrigger on CFEB2	Pretrigger on CFEB3	Pretrigger on CFEB4	Pretrigger on CFEB5	Pretrigger on CFEB6	Pretrigger on ME1A CFEB 4-6 only	Pretrigger on ME1B CFEBs 0-3 only	Discarded, CLCT0 invalid pattern after drift	BX pretrig waiting for triads to dissipate	clct0 sent to TMB matching section	clct1 sent to TMB matching section	TMB accepted alct	TMB match reject event  	Matching found one ALCT	Matching found one CLCT	Matching found two ALCTs	Matching found two CLCTs	ALCT0 copied into ALCT1 to make 2nd LCT	CLCT0 copied into CLCT1 to make 2nd LCT	LCT1 has higher quality than LCT0 	Transmitted LCT0 to MPC	Transmitted LCT1 to MPC	MPC rejected both LCT0 and LCT1	L1A received   	L1A received, TMB in L1A window	L1A received, no TMB in window	TMB triggered, no L1A in window	TMB readouts completed	Pretrigger counter   	CLCT counter   	TMB trigger counter	ALCTs received counter	L1As received counter 	Readout counter 	Orbit counter	CLCT pre-trigger and ALCT coincidence counter	CFEB0 active flag sent to DMB for readout	CFEB1 active flag sent to DMB for readout	CFEB2 active flag sent to DMB for readout	CFEB3 active flag sent to DMB for readout
59556	1770	3207	178108	45304	45243	35841	53279	0	0	0	0	0	172279	237193	5829	166	5278	551	4690	5112	588	166	36	458	34	5278	624	5278	3586	287	3299	4991	287	322724	6204	5281	67802	3586	287	104939	17555	52431	59074	44016	56565
28549	31	0	504444	123826	123984	99099	160803	0	0	0	0	0	503067	628057	1377	0	14	1363	13	14	1	0	0	1	0	14	1	14	0	0	0	14	0	827983	7582	5295	96392	3586	287	280001	486	143100	162346	121672	169228
60605	1820	3345	177515	45260	45335	35177	53319	0	0	0	0	0	171598	236908	5917	188	5375	542	4755	5188	620	187	34	467	32	5375	654	5375	3742	330	3412	5045	330	1005853	13500	10670	157027	3232	617	334373	17925	52447	58935	43601	56612
23912	31	1	427139	104092	105325	84431	135935	0	0	0	0	0	425970	531377	1169	0	13	1156	12	13	1	0	0	1	0	13	1	13	1	0	1	13	0	1433353	14669	10683	180968	3233	617	482388	434	120220	137888	103596	142967
57406	1717	3196	176129	44922	44838	35188	52650	0	0	0	0	0	170446	234138	5683	167	5153	530	4581	4986	572	167	35	440	27	5153	607	5153	3591	322	3269	4831	322	1609848	20352	15836	238399	2728	939	536773	16961	51945	58548	43496	55864
28647	32	0	503278	123142	123711	99156	160618	0	0	0	0	0	501934	625896	1344	0	18	1326	18	18	0	0	0	0	0	18	0	18	0	0	0	18	0	2113466	21696	15854	267067	2728	939	711802	489	142134	161818	121673	168806
56858	1740	3021	176046	44844	44752	35098	52956	0	0	0	0	0	170565	234249	5481	121	4985	496	4445	4864	540	121	21	440	34	4985	561	4985	3387	299	3088	4686	299	2289863	27179	20839	323944	2020	1238	766174	16761	51721	58395	43283	56153
24067	33	0	425616	103507	104827	83837	136072	0	0	0	0	0	424481	529452	1135	1	8	1127	7	7	1	1	0	0	0	8	1	8	0	0	0	8	0	2715823	28314	20847	348030	2020	1238	914224	439	119437	137099	102989	143040
56951	1696	3009	176066	45016	44496	35508	52584	0	0	0	0	0	170623	234089	5443	157	4910	533	4331	4753	579	157	37	459	30	4910	616	4910	3408	291	3117	4619	291	2892249	33758	25757	404995	1332	1529	968624	16689	51833	58343	43826	55941
28569	42	0	503770	123460	123742	99292	160594	0	0	0	0	0	502380	626657	1390	0	11	1379	10	11	1	0	0	1	0	11	1	11	0	0	0	11	0	3396351	35148	25768	433586	1332	1529	1143637	524	142256	162189	122028	168816
62264	1944	3451	177720	45561	45026	35725	53063	0	0	0	0	0	171691	237771	6029	182	5501	528	4845	5320	656	181	42	517	33	5501	698	5501	3841	333	3508	5168	333	3574403	41180	31269	495872	1077	1862	1198009	18284	52609	59038	44225	56296
24143	23	0	426553	104334	104047	84517	136446	0	0	0	0	0	425407	531129	1146	0	14	1132	13	14	1	0	0	1	0	14	1	14	0	0	0	14	0	4001319	42326	31283	520031	1077	1862	1346049	437	120282	136512	103639	143427
56739	1760	2955	176118	45039	44365	35261	52964	0	0	0	0	0	170584	233961	5534	168	5001	533	4385	4833	616	168	34	482	36	5001	650	5001	3290	293	2997	4708	293	4177800	47861	36284	576785	271	2155	1400425	16623	51926	58107	43459	56105
28173	42	0	504615	123558	123675	99956	160623	0	0	0	0	0	503237	627326	1378	1	10	1368	8	9	2	1	0	1	0	10	2	10	0	0	0	10	0	4682770	49239	36294	604977	271	2155	1575460	463	142154	162197	122551	168961
58346	1736	3131	177000	45172	44729	35487	53144	0	0	0	0	0	171270	235391	5730	171	5207	523	4609	5036	598	171	33	460	32	5207	631	5207	3509	312	3197	4895	312	4860130	54971	41501	663337	3780	2467	1629833	17203	52127	58560	43842	56413
24205	31	0	425550	103585	103975	84407	136317	0	0	0	0	0	424431	529047	1119	0	11	1108	9	11	2	0	0	2	0	11	2	11	0	0	0	11	0	5286034	56092	41512	687564	3780	2467	1777884	419	119514	136303	103630	143314
57348	1787	3144	176211	44935	44567	35174	53073	0	0	0	0	0	170750	234250	5461	168	4951	510	4351	4783	600	168	35	467	27	4951	635	4951	3543	305	3238	4646	305	5462578	61553	46463	744930	3227	2772	1832256	16681	51839	58324	43571	56228
28640	27	0	504348	123439	123348	99451	161386	0	0	0	0	0	502963	627737	1385	0	15	1370	14	15	1	0	0	1	0	15	1	15	0	0	0	15	0	5967284	62940	46478	773589	3227	2772	2007297	486	142168	162235	122159	169744
58168	1757	3110	176547	44923	44479	35420	53215	0	0	0	0	0	170937	234728	5610	173	5091	519	4463	4919	628	172	41	497	29	5091	669	5091	3470	299	3171	4792	299	6144182	68552	51569	831770	2601	3071	2061670	16951	51798	58277	43585	56350
23946	37	0	427270	104554	104487	84537	136362	0	0	0	0	0	426079	531334	1191	0	10	1181	10	10	0	0	0	0	0	10	0	10	0	0	0	10	0	6571783	69743	51579	855737	2601	3071	2209720	410	120527	137213	103817	143496
58557	1787	3151	176870	45020	44801	35757	52868	0	0	0	0	0	171225	235540	5645	162	5133	512	4512	4971	621	162	35	494	29	5133	656	5133	3548	310	3238	4823	310	6748998	75388	56712	914311	2053	3381	2264093	17330	51840	58610	44011	56159
28394	39	0	504555	123718	124133	99286	160606	0	0	0	0	0	503148	627857	1407	0	17	1390	16	17	1	0	0	1	0	17	1	17	0	0	0	17	0	7253912	76797	56729	942722	2053	3381	2439132	488	142575	163090	122272	168828
55646	1691	2988	175668	44560	44120	35370	53076	0	0	0	0	0	170170	233529	5498	155	4965	533	4391	4811	574	154	35	455	27	4965	609	4965	3346	295	3051	4670	295	7429896	82296	61694	998392	1303	3676	2493505	16387	51380	57774	43514	56237
23861	37	0	426912	104181	104759	84176	136437	0	0	0	0	0	425745	530341	1167	0	18	1149	16	18	2	0	0	2	0	18	2	18	0	0	0	18	0	7857156	83463	61712	1022268	1303	3676	2641542	402	120247	137164	103556	143489

processed_m4660_ME21_HV0_test40_SRCoff_170718_084720_TMBCounters.txt																																													
alct0 valid pattern flag received	alct1 valid pattern flag received	raw hits readout   	Pretrigger   	Pretrigger on CFEB0	Pretrigger on CFEB1	Pretrigger on CFEB2	Pretrigger on CFEB3	Pretrigger on CFEB4	Pretrigger on CFEB5	Pretrigger on CFEB6	Pretrigger on ME1A CFEB 4-6 only	Pretrigger on ME1B CFEBs 0-3 only	Discarded, CLCT0 invalid pattern after drift	BX pretrig waiting for triads to dissipate	clct0 sent to TMB matching section	clct1 sent to TMB matching section	TMB accepted alct	TMB match reject event  	Matching found one ALCT	Matching found one CLCT	Matching found two ALCTs	Matching found two CLCTs	ALCT0 copied into ALCT1 to make 2nd LCT	CLCT0 copied into CLCT1 to make 2nd LCT	LCT1 has higher quality than LCT0 	Transmitted LCT0 to MPC	Transmitted LCT1 to MPC	MPC rejected both LCT0 and LCT1	L1A received   	L1A received, TMB in L1A window	L1A received, no TMB in window	TMB triggered, no L1A in window	TMB readouts completed	Pretrigger counter   	CLCT counter   	TMB trigger counter	ALCTs received counter	L1As received counter 	Readout counter 	Orbit counter	CLCT pre-trigger and ALCT coincidence counter	CFEB0 active flag sent to DMB for readout	CFEB1 active flag sent to DMB for readout	CFEB2 active flag sent to DMB for readout	CFEB3 active flag sent to DMB for readout
70593	2785	3761	266022	72172	66957	52585	77517	0	0	0	0	0	234274	399505	31748	913	30851	897	28885	29939	1966	912	274	1328	176	30851	2240	30851	3784	2061	1723	28790	2061	467073	32386	30866	81470	3784	2061	104939	46011	82379	87363	65230	82382
37564	47	0	699458	173985	168019	136189	225619	0	0	0	0	0	697314	872653	2144	1	53	2091	50	53	3	0	0	3	0	53	3	53	0	0	0	53	0	1166999	34530	30919	119059	3784	2061	279989	820	199014	220941	166461	236352
71126	2758	3776	264844	71426	66865	52843	76933	0	0	0	0	0	232773	399209	32071	921	31185	886	29271	30264	1914	921	292	1285	188	31185	2206	31185	3788	2095	1693	29090	2095	1432294	66602	62105	190221	3476	60	334359	46505	81504	87279	65479	81714
31394	39	0	590234	147236	141707	114691	190141	0	0	0	0	0	588385	736457	1849	2	52	1797	51	51	1	1	1	1	0	52	2	52	0	0	0	52	0	2023004	68451	62157	221645	3476	60	482398	689	168265	186138	140289	199362
68978	2705	3575	263808	71422	66261	52577	76697	0	0	0	0	0	232721	394606	31086	882	30158	928	28242	29277	1916	881	247	1282	181	30158	2163	30158	3599	2004	1595	28154	2004	2287302	99540	92315	290645	2979	2064	536785	44865	81479	86744	64914	81479
37457	66	0	697480	173953	167415	135889	224552	0	0	0	0	0	695266	870176	2214	1	67	2147	60	66	7	1	0	6	1	67	7	67	0	0	0	67	0	2985256	101757	92382	328124	2979	2064	711824	822	198832	219888	166253	235245
70499	2741	3713	264675	71762	66425	52921	76790	0	0	0	0	0	233122	398052	31553	935	30675	878	28794	29740	1881	935	278	1224	177	30675	2159	30675	3731	2082	1649	28593	2082	3250402	133316	123060	398647	2614	50	766185	45893	81951	86887	65402	81570
31784	43	0	587412	146991	140803	114271	189035	0	0	0	0	0	585581	732987	1831	2	44	1787	41	43	3	1	0	2	0	44	3	44	0	0	0	44	0	3838307	135149	123104	430451	2614	50	914247	682	167609	185235	139598	197979
70456	2724	3629	263998	71486	66193	52419	77087	0	0	0	0	0	232501	396710	31497	888	30643	854	28817	29755	1826	888	270	1208	170	30643	2096	30643	3645	1985	1660	28658	1985	4102752	166648	153747	500933	2163	2035	968606	45852	81526	86589	64888	81777
37465	51	0	696972	173746	167202	135235	225005	0	0	0	0	0	694749	869327	2224	2	62	2162	59	60	3	2	1	2	0	62	4	62	0	0	0	62	0	4800235	168875	153809	538418	2163	2035	1143635	814	198365	219689	165318	235551
69971	2726	3625	264120	71925	66457	52302	76467	0	0	0	0	0	232620	396513	31500	881	30613	887	28735	29733	1878	880	261	1259	197	30613	2139	30613	3642	1987	1655	28626	1987	5064846	200376	184422	608408	1709	4022	1198030	45749	81926	86948	64817	81305
31687	46	0	589012	146717	141209	114622	190203	0	0	0	0	0	587171	735224	1841	4	39	1802	36	35	3	4	2	1	0	39	5	39	0	0	0	39	0	5654336	202220	184461	640126	1709	4022	1346058	661	167600	186060	140101	199135
69461	2766	3641	264573	71343	66020	52757	77585	0	0	0	0	0	233680	395942	30893	926	30026	867	28106	29102	1920	924	272	1268	187	30026	2192	30026	3669	1967	1702	28059	1967	5919385	233114	214487	709612	1282	1893	1400444	44926	81380	86568	65431	82299
37420	47	0	695944	173155	167066	135126	224825	0	0	0	0	0	693799	868789	2145	1	58	2087	56	57	2	1	0	1	0	58	2	58	0	0	0	58	0	6615790	235260	214545	747051	1282	1893	1575473	840	197925	219610	165126	235357
69513	2699	3581	264032	71619	66260	52780	76450	0	0	0	0	0	232656	396719	31376	839	30482	894	28598	29643	1884	839	247	1292	162	30482	2131	30482	3593	2020	1573	28462	2020	6880292	266636	245027	816585	779	3913	1629844	45503	81578	86751	65301	81120
31720	34	0	590658	147016	142022	115095	190220	0	0	0	0	0	588823	736936	1835	1	54	1781	52	54	2	0	0	2	0	54	2	54	0	0	0	54	0	7471424	268471	245081	848327	779	3913	1777896	681	167861	186798	140664	199220
70816	2686	3677	265858	72152	66596	52940	77308	0	0	0	0	0	234006	399575	31852	860	30939	912	29100	30079	1839	860	265	1244	151	30939	2104	30939	3691	2020	1671	28919	2020	7737776	300324	276020	919170	374	1837	1832267	46179	82200	87303	65513	82011
37601	55	0	696457	173673	168389	135573	223334	0	0	0	0	0	694264	869280	2193	1	66	2127	62	65	4	1	0	3	0	66	4	66	0	0	0	66	0	8434679	302518	276086	956792	374	1837	2007309	810	198519	221158	165694	234065
68965	2775	3529	263515	71691	66131	52467	76405	0	0	0	0	0	232719	394647	30796	915	29925	871	28061	29010	1864	915	276	1225	191	29925	2140	29925	3548	1908	1640	28017	1908	8698695	333314	306011	1025782	3922	3745	2061679	44739	81593	86411	65038	81108
31876	38	0	588375	146974	141615	114084	189317	0	0	0	0	0	586485	734309	1890	0	60	1830	57	60	3	0	0	3	0	60	3	60	0	0	0	60	0	9287530	335206	306071	1057689	3922	3745	2209718	698	167777	186688	139571	198287

processed_m4662_ME21_HV0_test40_SRCoff_170718_094824_TMBCounters.txt																																													
alct0 valid pattern flag received	alct1 valid pattern flag received	raw hits readout   	Pretrigger   	Pretrigger on CFEB0	Pretrigger on CFEB1	Pretrigger on CFEB2	Pretrigger on CFEB3	Pretrigger on CFEB4	Pretrigger on CFEB5	Pretrigger on CFEB6	Pretrigger on ME1A CFEB 4-6 only	Pretrigger on ME1B CFEBs 0-3 only	Discarded, CLCT0 invalid pattern after drift	BX pretrig waiting for triads to dissipate	clct0 sent to TMB matching section	clct1 sent to TMB matching section	TMB accepted alct	TMB match reject event  	Matching found one ALCT	Matching found one CLCT	Matching found two ALCTs	Matching found two CLCTs	ALCT0 copied into ALCT1 to make 2nd LCT	CLCT0 copied into CLCT1 to make 2nd LCT	LCT1 has higher quality than LCT0 	Transmitted LCT0 to MPC	Transmitted LCT1 to MPC	MPC rejected both LCT0 and LCT1	L1A received   	L1A received, TMB in L1A window	L1A received, no TMB in window	TMB triggered, no L1A in window	TMB readouts completed	Pretrigger counter   	CLCT counter   	TMB trigger counter	ALCTs received counter	L1As received counter 	Readout counter 	Orbit counter	CLCT pre-trigger and ALCT coincidence counter	CFEB0 active flag sent to DMB for readout	CFEB1 active flag sent to DMB for readout	CFEB2 active flag sent to DMB for readout	CFEB3 active flag sent to DMB for readout
64833	2646	3167	289734	78144	71197	56668	87444	0	0	0	0	0	248190	445301	41544	1647	40530	1014	38316	38884	2214	1646	547	1115	356	40530	2761	40530	3178	2852	326	37678	2852	516276	42305	40551	77285	3178	2852	104925	40145	88825	93061	70019	92426
43973	72	0	785322	195566	183973	149930	260668	0	0	0	0	0	782666	981057	2656	1	84	2572	80	84	4	0	0	4	0	84	4	84	0	0	0	84	0	1303211	44964	40635	121353	3178	2852	279964	969	222272	242659	183180	272405
62860	2515	3051	287160	77211	69902	56377	87385	0	0	0	0	0	247116	438988	40044	1497	38970	1073	36868	37473	2102	1497	487	1092	339	38970	2589	38970	3061	2745	316	36225	2745	1590898	85010	79605	184238	2143	1501	334338	38515	87718	91908	69468	92220
37366	64	0	664002	165570	156139	127236	219096	0	0	0	0	0	661743	829503	2259	0	70	2189	67	70	3	0	0	3	0	70	3	70	0	0	0	70	0	2255452	87272	79675	221629	2143	1501	482376	824	188240	205663	155031	228987
62389	2442	3098	286851	77114	70178	56120	87205	0	0	0	0	0	247297	438064	39554	1438	38537	1017	36476	37099	2061	1438	445	1068	291	38537	2506	38537	3109	2800	309	35737	2800	2542875	126827	118212	284045	1156	205	536754	38194	87517	91928	69383	91997
44005	48	0	786304	195596	184947	150069	260583	0	0	0	0	0	783674	982632	2630	1	86	2544	81	86	5	0	0	5	0	86	5	86	0	0	0	86	0	3329717	129458	118298	328085	1156	205	711791	915	222736	243651	183038	272407
63806	2518	3251	288381	78188	70322	55929	87603	0	0	0	0	0	247231	443029	41151	1521	40141	1010	38007	38621	2134	1520	497	1111	334	40141	2631	40141	3265	2909	356	37232	2909	3618628	170612	158439	391919	325	3114	766163	39625	88679	92112	69338	92503
37107	55	0	665245	166194	156351	126715	220085	0	0	0	0	0	662994	831437	2251	0	81	2170	77	81	4	0	0	4	0	81	4	81	0	0	0	81	0	4284431	172866	158520	429057	325	3114	914214	791	189036	205629	154393	230012
62716	2513	3141	287131	76705	70680	56345	87072	0	0	0	0	0	247208	438893	39923	1524	38969	954	36816	37446	2153	1523	474	1104	328	38969	2627	38969	3153	2819	334	36150	2819	4572099	212791	197490	491809	3478	1837	968596	38463	87150	92624	69679	91954
43840	88	0	784152	195690	183832	149442	260008	0	0	0	0	0	781462	980058	2690	2	85	2605	77	84	8	1	0	7	0	85	8	85	0	0	0	85	0	5356805	215481	197575	535680	3478	1837	1143625	932	222673	241736	182088	271697
68282	2770	3479	292132	78929	71837	57390	87835	0	0	0	0	0	247858	454276	44274	1676	43275	998	40958	41601	2317	1674	562	1205	335	43275	2879	43275	3491	3122	369	40153	3122	5649476	259756	240850	603987	2873	863	1197998	42731	89652	94147	70978	92769
37230	56	0	663772	164781	156074	127593	219366	0	0	0	0	0	661458	830653	2314	3	85	2229	75	83	10	2	1	9	0	85	11	85	0	0	0	85	0	6313816	262070	240935	641243	2873	863	1346049	880	187450	205439	155173	229289
63979	2582	3263	289076	78201	70551	56526	87534	0	0	0	0	0	248123	443687	40953	1562	39991	962	37822	38434	2169	1557	514	1126	296	39991	2683	39991	3274	2897	377	37094	2897	6603465	303027	280926	705248	2051	3760	1400421	39577	88707	92724	69846	92481
44027	62	0	784754	195817	184316	149898	259581	0	0	0	0	0	782086	981783	2668	0	85	2583	80	85	5	0	0	5	0	85	5	85	0	0	0	85	0	7388767	305696	281011	749301	2051	3760	1575450	1004	222939	242593	182724	271188
64875	2499	3338	289937	78170	70542	57073	88009	0	0	0	0	0	248265	445486	41672	1543	40664	1008	38557	39122	2107	1542	540	1105	306	40664	2647	40664	3347	3005	342	37659	3005	7679264	347368	321675	814200	1302	2669	1629833	40143	88695	92797	70569	92998
36777	49	0	664692	165943	156547	126995	219314	0	0	0	0	0	662362	831078	2330	0	74	2256	71	74	3	0	0	3	0	74	3	74	0	0	0	74	0	8344545	349703	321749	851007	1302	2669	1777873	771	188825	206106	154910	229066
64404	2615	3233	288196	77542	70565	56855	86953	0	0	0	0	0	247000	443160	41196	1491	40140	1056	37946	38649	2194	1491	488	1191	306	40140	2682	40140	3243	2926	317	37214	2926	8633267	390899	361889	915443	449	1499	1832256	39682	88181	92423	70171	91804
43939	47	0	785837	196014	184528	150232	259904	0	0	0	0	0	783170	982390	2667	1	87	2580	84	86	3	1	0	2	0	87	3	87	0	0	0	87	0	9419650	393568	361977	959417	449	1499	2007287	931	222760	243260	183205	271621
68564	2805	3587	292745	79707	71941	57096	87892	0	0	0	0	0	247916	455772	44829	1654	43778	1051	41405	42128	2373	1650	537	1260	357	43778	2910	43778	3604	3239	365	40539	3239	9712972	438399	405755	1028017	4053	642	2061659	43125	90434	94271	70687	92818
37426	52	0	664588	165718	155440	126943	220522	0	0	0	0	0	662304	830920	2284	1	86	2198	83	85	3	1	0	2	0	86	3	86	0	0	0	86	0	10378100	440684	405841	1065474	4053	642	2209708	825	188472	204923	154704	230486
63346	2524	3275	288597	77421	70584	56662	87474	0	0	0	0	0	247789	442664	40808	1515	39764	1044	37657	38249	2107	1515	483	1075	301	39764	2590	39764	3290	2958	332	36806	2958	10667238	481495	445605	1128860	3247	3600	2264082	39177	88107	92723	69922	92434
43903	81	0	784638	195059	184562	150451	259465	0	0	0	0	0	781931	980469	2707	1	107	2600	104	106	3	1	0	2	0	107	3	107	0	0	0	107	0	11452455	484204	445712	1172796	3247	3600	2439122	1004	222080	242873	183558	271241
66791	2677	3458	291303	78757	71574	57099	87731	0	0	0	0	0	248199	450716	43104	1631	42106	998	39865	40478	2241	1628	535	1148	347	42106	2776	42106	3473	3109	364	38997	3109	11744305	527308	487818	1239616	2624	2613	2493494	41760	89515	93900	70442	92622
37509	51	0	664363	165066	156407	126845	220123	0	0	0	0	0	662077	830027	2286	2	78	2208	75	76	3	2	1	2	1	78	4	78	0	0	0	78	0	12409194	529595	487896	1277159	2624	2613	2641545	847	188028	205791	154474	229870

processed_m4664_ME21_HV0_test40_SRCoff_170718_102545_TMBCounters.txt																																													
alct0 valid pattern flag received	alct1 valid pattern flag received	raw hits readout   	Pretrigger   	Pretrigger on CFEB0	Pretrigger on CFEB1	Pretrigger on CFEB2	Pretrigger on CFEB3	Pretrigger on CFEB4	Pretrigger on CFEB5	Pretrigger on CFEB6	Pretrigger on ME1A CFEB 4-6 only	Pretrigger on ME1B CFEBs 0-3 only	Discarded, CLCT0 invalid pattern after drift	BX pretrig waiting for triads to dissipate	clct0 sent to TMB matching section	clct1 sent to TMB matching section	TMB accepted alct	TMB match reject event  	Matching found one ALCT	Matching found one CLCT	Matching found two ALCTs	Matching found two CLCTs	ALCT0 copied into ALCT1 to make 2nd LCT	CLCT0 copied into CLCT1 to make 2nd LCT	LCT1 has higher quality than LCT0 	Transmitted LCT0 to MPC	Transmitted LCT1 to MPC	MPC rejected both LCT0 and LCT1	L1A received   	L1A received, TMB in L1A window	L1A received, no TMB in window	TMB triggered, no L1A in window	TMB readouts completed	Pretrigger counter   	CLCT counter   	TMB trigger counter	ALCTs received counter	L1As received counter 	Readout counter 	Orbit counter	CLCT pre-trigger and ALCT coincidence counter	CFEB0 active flag sent to DMB for readout	CFEB1 active flag sent to DMB for readout	CFEB2 active flag sent to DMB for readout	CFEB3 active flag sent to DMB for readout
67727	2510	3157	310063	81639	74650	59284	98530	0	0	0	0	0	267263	471457	42800	1673	41668	1132	39520	40000	2148	1668	579	1059	358	41668	2727	41668	3185	2958	227	38710	2958	556163	43676	41688	84180	3185	2958	104927	26066	93145	98588	73328	103843
55897	85	0	852954	208383	196509	159120	294210	0	0	0	0	0	850035	1067887	2919	3	105	2814	102	103	3	2	1	2	0	105	4	105	0	0	0	105	0	1410504	46600	41794	140174	3185	2958	279954	980	238174	260039	194692	306644
67873	2556	3174	309490	81784	74404	59572	97897	0	0	0	0	0	266462	470907	43028	1682	41905	1123	39733	40224	2172	1681	561	1052	342	41905	2733	41905	3189	3019	170	38886	3019	1720617	89631	83700	208091	2278	1881	334336	26211	93268	97888	73586	103139
47569	84	0	719434	175869	165985	134294	247781	0	0	0	0	0	716890	900127	2544	2	96	2448	92	94	4	2	0	2	1	96	4	96	0	0	0	96	0	2440627	92178	83796	255695	2278	1881	482377	869	200775	219647	164306	258458
66381	2541	3162	307319	81047	73847	58990	97527	0	0	0	0	0	265250	466323	42069	1652	40992	1077	38838	39342	2154	1650	543	1047	341	40992	2697	40992	3179	3014	165	37978	3014	2748523	134250	124788	322111	1361	799	536748	25749	92500	97215	72919	102721
56351	79	0	854906	209386	196322	159116	295349	0	0	0	0	0	851882	1070242	3024	4	127	2897	123	124	4	3	1	2	2	127	5	127	0	0	0	127	0	3604043	137276	124915	378513	1361	799	711789	1055	239089	259904	194695	307966
68435	2573	3278	309287	81531	74508	59402	98069	0	0	0	0	0	265495	472349	43792	1779	42677	1115	40451	40902	2226	1775	592	1043	351	42677	2818	42677	3300	3136	164	39541	3136	3913914	181071	167592	446977	565	3935	766173	26753	92972	98040	73530	103345
47609	92	0	721644	176582	167608	134147	247875	0	0	0	0	0	719167	903124	2477	1	72	2405	68	71	4	1	0	3	0	72	4	72	0	0	0	72	0	4636155	183549	167664	494623	565	3935	914222	871	202003	221517	164213	258405
66506	2420	3235	308486	81518	73910	58693	98426	0	0	0	0	0	266244	468124	42242	1636	41081	1161	39015	39449	2066	1632	571	1005	320	41081	2637	41081	3252	3065	187	38016	3065	4945194	225793	208746	561182	3817	2904	968586	25864	92614	97540	72785	103525
56077	83	0	853240	208176	197140	159132	294168	0	0	0	0	0	850284	1068270	2956	2	114	2842	107	112	7	2	0	5	1	114	7	114	0	0	0	114	0	5799043	228751	208860	617286	3817	2904	1143615	1116	237982	260333	194761	306916
68634	2696	3234	310075	81989	74684	59661	97964	0	0	0	0	0	266130	474265	43945	1740	42857	1088	40554	41118	2303	1739	584	1148	387	42857	2887	42857	3254	3080	174	39777	3080	6109713	272699	251718	685954	2975	1888	1198008	26818	93601	98263	73708	103211
47943	76	0	722635	176557	167188	135206	248191	0	0	0	0	0	720122	904278	2513	2	86	2427	85	84	1	2	2	1	0	86	3	86	0	0	0	86	0	6832898	275214	251804	733942	2975	1888	1346038	842	201820	221156	165393	258735
66486	2558	3105	307779	81153	73914	59279	97464	0	0	0	0	0	265739	466978	42040	1646	40883	1157	38713	39238	2170	1645	546	1071	331	40883	2716	40883	3124	2941	183	37942	2941	7141217	317255	292687	800462	2003	733	1400421	25532	92764	97051	73204	102618
56407	92	0	852776	208608	197963	158322	293331	0	0	0	0	0	849793	1067800	2983	2	115	2868	109	113	6	2	0	4	1	115	6	115	0	0	0	115	0	7994537	320238	292802	856898	2003	733	1575449	1026	238400	261015	193842	305763
68666	2708	3179	309967	82043	74689	59296	98178	0	0	0	0	0	265949	474012	44018	1789	42888	1130	40574	41099	2314	1789	572	1097	368	42888	2886	42888	3192	3019	173	39869	3019	8305126	364260	335691	925598	1099	3752	1629832	26753	93491	98169	73644	103410
47345	81	0	722578	176967	166912	134817	248485	0	0	0	0	0	720061	904274	2517	3	93	2424	89	90	4	3	1	2	0	93	5	93	0	0	0	93	0	9028257	366780	335784	972972	1099	3752	1777881	899	201963	220486	164847	259312
66841	2491	3172	308585	81267	74365	59227	97932	0	0	0	0	0	266341	468834	42244	1691	41140	1103	39011	39450	2129	1690	583	1022	365	41140	2712	41140	3190	3019	171	38121	3019	9337475	409030	376924	1039850	193	2675	1832245	25716	92792	97759	73038	103139
56400	93	0	852578	207964	197031	158820	294249	0	0	0	0	0	849559	1066778	3019	3	99	2920	94	96	5	3	2	4	1	99	7	99	0	0	0	99	0	10190623	412050	377023	1096293	193	2675	2007285	1024	237431	260060	194396	306533
70194	2623	3304	311522	82372	75100	59978	98367	0	0	0	0	0	266260	477957	45262	1776	44198	1064	41938	42424	2260	1774	606	1092	359	44198	2866	44198	3329	3146	183	41052	3146	10502753	457314	421221	1166520	3522	1725	2061656	27561	93950	98580	74214	103643
47592	90	0	722020	176328	167106	134680	248467	0	0	0	0	0	719465	904248	2555	4	86	2469	81	83	5	3	0	2	2	86	5	86	0	0	0	86	0	11225344	459869	421307	1214158	3522	1725	2209697	875	201500	220308	164733	259179
69403	2703	3163	312081	82545	74852	60217	98748	0	0	0	0	0	267465	476713	44616	1813	43492	1124	41185	41679	2307	1813	607	1101	350	43492	2914	43492	3179	3018	161	40474	3018	11538042	504485	464799	1283594	2605	647	2264069	27204	93998	98530	74604	104081
56273	77	0	852652	208458	196986	158940	293638	0	0	0	0	0	849712	1067367	2940	3	104	2836	100	101	4	3	1	2	1	104	5	104	0	0	0	104	0	12391305	507430	464903	1339895	2605	647	2439109	1131	238407	260460	194568	306177
67786	2585	3158	310255	81680	74980	59561	98257	0	0	0	0	0	266970	472162	43285	1690	42183	1102	39962	40494	2221	1689	534	1066	337	42183	2755	42183	3171	3020	151	39163	3020	12702176	550717	507087	1407720	1680	3667	2493491	26164	93109	98454	73682	103370
47523	88	0	720084	176175	166458	134079	247952	0	0	0	0	0	717569	901488	2515	0	95	2420	92	95	3	0	0	3	0	95	3	95	0	0	0	95	0	13422816	553233	507182	1455283	1680	3667	2641532	898	201606	220073	164024	258482

processed_m4666_ME21_HV0_test40_SRCoff_170718_104048_TMBCounters.txt																																													
alct0 valid pattern flag received	alct1 valid pattern flag received	raw hits readout   	Pretrigger   	Pretrigger on CFEB0	Pretrigger on CFEB1	Pretrigger on CFEB2	Pretrigger on CFEB3	Pretrigger on CFEB4	Pretrigger on CFEB5	Pretrigger on CFEB6	Pretrigger on ME1A CFEB 4-6 only	Pretrigger on ME1B CFEBs 0-3 only	Discarded, CLCT0 invalid pattern after drift	BX pretrig waiting for triads to dissipate	clct0 sent to TMB matching section	clct1 sent to TMB matching section	TMB accepted alct	TMB match reject event  	Matching found one ALCT	Matching found one CLCT	Matching found two ALCTs	Matching found two CLCTs	ALCT0 copied into ALCT1 to make 2nd LCT	CLCT0 copied into CLCT1 to make 2nd LCT	LCT1 has higher quality than LCT0 	Transmitted LCT0 to MPC	Transmitted LCT1 to MPC	MPC rejected both LCT0 and LCT1	L1A received   	L1A received, TMB in L1A window	L1A received, no TMB in window	TMB triggered, no L1A in window	TMB readouts completed	Pretrigger counter   	CLCT counter   	TMB trigger counter	ALCTs received counter	L1As received counter 	Readout counter 	Orbit counter	CLCT pre-trigger and ALCT coincidence counter	CFEB0 active flag sent to DMB for readout	CFEB1 active flag sent to DMB for readout	CFEB2 active flag sent to DMB for readout	CFEB3 active flag sent to DMB for readout
77436	2621	3082	392309	99534	95282	74777	127732	0	0	0	0	0	350032	572201	42277	1685	40846	1431	38636	39165	2210	1681	566	1095	325	40846	2776	40846	3097	2939	158	37907	2939	714432	43462	40882	103753	3097	2939	104928	12181	115225	125998	93281	134927
92440	174	0	1119881	265584	265046	208669	388428	0	0	0	0	0	1115758	1405454	4123	4	147	3976	140	144	7	3	1	5	0	147	8	147	0	0	0	147	0	1836101	47594	41029	196357	3097	2939	279967	1441	308913	351220	259357	407215
78674	2664	3272	391321	99300	95317	74895	126990	0	0	0	0	0	348251	573261	43070	1678	41631	1439	39411	39955	2220	1676	557	1101	310	41631	2777	41631	3290	3120	170	38511	3120	2228258	90671	82660	275092	2291	1963	334339	12221	115003	125612	93628	134068
78610	148	0	948760	224829	224315	176681	329705	0	0	0	0	0	945297	1190656	3463	1	117	3346	114	116	3	1	1	3	0	117	4	117	0	0	0	117	0	3177801	94135	82777	353779	2291	1963	482390	1285	261504	297293	219561	345656
77322	2607	3203	391854	98422	95432	74560	128496	0	0	0	0	0	349596	571897	42258	1661	40851	1407	38649	39191	2202	1660	535	1077	346	40851	2737	40851	3219	3040	179	37811	3040	3570428	136395	123628	431179	1414	907	536762	11951	114048	125750	93277	135559
89634	165	0	1122951	266576	266178	208482	389776	0	0	0	0	0	1118839	1409132	4112	2	123	3989	118	121	5	2	0	3	0	123	5	123	0	0	0	123	0	4694176	140510	123751	520870	1414	907	711791	1434	310168	352367	259262	408512
78223	2666	3223	392633	99141	95844	74579	128281	0	0	0	0	0	349116	575038	43517	1694	42037	1480	39787	40346	2250	1691	549	1108	334	42037	2799	42037	3246	3049	197	38988	3049	5087564	184030	165788	599150	564	3956	766177	12492	114927	126239	93116	135477
76060	147	0	947097	224385	224537	176487	328354	0	0	0	0	0	943641	1188124	3456	0	109	3347	104	109	5	0	0	5	0	109	5	109	0	0	0	109	0	6035411	187486	165897	675271	564	3956	914215	1233	261562	297201	219428	344243
79619	2756	3348	393398	100602	96066	74497	127488	0	0	0	0	0	348907	578168	44491	1823	43073	1417	40745	41250	2328	1823	620	1125	385	43073	2948	43073	3364	3191	173	39882	3191	6429595	231980	208970	754954	3928	3051	968588	12835	116441	126732	93115	134707
90552	159	0	1119713	264360	264943	209348	388943	0	0	0	0	0	1115643	1404112	4070	1	118	3952	112	117	6	1	1	6	0	118	7	118	0	0	0	118	0	7550092	236054	209088	845568	3928	3051	1143624	1421	307371	350793	259952	408000
79928	2743	3264	393527	100532	96205	74933	127174	0	0	0	0	0	348748	578050	44780	1743	43287	1493	40963	41544	2324	1743	585	1166	374	43287	2909	43287	3280	3093	187	40194	3093	7944407	280842	252376	925565	3112	2048	1197998	12834	116496	127086	93803	134234
76181	142	0	947893	224250	224273	176671	329292	0	0	0	0	0	944345	1189626	3548	3	98	3450	93	95	5	3	2	4	0	98	7	98	0	0	0	98	0	8893068	284393	252474	1001822	3112	2048	1346047	1169	260825	296803	219520	345298
74540	2458	2976	389838	98480	94884	74090	127385	0	0	0	0	0	349377	565790	40461	1565	39020	1441	36960	37456	2060	1564	516	1012	321	39020	2576	39020	2999	2830	169	36190	2830	9283632	324859	291494	1076425	2015	782	1400424	11488	114046	125330	92573	134461
89746	145	0	1120361	265783	265223	208638	388666	0	0	0	0	0	1116289	1405117	4072	4	123	3949	119	120	4	3	1	2	0	123	5	123	0	0	0	123	0	10404744	328931	291617	1166225	2015	782	1575460	1523	308900	351164	259225	407574
77779	2719	3234	392589	99441	95674	75049	127568	0	0	0	0	0	349232	574886	43357	1693	41954	1403	39684	40263	2270	1691	547	1126	354	41954	2817	41954	3246	3088	158	38866	3088	10798105	372290	333571	1244071	1165	3870	1629836	12284	115127	126307	93869	134761
75337	151	0	948343	224850	224856	176845	328411	0	0	0	0	0	944878	1189538	3465	2	88	3377	80	86	8	2	1	7	1	88	9	88	0	0	0	88	0	11747195	375757	333659	1319476	1165	3870	1777885	1171	261742	297528	219974	344370
75590	2516	2971	389333	98191	95023	74291	126936	0	0	0	0	0	347930	567180	41403	1605	39983	1419	37872	38380	2111	1603	559	1067	350	39983	2670	39983	2989	2814	175	37169	2814	12137275	417161	373642	1395130	58	2588	1832257	11978	113824	125303	92944	133971
219572	422	0	2762750	654927	655360	514549	957594	0	0	0	0	0	2752705	3466343	10045	7	282	9763	268	275	14	7	3	10	3	282	17	282	0	0	0	282	0	14900850	427208	373924	1614771	58	2588	2263689	3577	762593	867480	639510	1003950
89689	3341	3982	401399	103334	99166	76545	128163	0	0	0	0	0	348433	604989	52966	2151	51520	1446	48701	49371	2819	2149	708	1378	424	51520	3527	51520	4003	3759	244	47761	3759	15303039	480178	425444	1704523	4061	2251	2318063	14933	119776	130492	95955	135538
222012	424	0	2761076	655809	653340	514943	956643	0	0	0	0	0	2751012	3465212	10064	12	310	9754	292	299	18	11	4	11	2	310	22	310	0	0	0	310	0	18064914	490245	425754	1926593	4061	2251	2749504	3631	762974	865624	639983	1003268
91205	3352	4053	404715	103592	99683	77637	129691	0	0	0	0	0	349671	612220	55044	2130	53547	1497	50715	51421	2832	2126	707	1413	465	53547	3539	53547	4076	3844	232	49703	3844	18470402	545292	479301	2017860	4041	1999	2803875	15609	120011	131148	97253	137273
218385	434	0	2760464	655153	654309	513141	957527	0	0	0	0	0	2750229	3461120	10235	7	310	9925	299	306	11	4	1	8	0	310	12	310	0	0	0	310	0	21231589	555529	479611	2236302	4041	1999	3235308	3573	762273	866712	638170	1003490

processed_m4668_ME21_HV0_test40_SRCoff_170718_114637_TMBCounters.txt																																													
alct0 valid pattern flag received	alct1 valid pattern flag received	raw hits readout   	Pretrigger   	Pretrigger on CFEB0	Pretrigger on CFEB1	Pretrigger on CFEB2	Pretrigger on CFEB3	Pretrigger on CFEB4	Pretrigger on CFEB5	Pretrigger on CFEB6	Pretrigger on ME1A CFEB 4-6 only	Pretrigger on ME1B CFEBs 0-3 only	Discarded, CLCT0 invalid pattern after drift	BX pretrig waiting for triads to dissipate	clct0 sent to TMB matching section	clct1 sent to TMB matching section	TMB accepted alct	TMB match reject event  	Matching found one ALCT	Matching found one CLCT	Matching found two ALCTs	Matching found two CLCTs	ALCT0 copied into ALCT1 to make 2nd LCT	CLCT0 copied into CLCT1 to make 2nd LCT	LCT1 has higher quality than LCT0 	Transmitted LCT0 to MPC	Transmitted LCT1 to MPC	MPC rejected both LCT0 and LCT1	L1A received   	L1A received, TMB in L1A window	L1A received, no TMB in window	TMB triggered, no L1A in window	TMB readouts completed	Pretrigger counter   	CLCT counter   	TMB trigger counter	ALCTs received counter	L1As received counter 	Readout counter 	Orbit counter	CLCT pre-trigger and ALCT coincidence counter	CFEB0 active flag sent to DMB for readout	CFEB1 active flag sent to DMB for readout	CFEB2 active flag sent to DMB for readout	CFEB3 active flag sent to DMB for readout
67390	2581	3142	308800	81060	74534	59784	97568	0	0	0	0	0	266198	469790	42602	1704	41491	1111	39272	39788	2219	1703	541	1057	349	41491	2760	41491	3157	2995	162	38496	2995	553638	43490	41527	83594	3157	2995	104925	24950	92385	98007	73865	102811
138422	222	0	2087979	509919	485043	393428	712784	0	0	0	0	0	2080664	2613309	7315	7	272	7043	264	267	8	5	2	5	0	272	10	272	0	0	0	272	0	2643200	50807	41799	222121	3157	2995	536358	2536	582129	640043	480284	744257
66115	2410	3069	305452	80770	73355	59111	96288	0	0	0	0	0	263485	463733	41967	1602	40868	1099	38793	39271	2075	1597	516	994	289	40868	2591	40868	3083	2924	159	37944	2924	2949225	92777	82667	288276	2144	1823	590730	24804	91934	96678	73015	101536
138839	218	0	2090631	510310	484583	393851	714905	0	0	0	0	0	2083395	2616631	7236	3	264	6972	254	261	10	3	0	7	0	264	10	264	0	0	0	264	0	5040457	100015	82931	427157	2144	1823	1022171	2555	582410	639735	480730	746339
71192	2866	3453	311498	82878	75247	60155	97606	0	0	0	0	0	265302	479787	46196	1916	45126	1070	42694	43212	2432	1914	626	1144	386	45126	3058	45126	3470	3298	172	41828	3298	5352584	146212	128057	498392	1518	1025	1076544	27169	94349	99106	74533	103097
139531	225	0	2089383	510452	483982	392877	715174	0	0	0	0	0	2082042	2616111	7341	5	297	7044	276	293	21	4	1	18	0	297	22	297	0	0	0	297	0	7442556	153554	128354	637962	1518	1025	1507974	2597	582005	640000	480181	746570
63679	2454	2823	304847	80352	73706	58633	96247	0	0	0	0	0	264799	459393	40048	1643	38956	1092	36858	37317	2098	1639	567	1026	306	38956	2665	38956	2841	2701	140	36255	2701	7747958	193604	167310	701669	263	3726	1562359	23592	91604	97069	72532	101473
138313	225	0	2092642	511942	485061	393830	715005	0	0	0	0	0	2085339	2617727	7303	7	255	7048	244	249	11	6	2	7	0	255	13	255	0	0	0	255	0	9841211	200909	167565	840015	263	3726	1993790	2488	584030	641530	481611	746385
65628	2441	2992	305849	80592	73775	58814	96718	0	0	0	0	0	264444	462859	41405	1626	40362	1043	38270	38738	2092	1624	523	991	350	40362	2615	40362	3006	2874	132	37488	2874	10147637	242314	207927	905688	3269	2504	2048163	24490	91788	97013	72763	101908
138680	230	0	2091671	511232	485114	392867	715611	0	0	0	0	0	2084356	2618888	7315	6	276	7039	267	270	9	6	3	6	2	276	12	276	0	0	0	276	0	12239882	249631	208203	1044406	3269	2504	2479595	2575	583395	640290	480267	747158
64989	2429	2969	305592	80254	73983	58965	96578	0	0	0	0	0	264689	461547	40903	1646	39733	1170	37648	38090	2085	1643	556	998	346	39733	2641	39733	2988	2843	145	36890	2843	12546037	290536	247936	1109436	2161	1251	2533970	24121	91358	96874	73011	101775
138628	219	0	2090449	511117	484385	392668	715517	0	0	0	0	0	2083349	2615418	7100	7	232	6868	221	227	11	5	3	9	1	232	14	232	0	0	0	232	0	14637056	297637	248168	1248101	2161	1251	2965410	2525	583042	639905	479548	746689
64289	2434	2972	304697	80035	73734	58714	96250	0	0	0	0	0	264456	459322	40241	1599	39201	1040	37134	37603	2067	1598	529	998	343	39201	2596	39201	2987	2845	142	36356	2845	14942349	337880	287369	1312438	1052	0	3019783	23691	91175	97042	72428	101387
138828	203	0	2090484	511079	483870	393222	715346	0	0	0	0	0	2083251	2614910	7233	5	266	6967	260	261	6	5	3	4	3	266	9	266	0	0	0	266	0	17033446	345114	287635	1451299	1052	0	3451212	2603	583102	639187	480649	746625
65549	2418	2996	305734	80025	73664	59399	96764	0	0	0	0	0	264181	463043	41553	1633	40442	1111	38348	38811	2094	1631	531	994	329	40442	2625	40442	3012	2871	141	37571	2871	17339775	386667	328077	1516892	4064	2871	3505598	24411	91310	96808	73189	101935
138809	204	0	2091070	510199	485771	394265	714050	0	0	0	0	0	2083898	2617133	7172	4	281	6891	266	277	15	4	0	11	0	281	15	281	0	0	0	281	0	19431408	393842	328358	1655736	4064	2871	3937029	2466	582703	640508	481430	745739
67460	2614	3153	308467	81450	74250	59966	96989	0	0	0	0	0	265221	470669	43246	1755	42124	1122	39900	40372	2224	1752	578	1050	357	42124	2802	42124	3168	2987	181	39137	2987	19740474	437089	370482	1723235	3136	1762	3991399	25415	92677	97612	73848	102452
138698	211	0	2091912	511196	484745	393664	715414	0	0	0	0	0	2084687	2617429	7225	3	228	6997	220	225	8	3	3	8	1	228	11	228	0	0	0	228	0	21833045	444319	370711	1861967	3136	1762	4422833	2532	583221	640289	481202	747180
66315	2472	3063	306135	80700	74144	58972	96447	0	0	0	0	0	264172	464148	41963	1605	40829	1134	38730	39224	2099	1605	529	1023	304	40829	2628	40829	3073	2934	139	37895	2934	22139774	486287	411540	1928327	2113	600	4477215	24642	92003	97506	73061	101606
138838	234	0	2090943	510778	485263	394350	713715	0	0	0	0	0	2083723	2616689	7220	9	288	6932	269	282	19	6	0	13	0	288	19	288	0	0	0	288	0	24231336	493510	411828	2067201	2113	600	4908648	2559	583227	640449	481482	745396
67374	2536	3166	306643	81376	74357	59254	95874	0	0	0	0	0	263877	467194	42766	1648	41651	1115	39496	40006	2155	1645	538	1048	342	41651	2693	41651	3184	3038	146	38613	3038	24538585	536278	453479	2134621	1201	3638	4963018	25002	92601	97733	73204	101114
138909	244	0	2088645	510808	484533	392889	713556	0	0	0	0	0	2081156	2614455	7489	11	306	7183	292	295	14	11	2	5	2	306	16	306	0	0	0	306	0	26627821	543767	453785	2273566	1201	3638	5394462	2590	582910	640218	480296	744877
66975	2596	3008	307237	80823	73809	59395	97284	0	0	0	0	0	264871	466766	42366	1721	41204	1162	38969	39486	2235	1718	548	1065	356	41204	2783	41204	3026	2889	137	38315	2889	26935630	586134	494989	2340586	131	2431	5448834	24896	92073	97122	73540	102575
139154	236	0	2090319	510541	483955	393728	714948	0	0	0	0	0	2083003	2617162	7316	6	281	7035	269	275	12	6	4	10	1	281	16	281	0	0	0	281	0	29026551	593453	495270	2479777	131	2431	5880264	2639	582786	639046	480904	746314
67141	2585	3183	307499	81417	74337	59245	96648	0	0	0	0	0	264843	467730	42656	1725	41509	1147	39294	39787	2215	1722	564	1057	347	41509	2779	41509	3202	3037	165	38472	3037	29334664	636109	536779	2546955	3333	1372	5934639	25036	92596	97570	73515	101862

