processed_m4605_ME21_HV0_test40_SRCoff_170717_102918_TMBCounters.txt																																													
alct0 valid pattern flag received	alct1 valid pattern flag received	raw hits readout   	Pretrigger   	Pretrigger on CFEB0	Pretrigger on CFEB1	Pretrigger on CFEB2	Pretrigger on CFEB3	Pretrigger on CFEB4	Pretrigger on CFEB5	Pretrigger on CFEB6	Pretrigger on ME1A CFEB 4-6 only	Pretrigger on ME1B CFEBs 0-3 only	Discarded, CLCT0 invalid pattern after drift	BX pretrig waiting for triads to dissipate	clct0 sent to TMB matching section	clct1 sent to TMB matching section	TMB accepted alct	TMB match reject event  	Matching found one ALCT	Matching found one CLCT	Matching found two ALCTs	Matching found two CLCTs	ALCT0 copied into ALCT1 to make 2nd LCT	CLCT0 copied into CLCT1 to make 2nd LCT	LCT1 has higher quality than LCT0 	Transmitted LCT0 to MPC	Transmitted LCT1 to MPC	MPC rejected both LCT0 and LCT1	L1A received   	L1A received, TMB in L1A window	L1A received, no TMB in window	TMB triggered, no L1A in window	TMB readouts completed	Pretrigger counter   	CLCT counter   	TMB trigger counter	ALCTs received counter	L1As received counter 	Readout counter 	Orbit counter	CLCT pre-trigger and ALCT coincidence counter	CFEB0 active flag sent to DMB for readout	CFEB1 active flag sent to DMB for readout	CFEB2 active flag sent to DMB for readout	CFEB3 active flag sent to DMB for readout
61327	2822	3393	184788	51188	46297	35410	55525	0	0	0	0	0	137978	321528	46810	1962	46238	572	43769	44277	2469	1961	590	1098	398	46238	3059	46238	3409	3311	98	42927	3311	310841	47155	46269	68059	3409	3311	104926	17780	58313	60436	44664	58928
19339	33	0	369400	89225	85569	67709	129080	0	0	0	0	0	368284	460275	1116	1	89	1027	86	88	3	1	1	3	0	89	4	89	0	0	0	89	0	680549	48272	46358	87414	3409	3311	252965	323	102383	113261	83343	134518
63101	2813	3503	186022	51831	46692	35611	55604	0	0	0	0	0	137754	326072	48268	1995	47648	620	45183	45656	2465	1992	651	1124	404	47648	3116	47648	3520	3416	104	44232	3416	866882	96540	94006	150533	2833	2631	307349	18229	59231	61050	44817	59041
19408	34	0	368829	88976	85566	67381	129097	0	0	0	0	0	367738	459760	1091	1	87	1004	83	87	4	0	0	4	0	87	4	87	0	0	0	87	0	1236012	97631	94093	169957	2833	2631	455388	302	102259	113320	83121	134529
62271	2748	3347	185150	51539	46091	35415	55731	0	0	0	0	0	137409	323871	47741	1951	47106	635	44709	45156	2397	1950	675	1122	396	47106	3072	47106	3360	3263	97	43843	3263	1421462	145375	141199	232245	2097	1798	509774	18152	58815	60311	44596	59095
19513	31	0	368765	89242	85394	67188	129106	0	0	0	0	0	367691	459563	1074	2	90	984	87	88	3	2	1	2	1	90	4	90	0	0	0	90	0	1790551	146451	141289	251768	2097	1798	657809	282	102507	112679	82631	134655
63444	2902	3431	186662	52710	46386	35956	55440	0	0	0	0	0	137950	327288	48712	2088	48103	609	45550	46019	2553	2084	709	1178	401	48103	3262	48103	3453	3362	91	44741	3362	1977530	195165	189392	315225	1454	1064	712182	18467	60087	61029	45248	58860
19728	31	0	370637	89727	85795	67074	130190	0	0	0	0	0	369563	461667	1074	4	71	1003	66	68	5	3	1	3	2	71	6	71	0	0	0	71	0	2348470	196239	189463	334965	1454	1064	860232	289	103120	113342	82900	135606
63156	2848	3363	185981	52023	46181	35936	55538	0	0	0	0	0	137603	326169	48378	2045	47756	622	45256	45712	2500	2044	685	1141	415	47756	3185	47756	3379	3292	87	44464	3292	2534733	244618	237220	398138	737	260	914605	18358	59297	60628	44967	59022
19581	26	0	370105	89516	86025	67219	129607	0	0	0	0	0	369026	460909	1079	1	85	994	81	84	4	1	0	3	0	85	4	85	0	0	0	85	0	2905153	245699	237305	417735	737	260	1062658	286	102698	113456	83124	134972
62468	2882	3449	184773	51816	45948	35618	55089	0	0	0	0	0	137058	323524	47715	1977	47074	641	44574	45098	2500	1976	654	1178	378	47074	3154	47074	3462	3370	92	43704	3370	3090249	293414	284379	480214	103	3630	1117031	18214	58964	60394	44788	58432
19777	34	0	369230	89378	85948	67088	129097	0	0	0	0	0	368162	460192	1068	0	90	978	88	90	2	0	0	2	0	90	2	90	0	0	0	90	0	3459796	294483	284469	500005	103	3630	1265068	296	102720	113504	82579	134668
64219	2977	3488	187024	52551	46266	36275	55794	0	0	0	0	0	137781	329010	49243	2142	48611	632	46030	46469	2581	2142	708	1147	433	48611	3289	48611	3503	3383	120	45228	3383	3647124	343727	333081	564231	3606	2917	1319453	18625	59929	60939	45581	59220
19426	37	0	369904	89876	85581	67620	129029	0	0	0	0	0	368800	460971	1104	2	101	1003	98	100	3	1	0	2	0	101	3	101	0	0	0	101	0	4017362	344832	333183	583671	3606	2917	1467491	296	103146	113174	83097	134609
61976	2825	3487	184749	51597	45950	35641	55326	0	0	0	0	0	137362	322602	47387	2024	46754	633	44301	44731	2453	2023	669	1099	380	46754	3122	46754	3499	3412	87	43342	3412	4202404	392220	379937	645661	3009	2233	1521877	18145	58785	60329	44866	58666
19416	40	0	370492	90080	85691	67457	129511	0	0	0	0	0	369433	461635	1059	3	92	967	86	89	6	3	0	3	2	92	6	92	0	0	0	92	0	4573190	393281	380029	665093	3009	2233	1669914	302	103399	113207	82989	135057
64068	2973	3546	186639	52325	46537	35905	55689	0	0	0	0	0	137513	328372	49126	2127	48503	623	45922	46381	2581	2122	704	1163	410	48503	3285	48503	3568	3460	108	45043	3460	4760101	442408	428532	729174	2481	1597	1724287	18674	59863	61021	45131	59142
19408	31	0	370048	89350	85518	67499	129901	0	0	0	0	0	368980	461002	1068	4	85	983	80	82	5	3	1	3	0	85	6	85	0	0	0	85	0	5130433	443478	428617	748602	2481	1597	1872338	298	102487	112972	83251	135373
63429	2752	3408	186033	52068	46250	36085	55395	0	0	0	0	0	137437	326373	48596	1977	48006	590	45580	46031	2426	1975	673	1124	373	48006	3099	48006	3424	3320	104	44686	3320	5316774	492075	476623	812050	1809	821	1926709	18441	59334	60695	45282	58847
19403	31	0	369326	89333	85244	67618	129377	0	0	0	0	0	368280	459505	1046	2	81	965	78	80	3	1	1	3	0	81	4	81	0	0	0	81	0	5686374	493123	476704	831471	1809	821	2074760	289	102513	112604	83212	134860
64858	2900	3518	186546	52034	46973	36110	55305	0	0	0	0	0	136711	329515	49835	2025	49213	622	46659	47193	2554	2020	656	1190	390	49213	3210	49213	3538	3441	97	45772	3441	5873223	542959	525917	896343	1251	166	2129132	19012	59386	61333	45541	58740
19587	38	0	370061	89255	85644	67879	129393	0	0	0	0	0	368915	461181	1146	4	83	1063	78	79	5	4	2	3	1	83	7	83	0	0	0	83	0	6243574	544106	526000	915948	1251	166	2277172	310	102604	113228	83510	134849

processed_m4607_ME21_HV0_test40_SRCoff_170717_104934_TMBCounters.txt																																													
alct0 valid pattern flag received	alct1 valid pattern flag received	raw hits readout   	Pretrigger   	Pretrigger on CFEB0	Pretrigger on CFEB1	Pretrigger on CFEB2	Pretrigger on CFEB3	Pretrigger on CFEB4	Pretrigger on CFEB5	Pretrigger on CFEB6	Pretrigger on ME1A CFEB 4-6 only	Pretrigger on ME1B CFEBs 0-3 only	Discarded, CLCT0 invalid pattern after drift	BX pretrig waiting for triads to dissipate	clct0 sent to TMB matching section	clct1 sent to TMB matching section	TMB accepted alct	TMB match reject event  	Matching found one ALCT	Matching found one CLCT	Matching found two ALCTs	Matching found two CLCTs	ALCT0 copied into ALCT1 to make 2nd LCT	CLCT0 copied into CLCT1 to make 2nd LCT	LCT1 has higher quality than LCT0 	Transmitted LCT0 to MPC	Transmitted LCT1 to MPC	MPC rejected both LCT0 and LCT1	L1A received   	L1A received, TMB in L1A window	L1A received, no TMB in window	TMB triggered, no L1A in window	TMB readouts completed	Pretrigger counter   	CLCT counter   	TMB trigger counter	ALCTs received counter	L1As received counter 	Readout counter 	Orbit counter	CLCT pre-trigger and ALCT coincidence counter	CFEB0 active flag sent to DMB for readout	CFEB1 active flag sent to DMB for readout	CFEB2 active flag sent to DMB for readout	CFEB3 active flag sent to DMB for readout
43258	1214	2585	75533	19460	19504	15207	21997	0	0	0	0	0	72727	101968	2806	99	2588	218	2207	2489	381	99	21	303	25	2588	402	2588	3714	184	3530	2404	184	133686	2914	2589	45887	3714	184	104926	9847	22513	25455	18879	23446
7623	9	0	170379	41339	42105	33556	54404	0	0	0	0	0	170021	210614	358	0	5	353	4	5	1	0	0	1	0	5	1	5	0	0	0	5	0	304186	3272	2594	53517	3714	184	252965	100	47936	55361	41466	57301
41299	1152	2379	74486	18980	19275	14954	21944	0	0	0	0	0	71830	100151	2656	76	2442	214	2092	2366	350	76	16	290	10	2442	366	2442	3401	167	3234	2275	167	378817	5929	5036	94823	3019	351	307349	9214	22063	25011	18472	23438
7500	18	0	171084	41517	42285	33844	54488	0	0	0	0	0	170752	211601	332	0	6	326	5	6	1	0	0	1	0	6	1	6	0	0	0	6	0	550045	6262	5042	102330	3019	351	455388	113	48061	55386	41580	57407
41700	1168	2467	74609	19230	19344	15050	21596	0	0	0	0	0	71821	100678	2788	112	2580	208	2207	2468	373	112	29	290	27	2580	402	2580	3574	193	3381	2387	193	624782	9050	7622	144035	2497	544	509771	9586	22314	25293	18614	23066
7444	8	0	170314	41429	41877	33630	54449	0	0	0	0	0	169940	210645	374	0	6	368	5	6	1	0	0	1	0	6	1	6	0	0	0	6	0	795234	9426	7628	151481	2497	544	657811	117	47830	54946	41313	57348
40374	1179	2380	74339	18982	19322	14913	21738	0	0	0	0	0	71801	99564	2538	93	2318	220	1978	2226	340	92	23	271	13	2318	363	2318	3392	142	3250	2176	142	869749	11965	9946	191862	1793	686	712184	9049	22077	25030	18374	23154
7472	20	0	170497	41685	42414	33553	53893	0	0	0	0	0	170156	211075	341	1	6	335	5	5	1	1	0	0	0	6	1	6	0	0	0	6	0	1040390	12306	9952	199342	1793	686	860235	99	48230	55571	41349	56780
41310	1182	2445	74660	19260	19347	14909	21788	0	0	0	0	0	72005	100478	2655	102	2447	208	2075	2345	372	102	26	296	18	2447	398	2447	3443	160	3283	2287	160	1115190	14961	12399	240665	1140	846	914607	9353	22287	25211	18456	23228
7468	9	0	170374	41563	42264	33437	54109	0	0	0	0	0	170005	210873	369	0	7	362	7	7	0	0	0	0	0	7	0	7	0	0	0	7	0	1285693	15330	12406	248136	1140	846	1062657	122	48231	55423	41227	56960
43570	1183	2565	75513	19419	19519	15029	22209	0	0	0	0	0	72841	101702	2672	86	2481	191	2109	2395	372	86	16	302	13	2481	388	2481	3613	179	3434	2302	179	1361370	18002	14887	291712	657	1025	1117030	9816	22535	25589	18625	23619
7410	11	0	170402	41671	41655	33348	54786	0	0	0	0	0	170078	210754	324	0	10	314	9	10	1	0	0	1	0	10	1	10	0	0	0	10	0	1531911	18326	14897	299128	657	1025	1265067	104	48164	54665	41080	57714
40805	1139	2366	74305	19314	19292	14723	21643	0	0	0	0	0	71631	99762	2674	76	2468	206	2153	2392	315	76	13	252	17	2468	328	2468	3367	144	3223	2324	144	1606365	21000	17365	339937	4024	1169	1319453	9211	22306	25159	18335	23082
7438	7	0	170090	41440	42197	33681	53862	0	0	0	0	0	169722	210484	368	0	3	365	3	3	0	0	0	0	0	3	0	3	0	0	0	3	0	1776573	21368	17368	347378	4024	1169	1467491	104	47824	55213	41334	56705
40708	1170	2367	74121	18786	19052	14887	21999	0	0	0	0	0	71540	99566	2581	95	2379	202	2037	2284	342	95	21	268	18	2379	363	2379	3418	144	3274	2235	144	1850818	23949	19747	388092	3346	1313	1521876	9132	21845	24871	18477	23398
7486	11	0	170219	41414	42080	33660	54094	0	0	0	0	0	169891	210420	328	0	5	323	5	5	0	0	0	0	0	5	0	5	0	0	0	5	0	2021189	24278	19752	395586	3346	1313	1669914	110	47873	55133	41396	57008
43716	1282	2557	75292	19327	19538	15231	21871	0	0	0	0	0	72383	101969	2909	108	2685	224	2306	2577	379	108	31	302	21	2685	410	2685	3571	203	3368	2482	203	2096632	27187	22437	439308	2821	1516	1724286	9913	22389	25531	18841	23427
7678	10	0	170776	41386	42200	33589	54594	0	0	0	0	0	170434	211101	342	2	11	331	11	9	0	2	2	0	1	11	2	11	0	0	0	11	0	2267543	27529	22448	446991	2821	1516	1872336	117	48002	55337	41246	57520
43217	1211	2587	74448	18910	19356	15073	21819	0	0	0	0	0	71587	100555	2861	112	2653	208	2296	2541	357	112	20	265	26	2653	377	2653	3679	177	3502	2476	177	2342135	30390	25101	490213	2404	1693	1926709	9895	21982	25225	18731	23326
7359	9	0	170814	41339	42374	33703	54438	0	0	0	0	0	170450	211286	364	0	5	359	5	5	0	0	0	0	0	5	0	5	0	0	0	5	0	2513109	30754	25106	497578	2404	1693	2074760	120	47979	55630	41606	57340
41695	1105	2414	74446	19029	19242	15044	21803	0	0	0	0	0	71864	100138	2582	80	2364	218	2026	2284	338	80	16	274	17	2364	354	2364	3352	145	3207	2219	145	2587688	33336	27470	539280	1660	1838	2129132	9184	22078	25124	18712	23191
7490	9	0	170521	41370	41782	33855	54574	0	0	0	0	0	170171	210624	350	0	3	347	1	3	2	0	0	2	0	3	2	3	0	0	0	3	0	2758326	33686	27473	546777	1660	1838	2277183	102	47715	54797	41585	57538
43829	1205	2528	75191	19419	19465	15226	21770	0	0	0	0	0	72412	101303	2779	86	2570	209	2204	2484	366	86	17	297	13	2570	383	2570	3611	189	3422	2381	189	2833640	36465	30043	590609	1175	2027	2331555	9841	22492	25503	18922	23189
7338	13	0	170263	41510	41949	33458	54344	0	0	0	0	0	169919	210757	344	0	9	335	8	9	1	0	0	1	0	9	1	9	0	0	0	9	0	3004043	36809	30052	597953	1175	2027	2479593	131	47889	54982	41234	57218
42487	1174	2434	74580	19028	19313	15183	21649	0	0	0	0	0	71800	100533	2780	104	2553	227	2211	2449	342	104	23	261	19	2553	365	2553	3455	168	3287	2385	168	3078777	39589	32605	640450	534	2195	2533969	9578	22053	25225	18901	23079
7506	7	0	170410	41950	41758	33322	54332	0	0	0	0	0	170046	210926	364	0	6	358	6	6	0	0	0	0	0	6	0	6	0	0	0	6	0	3249336	39954	32611	647968	534	2195	2682016	105	48534	55061	41014	57220
39949	1133	2357	73772	18833	19006	14901	21678	0	0	0	0	0	71183	98843	2589	85	2387	202	2051	2302	336	85	16	267	15	2387	352	2387	3311	172	3139	2215	172	3323260	42545	34998	687922	3845	2367	2736401	8904	21867	24789	18334	23158
7477	11	0	170803	41636	41964	33717	54589	0	0	0	0	0	170460	211301	343	2	8	335	7	8	1	0	0	1	0	8	1	8	0	0	0	8	0	3494216	42888	35006	695403	3845	2367	2884439	111	48138	55377	41520	57431
41822	1144	2417	74242	19281	19234	14799	21615	0	0	0	0	0	71507	100079	2735	102	2516	219	2180	2414	336	102	19	253	16	2516	355	2516	3444	154	3290	2362	154	3568597	45624	37522	737231	3193	2521	2938814	9278	22333	25187	18357	23036
7503	6	0	170737	41454	42279	33510	54488	0	0	0	0	0	170396	211055	341	0	9	332	9	9	0	0	0	0	0	9	0	9	0	0	0	9	0	3739474	45966	37531	744742	3193	2521	3086861	115	47920	55404	41325	57364
40951	1199	2411	74090	18874	19335	14924	21634	0	0	0	0	0	71350	99724	2740	105	2538	202	2154	2433	384	105	15	294	25	2538	399	2538	3428	179	3249	2359	179	3813713	48707	40069	785697	2525	2700	3141235	9258	21997	25343	18439	23059
7389	16	0	170326	41403	42159	33448	54371	0	0	0	0	0	169997	210715	329	0	4	325	4	4	0	0	0	0	0	4	0	4	0	0	0	4	0	3984194	49037	40073	793087	2525	2700	3289287	108	47887	55207	41183	57263

processed_m4609_ME21_HV0_test40_SRCoff_170717_111942_TMBCounters.txt																																													
alct0 valid pattern flag received	alct1 valid pattern flag received	raw hits readout   	Pretrigger   	Pretrigger on CFEB0	Pretrigger on CFEB1	Pretrigger on CFEB2	Pretrigger on CFEB3	Pretrigger on CFEB4	Pretrigger on CFEB5	Pretrigger on CFEB6	Pretrigger on ME1A CFEB 4-6 only	Pretrigger on ME1B CFEBs 0-3 only	Discarded, CLCT0 invalid pattern after drift	BX pretrig waiting for triads to dissipate	clct0 sent to TMB matching section	clct1 sent to TMB matching section	TMB accepted alct	TMB match reject event  	Matching found one ALCT	Matching found one CLCT	Matching found two ALCTs	Matching found two CLCTs	ALCT0 copied into ALCT1 to make 2nd LCT	CLCT0 copied into CLCT1 to make 2nd LCT	LCT1 has higher quality than LCT0 	Transmitted LCT0 to MPC	Transmitted LCT1 to MPC	MPC rejected both LCT0 and LCT1	L1A received   	L1A received, TMB in L1A window	L1A received, no TMB in window	TMB triggered, no L1A in window	TMB readouts completed	Pretrigger counter   	CLCT counter   	TMB trigger counter	ALCTs received counter	L1As received counter 	Readout counter 	Orbit counter	CLCT pre-trigger and ALCT coincidence counter	CFEB0 active flag sent to DMB for readout	CFEB1 active flag sent to DMB for readout	CFEB2 active flag sent to DMB for readout	CFEB3 active flag sent to DMB for readout
8791	196	258	119354	30315	28235	22750	38895	0	0	0	0	0	115877	154468	3477	108	3097	380	2941	2989	156	108	36	84	31	3097	192	3097	258	231	27	2866	231	225690	3809	3123	13276	258	231	104937	3313	34447	37280	27852	40706
35673	73	0	858941	214390	202091	164132	283212	0	0	0	0	0	856432	1068405	2509	7	205	2304	201	198	4	7	5	2	0	205	9	205	0	0	0	205	0	1085206	6321	3328	48975	258	231	509377	795	243796	266171	200318	296176
8444	178	280	118789	30269	28264	22623	38404	0	0	0	0	0	115599	153378	3190	89	2841	349	2698	2752	143	89	26	80	23	2841	169	2841	281	255	26	2586	255	1204238	9511	6169	57430	539	486	563749	3008	34464	36948	27638	40222
35842	61	0	860735	216150	202419	164126	283054	0	0	0	0	0	858295	1070674	2440	4	182	2258	175	179	7	3	2	6	1	182	9	182	0	0	0	182	0	2065232	11951	6351	93278	539	486	968203	834	245645	266540	199947	296053
8764	155	248	119029	30007	28182	22935	38701	0	0	0	0	0	115562	154150	3467	99	3145	322	3013	3046	132	99	40	73	15	3145	172	3145	249	228	21	2917	228	2184526	15419	9496	102050	788	714	1022575	3356	34157	37194	28020	40573
35744	62	0	858322	214407	201971	164080	282695	0	0	0	0	0	855869	1067716	2453	5	197	2256	187	192	10	5	1	6	2	197	11	197	0	0	0	197	0	3043111	17872	9693	137813	788	714	1427016	839	243804	266260	200147	295570
55044	2412	3104	160715	45654	40373	32218	45256	0	0	0	0	0	120125	282096	40590	1543	40056	534	37979	38515	2077	1541	509	1045	303	40056	2586	40056	3117	2817	300	37239	2817	3204092	58465	49749	192868	3905	3531	1481402	40401	51651	53013	40201	48303
35756	73	0	860964	215015	202781	163790	284254	0	0	0	0	0	858503	1071156	2461	6	199	2262	185	194	14	5	2	11	3	199	16	199	0	0	0	199	0	4065313	60928	49948	228635	3905	3531	1885841	842	244500	266896	199634	297137
54746	2488	3119	159608	45314	40121	31681	45388	0	0	0	0	0	119430	280115	40178	1513	39661	517	37556	38149	2105	1512	492	1085	313	39661	2597	39661	3131	2809	322	36852	2809	4225169	101109	89609	283388	2940	2244	1940215	40156	51370	52447	39662	48387
35815	79	0	859941	215174	202020	163741	283824	0	0	0	0	0	857570	1070493	2371	10	195	2176	178	186	17	9	2	10	1	195	19	195	0	0	0	195	0	5085352	103480	89804	319207	2940	2244	2344655	848	244655	266986	199670	296770
52587	2326	2965	158177	45158	39951	31494	44306	0	0	0	0	0	119544	275142	38633	1455	38119	514	36141	36666	1978	1453	464	989	287	38119	2442	38119	2987	2702	285	35417	2702	5243783	142114	127923	371803	1831	850	2399041	38569	51162	52418	39327	47276
35740	65	0	859316	213786	202855	163985	283530	0	0	0	0	0	856781	1068415	2535	4	187	2348	175	183	12	4	0	8	0	187	12	187	0	0	0	187	0	6103394	144649	128110	407553	1831	850	2803481	821	243567	267231	200158	296409
50841	2294	2807	157084	44515	39491	31165	44492	0	0	0	0	0	119813	270997	37271	1396	36739	532	34794	35345	1945	1394	448	999	287	36739	2393	36739	2821	2553	268	34186	2553	6260738	181921	164849	458401	556	3403	2857853	37120	50402	51510	38975	47395
35509	48	0	860695	215583	202947	163990	283206	0	0	0	0	0	858254	1070458	2441	5	217	2224	211	212	6	5	2	3	3	217	8	217	0	0	0	217	0	7121682	184362	165066	493923	556	3403	3262294	880	245117	267380	200012	296044
54978	2440	3023	159753	45283	40434	31692	45170	0	0	0	0	0	119280	280698	40473	1533	39966	507	37886	38433	2080	1533	516	1063	310	39966	2596	39966	3040	2744	296	37222	2744	7281688	224835	205032	548911	3596	2051	3316679	40389	51412	52619	39700	48277
35799	72	0	859560	214665	202106	164007	283658	0	0	0	0	0	857051	1069883	2509	4	189	2320	177	186	12	3	1	10	2	189	13	189	0	0	0	189	0	8141507	227344	205221	584724	3596	2051	3721120	830	244418	266219	200083	296494
51143	2278	2826	156455	44326	39428	30818	44563	0	0	0	0	0	119019	270651	37436	1380	36906	530	34984	35528	1922	1378	474	1018	283	36906	2396	36906	2836	2562	274	34344	2562	8298225	264780	242127	635879	2336	517	3775492	37290	50306	51410	38580	47425
35813	72	0	859422	214534	202036	164364	283409	0	0	0	0	0	856924	1069012	2498	7	169	2329	156	162	13	7	2	8	2	169	15	169	0	0	0	169	0	9157903	267278	242296	671709	2336	517	4179945	797	244198	266228	200221	296252
54427	2439	3083	159148	45548	40060	31578	44724	0	0	0	0	0	119361	278767	39787	1508	39288	499	37224	37780	2064	1508	522	1078	330	39288	2586	39288	3100	2792	308	36496	2792	9317320	307068	281584	726143	1340	3309	4234318	39896	51664	52491	39599	47704
35606	67	0	859481	214126	202828	163969	283604	0	0	0	0	0	856990	1069336	2491	9	203	2288	193	196	10	7	3	6	2	203	13	203	0	0	0	203	0	10177062	309559	281787	761759	1340	3309	4638759	843	243712	267247	200102	296674
50837	2268	2900	156650	44398	39395	31195	44318	0	0	0	0	0	119588	270263	37062	1440	36584	478	34683	35144	1901	1440	525	986	290	36584	2426	36584	2916	2633	283	33951	2633	10333978	346621	318371	812606	160	1846	4693134	37134	50356	51553	38888	47275
35794	67	0	860753	214504	202444	164175	284552	0	0	0	0	0	858308	1070281	2445	7	210	2235	202	204	8	6	2	4	2	210	10	210	0	0	0	210	0	11194997	349069	318581	848409	160	1846	5097585	795	244217	266577	200267	297412
50588	2301	2720	156123	44200	39083	30922	44451	0	0	0	0	0	119294	269052	36829	1394	36351	478	34414	34958	1937	1393	462	1006	284	36351	2399	36351	2734	2460	274	33891	2460	11351375	385898	354932	899004	2894	210	5151958	36640	50038	51209	38682	47342
35618	62	0	860263	214748	203148	164284	283034	0	0	0	0	0	857790	1069143	2473	0	200	2273	188	200	12	0	0	12	0	200	12	200	0	0	0	200	0	12211917	388371	355132	934631	2894	210	5556398	803	244324	267774	200432	296029
50825	2282	2836	156269	44261	39339	30979	44276	0	0	0	0	0	119255	269409	37014	1436	36531	483	34577	35099	1954	1432	472	994	330	36531	2426	36531	2853	2554	299	33977	2554	12368464	425386	391663	985464	1651	2764	5610783	36996	50279	51278	38759	47121
35587	65	0	861353	215165	202559	164626	283994	0	0	0	0	0	858924	1070832	2429	3	190	2239	179	188	11	2	0	9	1	190	11	190	0	0	0	190	0	13230092	427817	391853	1021061	1651	2764	6015223	801	244653	266972	200730	297046
51356	2343	2809	156486	44364	39318	31038	44396	0	0	0	0	0	119052	270878	37434	1495	36954	479	34964	35461	1990	1493	497	994	338	36954	2487	36954	2819	2533	286	34421	2533	13386800	465251	428807	1072429	374	1201	6069596	37351	50290	51371	38706	47330
36032	55	0	859815	214371	202487	163832	284010	0	0	0	0	0	857407	1069305	2408	2	199	2209	187	197	12	2	1	11	0	199	13	199	0	0	0	199	0	14246868	467659	429006	1108472	374	1201	6474037	788	243735	266652	199707	296945
53151	2358	2957	158340	44770	39723	31869	44662	0	0	0	0	0	119343	276058	38997	1476	38486	511	36519	37012	1967	1474	479	972	319	38486	2446	38486	2980	2671	309	35815	2671	14405448	506657	467492	1161633	3354	3872	6528422	38859	50934	51908	39618	47655
35564	54	0	859572	215295	201901	164174	283162	0	0	0	0	0	857174	1068776	2398	5	184	2214	176	181	8	3	2	7	0	184	10	184	0	0	0	184	0	15265292	509055	467676	1197208	3354	3872	6932863	766	244991	266230	199706	296160
54205	2401	3076	159473	45338	40009	31627	45166	0	0	0	0	0	119790	278761	39683	1507	39149	534	37091	37646	2058	1503	515	1070	325	39149	2573	39149	3089	2818	271	36331	2818	15425010	548738	506825	1251424	2347	2594	6987237	39594	51349	52397	39507	48141
35545	63	0	858833	214585	202065	163186	283888	0	0	0	0	0	856390	1067838	2443	4	234	2209	222	230	12	4	2	10	2	234	14	234	0	0	0	234	0	16284100	551182	507059	1286980	2347	2594	7391689	820	244057	266175	199405	296781

processed_m4611_ME21_HV0_test40_SRCoff_170717_114727_TMBCounters.txt																																													
alct0 valid pattern flag received	alct1 valid pattern flag received	raw hits readout   	Pretrigger   	Pretrigger on CFEB0	Pretrigger on CFEB1	Pretrigger on CFEB2	Pretrigger on CFEB3	Pretrigger on CFEB4	Pretrigger on CFEB5	Pretrigger on CFEB6	Pretrigger on ME1A CFEB 4-6 only	Pretrigger on ME1B CFEBs 0-3 only	Discarded, CLCT0 invalid pattern after drift	BX pretrig waiting for triads to dissipate	clct0 sent to TMB matching section	clct1 sent to TMB matching section	TMB accepted alct	TMB match reject event  	Matching found one ALCT	Matching found one CLCT	Matching found two ALCTs	Matching found two CLCTs	ALCT0 copied into ALCT1 to make 2nd LCT	CLCT0 copied into CLCT1 to make 2nd LCT	LCT1 has higher quality than LCT0 	Transmitted LCT0 to MPC	Transmitted LCT1 to MPC	MPC rejected both LCT0 and LCT1	L1A received   	L1A received, TMB in L1A window	L1A received, no TMB in window	TMB triggered, no L1A in window	TMB readouts completed	Pretrigger counter   	CLCT counter   	TMB trigger counter	ALCTs received counter	L1As received counter 	Readout counter 	Orbit counter	CLCT pre-trigger and ALCT coincidence counter	CFEB0 active flag sent to DMB for readout	CFEB1 active flag sent to DMB for readout	CFEB2 active flag sent to DMB for readout	CFEB3 active flag sent to DMB for readout
52336	2342	2922	162188	45786	40428	31735	47109	0	0	0	0	0	122460	281656	39728	1569	39190	538	37168	37623	2022	1567	513	968	314	39190	2535	39190	2934	2787	147	36403	2787	273458	40033	39220	57380	2934	2787	104926	32192	51948	53040	39674	50083
39842	73	0	893956	221585	207660	167855	302062	0	0	0	0	0	891303	1112586	2653	4	238	2415	230	234	8	4	2	6	2	238	10	238	0	0	0	238	0	1168138	42687	39458	97255	2934	2787	509367	812	252207	273827	204683	315271
28215	1231	1432	141263	37695	34057	27232	44060	0	0	0	0	0	121455	215221	19808	771	19335	473	18273	18566	1062	769	247	540	153	19335	1309	19335	1436	1378	58	17957	1378	1309666	62495	58793	125481	274	69	563752	15896	42813	44717	33548	46429
39580	61	0	892959	221094	206932	168363	301861	0	0	0	0	0	890396	1110681	2563	5	235	2328	226	230	9	5	4	8	1	235	13	235	0	0	0	235	0	2202912	65059	59028	165075	274	69	968193	804	251384	273198	205390	315066
53945	2476	2959	163977	46399	41219	31922	47503	0	0	0	0	0	122850	286601	41127	1716	40603	524	38465	38890	2138	1713	553	978	334	40603	2691	40603	2973	2814	159	37789	2814	2367168	106186	99631	219026	3247	2883	1022565	33554	52705	53582	39978	50538
39960	71	0	893265	220541	207963	168222	301590	0	0	0	0	0	890649	1111729	2616	3	209	2407	199	206	10	3	2	9	0	209	12	209	0	0	0	209	0	3260684	108803	99840	258992	3247	2883	1427016	777	251158	273676	205078	314832
54438	2545	3021	163953	46441	40982	32260	47225	0	0	0	0	0	122339	287037	41614	1781	41091	523	38883	39311	2208	1780	607	1035	381	41091	2815	41091	3033	2877	156	38214	2877	3424882	150417	140931	313440	2184	1664	1481390	33861	52677	53662	40402	50253
39741	65	0	893501	221135	207743	168304	301477	0	0	0	0	0	890930	1112060	2571	3	221	2350	207	218	14	3	0	11	1	221	14	221	0	0	0	221	0	4318639	152990	141153	353193	2184	1664	1885831	821	251397	273682	205254	314548
53100	2407	2921	163520	46136	40659	32245	47414	0	0	0	0	0	123103	284646	40417	1604	39894	523	37817	38290	2077	1604	558	1031	303	39894	2635	39894	2934	2791	143	37103	2791	4482450	193407	181047	406306	1022	359	1940214	32878	52205	53336	40156	50420
40225	74	0	895171	222434	208477	168219	301045	0	0	0	0	0	892572	1113846	2599	5	237	2362	221	232	16	5	1	12	0	237	17	237	0	0	0	237	0	5377913	196008	181284	446539	1022	359	2344655	854	252836	274885	205292	314308
54872	2419	3063	164628	46561	40927	32348	47826	0	0	0	0	0	122551	289194	42077	1639	41536	541	39469	39902	2067	1634	584	1017	310	41536	2651	41536	3077	2919	158	38617	2919	5542825	238086	222820	501420	3	3278	2399029	34238	52848	53580	40494	50752
39592	69	0	894636	221735	207837	168061	302083	0	0	0	0	0	891992	1113052	2644	8	211	2433	202	203	9	8	2	3	3	211	11	211	0	0	0	211	0	6437720	240730	223031	541025	3	3278	2803470	808	252224	274136	204756	315399
55195	2591	3152	165024	46796	41123	32561	47628	0	0	0	0	0	122777	290221	42247	1778	41688	559	39463	39912	2225	1776	586	1035	360	41688	2811	41688	3170	3021	149	38667	3021	6603030	282978	264719	596229	3173	2203	2857854	34254	53304	53761	40679	50669
39640	67	0	892870	221101	208063	167875	300914	0	0	0	0	0	890323	1111707	2547	8	213	2334	204	207	9	6	3	6	2	213	12	213	0	0	0	213	0	7496133	285525	264932	635882	3173	2203	3262294	802	251584	274220	204633	314177
52223	2444	2917	161940	45576	40304	32032	46922	0	0	0	0	0	122079	280987	39861	1563	39316	545	37216	37754	2100	1562	489	1027	368	39316	2589	39316	2927	2791	136	36525	2791	7658338	325386	304248	688114	2004	898	3316668	32392	51635	52780	39960	50030
39958	75	0	894003	220710	207587	168184	302751	0	0	0	0	0	891445	1112797	2558	5	203	2355	192	199	11	4	1	8	0	203	12	203	0	0	0	203	0	8552635	327944	304451	728084	2004	898	3721110	821	251135	274019	205039	316099
54193	2545	3012	163137	46119	40927	31789	47289	0	0	0	0	0	121900	285405	41237	1710	40681	556	38484	38974	2197	1707	559	1049	327	40681	2756	40681	3032	2885	147	37796	2885	8716020	369182	345132	782287	940	3783	3775492	33592	52455	53322	39979	50147
39616	66	0	892672	220895	207905	167642	301476	0	0	0	0	0	890175	1111834	2497	7	198	2299	185	191	13	7	2	8	3	198	15	198	0	0	0	198	0	9608955	371680	345330	821912	940	3783	4179936	797	251400	273880	204213	314775
54909	2576	3102	164548	46490	41284	32392	47418	0	0	0	0	0	122598	288780	41950	1727	41414	536	39199	39689	2215	1725	564	1054	342	41414	2779	41414	3122	2970	152	38444	2970	9773783	413633	386744	876837	4062	2657	4234307	34199	52790	54017	40438	50456
39895	81	0	894385	221432	208391	167893	301731	0	0	0	0	0	891785	1113040	2600	13	233	2367	217	221	16	12	7	11	3	233	23	233	0	0	0	233	0	10668443	416234	386977	916742	4062	2657	4638749	809	251870	274445	205080	315101
52952	2390	2952	162713	45401	40949	31979	47319	0	0	0	0	0	122527	283320	40186	1642	39652	534	37563	38011	2089	1641	550	998	339	39652	2639	39652	2969	2801	168	36851	2801	10831383	456420	426629	969704	2935	1362	4693133	32917	51591	53581	40052	50368
39637	60	0	892789	221090	208108	167655	301020	0	0	0	0	0	890160	1111580	2629	7	201	2428	191	195	10	6	3	7	4	201	13	201	0	0	0	201	0	11724426	459049	426830	1009351	2935	1362	5097572	787	251508	274626	204492	314167
54928	2506	3029	164495	46227	41127	32325	47786	0	0	0	0	0	122732	288643	41763	1724	41224	539	39076	39502	2148	1722	591	1017	347	41224	2739	41224	3044	2896	148	38328	2896	11889174	500812	468054	1064288	1883	162	5151947	34304	52522	53847	40382	50828
39756	67	0	893967	221527	207151	168513	301902	0	0	0	0	0	891284	1112728	2683	5	237	2446	221	232	16	5	0	11	2	237	16	237	0	0	0	237	0	12783419	503496	468291	1104056	1883	162	5556398	870	252043	273309	205044	315305
52194	2273	2865	161733	45808	40225	31631	46844	0	0	0	0	0	122004	280678	39729	1555	39198	531	37212	37646	1986	1552	536	970	308	39198	2522	39198	2884	2743	141	36455	2743	12945429	543227	507489	1156254	671	2905	5610772	32335	51935	52498	39662	49897
39536	66	0	895024	222278	208607	168034	301312	0	0	0	0	0	892327	1114015	2697	5	216	2481	206	211	10	5	2	7	1	216	12	216	0	0	0	216	0	13840732	545926	507705	1195804	671	2905	6015213	861	252858	274730	204534	314720

processed_m4612_ME21_HV0_test40_SRCoff_170717_115903_TMBCounters.txt																																													
alct0 valid pattern flag received	alct1 valid pattern flag received	raw hits readout   	Pretrigger   	Pretrigger on CFEB0	Pretrigger on CFEB1	Pretrigger on CFEB2	Pretrigger on CFEB3	Pretrigger on CFEB4	Pretrigger on CFEB5	Pretrigger on CFEB6	Pretrigger on ME1A CFEB 4-6 only	Pretrigger on ME1B CFEBs 0-3 only	Discarded, CLCT0 invalid pattern after drift	BX pretrig waiting for triads to dissipate	clct0 sent to TMB matching section	clct1 sent to TMB matching section	TMB accepted alct	TMB match reject event  	Matching found one ALCT	Matching found one CLCT	Matching found two ALCTs	Matching found two CLCTs	ALCT0 copied into ALCT1 to make 2nd LCT	CLCT0 copied into CLCT1 to make 2nd LCT	LCT1 has higher quality than LCT0 	Transmitted LCT0 to MPC	Transmitted LCT1 to MPC	MPC rejected both LCT0 and LCT1	L1A received   	L1A received, TMB in L1A window	L1A received, no TMB in window	TMB triggered, no L1A in window	TMB readouts completed	Pretrigger counter   	CLCT counter   	TMB trigger counter	ALCTs received counter	L1As received counter 	Readout counter 	Orbit counter	CLCT pre-trigger and ALCT coincidence counter	CFEB0 active flag sent to DMB for readout	CFEB1 active flag sent to DMB for readout	CFEB2 active flag sent to DMB for readout	CFEB3 active flag sent to DMB for readout
51604	2356	2882	165903	45917	41231	32314	49491	0	0	0	0	0	126514	284620	39389	1653	38834	555	36800	37184	2034	1650	552	936	350	38834	2586	38834	2895	2782	113	36052	2782	281533	39706	38843	57160	2895	2782	104927	25176	52241	54064	40587	52486
44560	81	0	927887	227693	214285	171972	319198	0	0	0	0	0	925200	1155425	2687	6	227	2460	215	221	12	6	3	9	2	227	15	227	0	0	0	227	0	1210418	42396	39070	101772	2895	2782	509378	781	259537	282859	210182	333081
54667	2497	2994	168157	47072	41664	32981	49618	0	0	0	0	0	126375	292216	41782	1785	41251	531	39079	39469	2172	1782	585	975	370	41251	2757	41251	3008	2894	114	38357	2894	1378875	84178	80321	156457	1807	1580	563750	26947	53493	54846	41242	52782
43925	68	0	928921	227483	214298	172248	320250	0	0	0	0	0	926159	1157371	2762	10	213	2549	202	204	11	9	5	7	3	213	16	213	0	0	0	213	0	2308100	86940	80534	200401	1807	1580	968192	823	259616	282658	210602	334059
55012	2516	3066	168464	47265	41815	32910	49626	0	0	0	0	0	126291	293402	42173	1772	41581	592	39406	39813	2175	1768	576	983	386	41581	2751	41581	3084	2971	113	38610	2971	2476828	129113	122115	255426	795	455	1022567	27138	53795	54605	41220	52800
44187	76	0	928977	227893	214107	172588	319792	0	0	0	0	0	926220	1156809	2757	7	240	2517	226	233	14	7	2	9	2	240	16	240	0	0	0	240	0	3406103	131870	122355	299629	795	455	1427007	773	260107	282740	210679	333590
51611	2305	2803	165463	45788	40910	32178	49573	0	0	0	0	0	126327	283515	39136	1576	38567	569	36554	36993	2013	1574	503	942	316	38567	2516	38567	2814	2699	115	35868	2699	3571864	171009	160922	351254	3609	3154	1481380	25472	52058	53700	40091	52733
44341	69	0	928933	227786	213490	172449	320521	0	0	0	0	0	926234	1156251	2699	2	223	2476	219	221	4	2	2	4	0	223	6	223	0	0	0	223	0	4501081	173709	161145	395608	3609	3154	1885844	811	259770	282138	210650	334257
53561	2382	2934	167094	46810	41482	32432	49419	0	0	0	0	0	126322	288577	40772	1654	40222	550	38152	38569	2070	1653	536	953	331	40222	2606	40222	2945	2834	111	37388	2834	4668449	214481	201367	449181	2458	1892	1940215	26310	53249	54287	40617	52455
44497	82	0	929788	227509	214357	172601	320712	0	0	0	0	0	927020	1158247	2768	6	255	2513	243	250	12	5	1	8	1	255	13	255	0	0	0	255	0	5598537	217249	201622	493688	2458	1892	2344645	767	259327	282765	210677	334469
56020	2557	3144	169166	47372	42021	33149	49756	0	0	0	0	0	126150	295437	43016	1768	42444	572	40238	40678	2206	1766	566	1006	381	42444	2772	42444	3157	3040	117	39404	3040	5767949	260265	244066	549727	1519	836	2399029	27791	53815	55057	41353	52865
44229	79	0	928963	228228	213923	172388	319780	0	0	0	0	0	926231	1156386	2732	9	230	2502	220	221	10	9	4	5	0	230	14	230	0	0	0	230	0	6697186	262997	244296	593975	1519	836	2803472	827	260086	282677	210638	333583
51413	2280	2713	165721	46234	40663	32110	49630	0	0	0	0	0	126782	283409	38939	1558	38384	555	36386	36826	1998	1558	534	974	310	38384	2532	38384	2725	2634	91	35750	2634	6863227	301937	282680	645394	148	3470	2857842	25147	52394	53247	40121	52636
44420	70	0	929615	227303	214249	173165	320199	0	0	0	0	0	926901	1157166	2714	8	232	2482	220	224	12	8	1	5	2	232	13	232	0	0	0	232	0	7793127	304653	282912	689829	148	3470	3262284	818	259406	282710	211395	334091
51963	2319	2834	165881	46106	40906	32461	49395	0	0	0	0	0	126244	284900	39637	1663	39070	567	37045	37409	2025	1661	524	888	354	39070	2549	39070	2852	2751	101	36319	2751	7959281	344291	321982	741799	3000	2125	3316668	25495	52390	53728	40442	52471
44367	81	0	929193	228309	214240	172278	319662	0	0	0	0	0	926483	1157152	2710	5	207	2503	198	202	9	5	0	4	2	207	9	207	0	0	0	207	0	8888775	347001	322189	786178	3000	2125	3721109	758	260643	282696	210339	333463
5824	12	0	124575	30555	28884	23074	42778	0	0	0	0	0	124189	155054	386	0	27	359	25	27	2	0	0	2	0	27	2	27	0	0	0	27	0	9013644	347388	322216	792013	3000	2125	3775483	115	34885	38050	28227	44676
44410	93	0	931096	228515	214712	172690	320569	0	0	0	0	0	928363	1159556	2733	4	222	2511	211	218	11	4	1	8	3	222	12	222	0	0	0	222	0	9945014	350121	322438	836434	3000	2125	4179934	824	260672	283128	210798	334302
6115	9	0	124460	30794	28619	22993	42767	0	0	0	0	0	124115	154886	345	0	30	315	30	30	0	0	0	0	0	30	0	30	0	0	0	30	0	10069729	350467	322469	842562	3000	2125	4234307	113	35084	37810	28125	44618
44249	85	0	930400	227162	215052	173159	320274	0	0	0	0	0	927615	1158101	2785	7	241	2544	225	234	16	7	3	12	1	241	19	241	0	0	0	241	0	11000394	353253	322710	886821	3000	2125	4638748	807	259327	283733	211378	334199
6097	8	0	124412	30599	28849	23079	42627	0	0	0	0	0	124042	154873	370	1	28	342	26	27	2	1	0	1	0	28	2	28	0	0	0	28	0	11125080	353626	322739	892935	3000	2125	4693122	96	34886	38090	28354	44456
44527	74	0	929194	227147	214937	172048	320391	0	0	0	0	0	926434	1156407	2760	6	210	2550	198	204	12	6	0	6	1	210	12	210	0	0	0	210	0	12054539	356386	322949	937481	3000	2125	5097569	830	259041	283473	210303	334392
6027	8	0	124745	30762	28720	22978	42981	0	0	0	0	0	124384	155299	361	0	31	330	29	31	2	0	0	2	0	31	2	31	0	0	0	31	0	12179589	356747	322980	943517	3000	2125	5151949	129	34952	37980	28113	44779
44253	89	0	927561	228167	213988	171957	318843	0	0	0	0	0	924766	1155643	2795	10	237	2558	221	228	16	9	4	11	0	237	20	237	0	0	0	237	0	13107432	359542	323217	987784	3000	2125	5556390	814	260022	282672	209831	332661
5907	13	0	124672	30700	28634	23292	42762	0	0	0	0	0	124301	155131	371	0	33	338	31	33	2	0	0	2	0	33	2	33	0	0	0	33	0	13232356	359913	323250	993705	3000	2125	5610773	114	35072	37867	28453	44613
44474	77	0	928400	228231	214112	171865	319394	0	0	0	0	0	925648	1156391	2752	6	220	2532	210	214	10	6	3	7	3	220	13	220	0	0	0	220	0	14161025	362665	323470	1038193	3000	2125	6015215	803	260207	282716	210351	333213
5967	8	0	124379	30486	28522	23293	42822	0	0	0	0	0	124013	154905	366	0	20	346	20	20	0	0	0	0	0	20	0	20	0	0	0	20	0	14285666	363031	323490	1044171	3000	2125	6069588	116	34763	37609	28403	44772
44592	86	0	928637	227091	214118	172212	320498	0	0	0	0	0	925891	1155481	2746	6	233	2513	219	228	14	5	3	12	2	233	17	233	0	0	0	233	0	15214575	365778	323724	1088777	3000	2125	6474026	827	259207	282651	210606	334444
6077	15	0	125115	30564	28922	23174	43159	0	0	0	0	0	124699	155992	416	2	42	374	39	40	3	2	1	2	0	42	4	42	0	0	0	42	0	15340008	366194	323766	1094867	3000	2125	6528412	123	34874	38086	28375	44998
44460	90	0	927690	226802	214332	172460	319498	0	0	0	0	0	924916	1154803	2774	7	236	2538	222	231	14	5	2	11	1	236	16	236	0	0	0	236	0	16267989	368969	324002	1139341	3000	2125	6932855	838	259032	282539	210450	333357
6050	11	0	124782	30369	28881	23250	42982	0	0	0	0	0	124383	155598	399	2	33	366	32	32	1	1	1	1	0	33	2	33	0	0	0	33	0	16393040	369370	324035	1145404	3000	2125	6987227	118	34787	38037	28426	44819
44360	74	0	928774	227612	213915	171972	320612	0	0	0	0	0	926039	1156435	2734	2	199	2535	192	198	7	1	0	6	0	199	7	199	0	0	0	199	0	17322077	372104	324234	1189780	3000	2125	7391678	830	259759	282384	210027	334403
5979	10	0	124752	30426	28703	23242	43110	0	0	0	0	0	124366	155297	386	1	38	348	36	37	2	1	0	1	0	38	2	38	0	0	0	38	0	17447120	372490	324272	1195775	3000	2125	7446051	110	34770	37820	28443	44864
44740	95	0	929104	227963	213933	172909	319568	0	0	0	0	0	926431	1158099	2673	6	205	2468	185	200	20	5	1	16	0	205	21	205	0	0	0	205	0	18376485	375164	324477	1240532	3000	2125	7850494	842	259658	282561	211205	333546
5811	7	0	124817	30548	28640	23327	42991	0	0	0	0	0	124454	155297	363	0	30	333	28	30	2	0	0	2	0	30	2	30	0	0	0	30	0	18501581	375528	324507	1246352	3000	2125	7904865	90	34851	37809	28396	44891
44504	88	0	930439	228706	214338	172044	320740	0	0	0	0	0	927718	1158710	2721	11	237	2484	218	227	19	10	6	15	2	237	25	237	0	0	0	237	0	19432318	378251	324744	1290874	3000	2125	8309317	859	260793	283149	210395	334474
5877	16	0	124653	30480	28979	23247	42696	0	0	0	0	0	124289	154889	364	1	25	339	21	24	4	1	0	3	0	25	4	25	0	0	0	25	0	19557235	378618	324770	1296764	3000	2125	8363689	95	34784	38138	28364	44500
44423	77	0	929072	228003	214253	171945	320294	0	0	0	0	0	926359	1156737	2713	5	228	2485	213	223	15	5	3	13	2	228	18	228	0	0	0	228	0	20486590	381332	324998	1341200	3000	2125	8768130	815	259868	282746	209870	334014
6082	9	0	124632	30553	28740	22862	43158	0	0	0	0	0	124239	155092	393	1	33	360	32	33	1	0	0	1	0	33	1	33	0	0	0	33	0	20611495	381725	325031	1347295	3000	2125	8822515	106	34904	37713	28055	45001
44455	83	0	929613	227809	214529	172720	319996	0	0	0	0	0	926835	1157355	2778	7	228	2550	216	223	12	5	1	8	1	228	13	228	0	0	0	228	0	21541369	384503	325259	1391765	3000	2125	9226956	846	259766	283013	210878	333857
5934	7	0	125333	30815	29038	23218	42942	0	0	0	0	0	124953	156300	380	2	29	351	28	28	1	1	0	0	1	29	1	29	0	0	0	29	0	21667006	384883	325288	1397714	3000	2125	9281329	103	35196	38350	28438	44802
44145	80	0	928108	227244	213891	172289	319960	0	0	0	0	0	925370	1155946	2738	8	250	2488	238	243	12	7	2	7	0	250	14	250	0	0	0	250	0	22595364	387622	325538	1441865	3000	2125	9685782	792	259369	282205	210577	333715
59884	2722	3391	172884	48854	43223	33941	50301	0	0	0	0	0	126593	306856	46291	1892	45683	608	43301	43798	2382	1885	600	1097	321	45683	2982	45683	3405	3274	131	42409	3274	22768506	433915	371221	1501763	2309	1303	9740157	29941	55644	56745	42399	53581
44341	85	0	930143	228178	214975	172175	320227	0	0	0	0	0	927479	1158575	2664	6	225	2439	213	219	12	6	3	9	1	225	15	225	0	0	0	225	0	23698902	436580	371446	1546119	2309	1303	10144596	772	260369	283666	210712	334167
58472	2629	3267	172082	48213	42788	33824	50626	0	0	0	0	0	127086	303297	44996	1850	44399	597	42104	42550	2295	1849	629	1075	374	44399	2924	44399	3281	3179	102	41220	3179	23871238	481576	415845	1604605	1494	386	10198968	29090	54864	55859	42342	53846
44477	86	0	928203	227829	214710	171735	319159	0	0	0	0	0	925457	1155745	2746	5	251	2495	239	246	12	5	2	9	1	251	14	251	0	0	0	251	0	24799717	484323	416096	1649094	1494	386	10603411	825	259799	283411	210090	332985
56765	2598	3087	170007	47757	42399	33206	49944	0	0	0	0	0	126358	298220	43649	1857	43072	577	40783	41219	2289	1853	610	1046	337	43072	2899	43072	3104	2978	126	40094	2978	24969982	527973	459168	1705870	502	3364	10657794	28168	54307	55608	41605	53102
44373	81	0	927555	227577	213746	172633	318942	0	0	0	0	0	924742	1155460	2813	12	206	2607	187	195	19	11	3	11	2	206	22	206	0	0	0	206	0	25897840	530787	459374	1750256	502	3364	11062235	839	259505	281896	210901	332635
57826	2623	3185	170607	48101	42665	33155	49999	0	0	0	0	0	126024	300906	44583	1900	44044	539	41756	42146	2288	1898	622	1012	413	44044	2910	44044	3202	3080	122	40964	3080	26068712	575370	503418	1808091	3704	2348	11116619	28945	54735	55753	41591	53185
44721	90	0	928448	227445	213370	172402	320587	0	0	0	0	0	925749	1155786	2699	2	231	2468	220	229	11	2	0	9	0	231	11	231	0	0	0	231	0	26997444	578070	503649	1852830	3704	2348	11521051	794	259555	281892	210497	334146
57075	2580	3115	170104	47739	42600	33074	49935	0	0	0	0	0	126403	298284	43701	1811	43169	532	40930	41360	2239	1809	569	999	368	43169	2808	43169	3125	3004	121	40165	3004	27167834	621772	546818	1909920	2733	1256	11575433	28282	54224	55528	41655	53217
44322	75	0	928427	228074	213545	172367	319696	0	0	0	0	0	925631	1156106	2796	6	221	2575	210	215	11	6	0	5	1	221	11	221	0	0	0	221	0	28096542	624569	547039	1954258	2733	1256	11979874	744	260094	281978	210507	333535

