processed_m4364_ME21_HV0_test40_SRCoff_170711_110650_TMBCounters.txt																																													
alct0 valid pattern flag received	alct1 valid pattern flag received	raw hits readout   	Pretrigger   	Pretrigger on CFEB0	Pretrigger on CFEB1	Pretrigger on CFEB2	Pretrigger on CFEB3	Pretrigger on CFEB4	Pretrigger on CFEB5	Pretrigger on CFEB6	Pretrigger on ME1A CFEB 4-6 only	Pretrigger on ME1B CFEBs 0-3 only	Discarded, CLCT0 invalid pattern after drift	BX pretrig waiting for triads to dissipate	clct0 sent to TMB matching section	clct1 sent to TMB matching section	TMB accepted alct	TMB match reject event  	Matching found one ALCT	Matching found one CLCT	Matching found two ALCTs	Matching found two CLCTs	ALCT0 copied into ALCT1 to make 2nd LCT	CLCT0 copied into CLCT1 to make 2nd LCT	LCT1 has higher quality than LCT0 	Transmitted LCT0 to MPC	Transmitted LCT1 to MPC	MPC rejected both LCT0 and LCT1	L1A received   	L1A received, TMB in L1A window	L1A received, no TMB in window	TMB triggered, no L1A in window	TMB readouts completed	Pretrigger counter   	CLCT counter   	TMB trigger counter	ALCTs received counter	L1As received counter 	Readout counter 	Orbit counter	CLCT pre-trigger and ALCT coincidence counter	CFEB0 active flag sent to DMB for readout	CFEB1 active flag sent to DMB for readout	CFEB2 active flag sent to DMB for readout	CFEB3 active flag sent to DMB for readout
56013	2496	2283	150427	41846	38425	30444	41973	0	0	0	0	0	118634	253244	31793	1011	31279	514	29425	30270	1854	1009	319	1164	188	31279	2173	31279	2293	1499	794	29780	1499	248675	32053	31296	60052	2293	1499	104814	41407	47682	50407	38010	44918
11595	21	0	287781	71877	68759	55847	93025	0	0	0	0	0	287009	357734	772	2	52	720	49	50	3	2	1	2	0	52	4	52	0	0	0	52	0	536698	32826	31348	71654	2293	1499	252851	270	82062	90651	68069	97421
58375	2505	2417	151006	42411	38703	30520	41727	0	0	0	0	0	117620	257562	33386	1066	32909	477	31073	31844	1836	1065	381	1152	223	32909	2217	32909	2424	1602	822	31307	1602	687953	66212	64257	130040	621	3101	307225	43627	48490	50745	38203	44731
13690	31	0	340403	85235	81354	65287	110491	0	0	0	0	0	339485	422740	918	0	74	844	69	74	5	0	0	5	0	74	5	74	0	0	0	74	0	1028614	67130	64331	143740	621	3101	482263	331	97430	106987	79746	115731
62043	2648	2507	154670	43538	39707	31411	42434	0	0	0	0	0	119415	266511	35255	1112	34753	502	32750	33643	2003	1110	345	1238	221	34753	2348	34753	2516	1659	857	33094	1659	1183591	102385	99084	205793	3137	664	536636	46209	49734	51911	39254	45502
11670	17	0	288967	72636	68950	55573	93603	0	0	0	0	0	288204	358851	763	1	57	706	55	56	2	1	1	2	1	57	3	57	0	0	0	57	0	1472796	103148	99141	217470	3137	664	684686	277	82678	90687	68029	98003
61010	2696	2527	153457	42854	39741	31458	41843	0	0	0	0	0	118390	264436	35067	1142	34573	493	32536	33432	2037	1141	365	1261	235	34573	2402	34573	2537	1702	835	32871	1702	1626462	138216	133714	278491	1578	2366	739059	45686	49093	51965	39300	44830
13900	22	0	339592	84888	81069	65599	109998	0	0	0	0	0	338715	421712	877	3	57	820	52	54	5	3	0	2	0	57	5	57	0	0	0	57	0	1966278	139093	133771	292401	1578	2366	914100	332	96850	106716	80076	115222
57444	2502	2352	150390	42028	38892	30436	41345	0	0	0	0	0	117713	255588	32677	1005	32189	488	30274	31187	1915	1002	326	1239	200	32189	2241	32189	2363	1546	817	30643	1546	2116904	171770	165960	349858	3941	3912	968471	42648	48095	50752	38011	44341
11701	18	0	288059	71903	68939	55513	93418	0	0	0	0	0	287261	357721	798	2	61	737	55	59	6	2	0	4	2	61	6	61	0	0	0	61	0	2405183	172569	166021	361573	3941	3912	1116521	269	82058	90693	67972	97872
58232	2577	2370	151190	42419	38642	30774	41721	0	0	0	0	0	118105	257420	33085	1047	32629	456	30688	31583	1941	1046	328	1223	207	32629	2269	32629	2381	1532	849	31097	1532	2556588	205654	198650	419814	2226	1348	1170894	43386	48366	50596	38428	44720
13824	26	0	340541	84748	81252	65603	110886	0	0	0	0	0	339658	422488	883	1	78	805	75	77	3	1	0	2	0	78	3	78	0	0	0	78	0	2897368	206538	198728	433644	2226	1348	1345924	301	96805	107119	80280	116063
58272	2515	2422	151682	42449	39122	30498	41950	0	0	0	0	0	118437	257894	33245	1000	32711	534	30835	31711	1876	1000	328	1204	208	32711	2204	32711	2428	1555	873	31156	1555	3049253	239783	231439	491922	558	2903	1400307	43483	48702	51056	38086	44981
11661	25	0	288870	72247	69271	55459	93526	0	0	0	0	0	288083	358571	787	1	64	723	57	63	7	1	0	6	0	64	7	64	0	0	0	64	0	3338376	240571	231503	503587	558	2903	1548347	300	82547	91150	67853	97925
57425	2514	2345	150645	42222	38001	30580	42123	0	0	0	0	0	118003	255640	32642	1008	32156	486	30254	31148	1902	1008	315	1209	195	32156	2217	32156	2357	1560	797	30596	1560	3489253	273213	263659	561020	2915	367	1602718	42477	48061	49897	38169	45105
13654	25	0	339560	84490	81016	65497	110461	0	0	0	0	0	338681	421792	879	1	80	799	79	80	1	0	0	1	0	80	1	80	0	0	0	80	0	3829067	274093	263739	574683	2915	367	1777759	368	96545	106403	79842	115652
57324	2485	2420	150867	42127	38696	30418	41923	0	0	0	0	0	118365	255947	32502	1036	32025	477	30147	30990	1878	1035	331	1174	218	32025	2209	32025	2431	1591	840	30434	1591	3980192	306595	295764	632013	1250	1958	1832132	42584	48222	50659	37995	44966
11633	23	0	287776	71740	68854	55522	93370	0	0	0	0	0	287025	357086	751	0	49	702	47	49	2	0	0	2	0	49	2	49	0	0	0	49	0	4268199	307346	295813	643652	1250	1958	1980182	245	81994	90643	68001	97737
58968	2621	2409	152129	42267	38986	31080	42132	0	0	0	0	0	118543	259729	33586	1085	33136	450	31167	32055	1969	1081	344	1232	201	33136	2313	33136	2419	1591	828	31545	1591	4420570	340934	328949	702632	3669	3549	2034554	43882	48439	50966	38690	45174
13721	34	0	341170	85250	80821	65673	111425	0	0	0	0	0	340264	423888	906	4	52	854	46	48	6	4	2	4	0	52	8	52	0	0	0	52	0	4761983	341840	329001	716360	3669	3549	2209595	292	97239	106543	80159	116565
58073	2560	2446	151408	42353	38701	30532	42038	0	0	0	0	0	118177	257425	33231	1067	32741	490	30828	31674	1913	1067	344	1190	235	32741	2257	32741	2458	1606	852	31135	1606	4913610	375072	361742	774443	2031	1059	2263967	43288	48326	50746	38116	45004
11731	24	0	288824	72288	68869	55505	93855	0	0	0	0	0	288067	358787	757	2	51	706	49	49	2	2	1	1	1	51	3	51	0	0	0	51	0	5202685	375829	361793	786186	2031	1059	2412006	261	82424	90618	67863	98287
61163	2668	2506	153795	43404	39563	31048	42223	0	0	0	0	0	118764	264799	35031	1090	34504	527	32490	33416	2014	1088	368	1294	246	34504	2382	34504	2519	1656	863	32848	1656	5356735	410860	396297	847360	454	2715	2466390	45750	49582	51718	38879	45405
13711	25	0	340509	85149	81478	65599	110240	0	0	0	0	0	339637	422663	872	1	56	816	51	55	5	1	0	4	0	56	5	56	0	0	0	56	0	5697498	411732	396353	861086	454	2715	2641418	281	97298	107364	80112	115588
59583	2613	2544	152359	42936	39041	30687	42105	0	0	0	0	0	118486	260625	33873	1057	33379	494	31429	32322	1950	1057	331	1224	223	33379	2281	33379	2553	1686	867	31693	1686	5850067	445605	429732	920678	3007	305	2695803	44337	49136	51087	38487	45092
11567	26	0	287582	71903	68777	55468	93079	0	0	0	0	0	286776	357045	806	1	51	755	45	50	6	1	1	6	0	51	7	51	0	0	0	51	0	6137887	446412	429783	932255	3007	305	2843841	254	82148	90745	67668	97481
60096	2581	2496	152516	42974	39097	30946	41851	0	0	0	0	0	118316	261250	34200	1032	33740	460	31823	32710	1917	1030	345	1232	195	33740	2262	33740	2503	1642	861	32098	1642	6290626	480613	463523	992363	1414	1947	2898214	44737	49165	51158	38569	44836
14173	21	0	340232	84946	81236	65104	110958	0	0	0	0	0	339333	422348	899	2	74	825	68	72	6	2	0	4	0	74	6	74	0	0	0	74	0	6631082	481512	463597	1006545	1414	1947	3073253	340	96878	106723	79834	116116
57861	2409	2411	150967	42548	38405	30429	41891	0	0	0	0	0	117914	256389	33053	1023	32564	489	30752	31542	1812	1022	320	1110	199	32564	2132	32564	2421	1576	845	30988	1576	6782283	514566	496161	1064418	3835	3523	3127627	43006	48524	50409	37893	44937
11851	16	0	288867	72420	68903	55449	93739	0	0	0	0	0	288072	358955	795	1	51	744	50	50	1	1	0	0	0	51	1	51	0	0	0	51	0	7071374	515361	496212	1076280	3835	3523	3275678	261	82691	90768	67612	98105
60520	2579	2448	153131	43107	39607	30954	41869	0	0	0	0	0	118642	262615	34489	1112	33995	493	32039	32884	1956	1111	368	1213	227	33995	2324	33995	2456	1649	807	32346	1649	7224758	549850	530207	1136814	2195	1076	3330050	44970	49273	51656	38709	44866
13947	17	0	340239	84682	80867	65959	110843	0	0	0	0	0	339310	422553	929	1	57	872	55	56	2	1	1	2	0	57	3	57	0	0	0	57	0	7565234	550779	530264	1150767	2195	1076	3505079	340	96574	106608	80551	116090

processed_m4366_ME21_HV0_test40_SRCoff_170711_112803_TMBCounters.txt																																													
alct0 valid pattern flag received	alct1 valid pattern flag received	raw hits readout   	Pretrigger   	Pretrigger on CFEB0	Pretrigger on CFEB1	Pretrigger on CFEB2	Pretrigger on CFEB3	Pretrigger on CFEB4	Pretrigger on CFEB5	Pretrigger on CFEB6	Pretrigger on ME1A CFEB 4-6 only	Pretrigger on ME1B CFEBs 0-3 only	Discarded, CLCT0 invalid pattern after drift	BX pretrig waiting for triads to dissipate	clct0 sent to TMB matching section	clct1 sent to TMB matching section	TMB accepted alct	TMB match reject event  	Matching found one ALCT	Matching found one CLCT	Matching found two ALCTs	Matching found two CLCTs	ALCT0 copied into ALCT1 to make 2nd LCT	CLCT0 copied into CLCT1 to make 2nd LCT	LCT1 has higher quality than LCT0 	Transmitted LCT0 to MPC	Transmitted LCT1 to MPC	MPC rejected both LCT0 and LCT1	L1A received   	L1A received, TMB in L1A window	L1A received, no TMB in window	TMB triggered, no L1A in window	TMB readouts completed	Pretrigger counter   	CLCT counter   	TMB trigger counter	ALCTs received counter	L1As received counter 	Readout counter 	Orbit counter	CLCT pre-trigger and ALCT coincidence counter	CFEB0 active flag sent to DMB for readout	CFEB1 active flag sent to DMB for readout	CFEB2 active flag sent to DMB for readout	CFEB3 active flag sent to DMB for readout
59298	2613	2379	164859	46153	41737	33177	46756	0	0	0	0	0	120788	294308	44071	1707	43516	555	41272	41813	2244	1703	557	1098	368	43516	2801	43516	2390	2140	250	41376	2140	273344	44400	43547	63766	2390	2140	104813	42850	52450	54601	41415	50017
13349	27	0	316105	78803	74521	59778	104798	0	0	0	0	0	315194	393061	911	4	74	837	68	70	6	4	1	3	2	74	7	74	0	0	0	74	0	589715	45312	43621	77121	2390	2140	252863	285	89559	98060	73040	109472
60011	2709	2449	164682	46356	41471	33099	46692	0	0	0	0	0	120110	295126	44572	1701	44014	558	41700	42314	2314	1700	555	1169	384	44014	2869	44014	2453	2262	191	41752	2262	754645	89885	87635	137138	747	306	307236	43079	52806	54446	41253	49991
15899	30	0	374950	93572	88223	71316	123992	0	0	0	0	0	373837	466529	1113	4	92	1021	87	89	5	3	1	3	1	92	6	92	0	0	0	92	0	1129857	90999	87727	153049	747	306	482277	334	106519	116225	86912	129600
58960	2624	2322	164270	46285	41693	33017	46228	0	0	0	0	0	120394	293491	43876	1708	43307	569	41102	41600	2205	1707	598	1096	365	43307	2803	43307	2336	2121	215	41186	2121	1294387	134875	131034	212022	3083	2427	536648	42729	52581	54510	41243	49349
13178	32	0	316137	78239	74523	60462	104692	0	0	0	0	0	315217	393308	920	3	70	850	64	67	6	3	1	4	2	70	7	70	0	0	0	70	0	1610777	135796	131104	225208	3083	2427	684687	350	89102	97899	73667	109531
60259	2735	2530	165314	46600	41661	33423	46606	0	0	0	0	0	120536	296322	44778	1697	44266	512	41958	42572	2308	1694	579	1193	372	44266	2887	44266	2540	2323	217	41943	2323	1776346	180576	175371	285480	1527	654	739071	43464	53061	54701	41488	49782
15729	31	0	373488	92995	88279	71199	123126	0	0	0	0	0	372377	464237	1111	1	80	1031	76	79	4	1	0	3	0	80	4	80	0	0	0	80	0	2150112	181687	175451	301219	1527	654	914099	370	105865	116120	86932	128576
61868	2867	2520	166839	47223	42241	33491	46978	0	0	0	0	0	120859	300814	45980	1817	45473	507	43004	43656	2469	1817	601	1253	373	45473	3070	45473	2534	2326	208	43147	2326	2317192	227667	220924	363097	4061	2980	968474	44659	53729	55083	41770	50203
13315	36	0	316965	79704	74182	60113	104773	0	0	0	0	0	316019	394699	946	2	80	866	73	79	7	1	0	6	0	80	7	80	0	0	0	80	0	2634405	228613	221004	376419	4061	2980	1116524	319	90509	97553	73434	109511
60387	2734	2487	165660	46691	41718	33628	46732	0	0	0	0	0	120505	297367	45155	1727	44605	550	42276	42879	2329	1726	592	1195	369	44605	2921	44605	2499	2290	209	42315	2290	2800340	273768	265609	436815	2464	1174	1170895	43563	52975	54796	41839	50016
15625	32	0	373904	92999	87642	71247	124201	0	0	0	0	0	372827	464643	1077	3	78	999	73	75	5	3	0	2	1	78	5	78	0	0	0	78	0	3174480	274845	265687	452447	2464	1174	1345936	357	105835	115647	86874	129858
58948	2751	2313	163994	46189	41402	32918	46476	0	0	0	0	0	120309	292956	43685	1739	43147	538	40788	41410	2359	1737	576	1198	340	43147	2935	43147	2322	2113	209	41034	2113	3338732	318531	308834	511407	690	3287	1400308	42371	52622	54303	41103	49743
13501	26	0	316355	78797	74487	60300	104594	0	0	0	0	0	315467	393493	888	1	74	814	70	73	4	1	0	3	0	74	4	74	0	0	0	74	0	3655326	319420	308908	524917	690	3287	1548359	308	89622	98079	73530	109308
59701	2665	2361	164722	46532	41487	33327	46342	0	0	0	0	0	120293	294730	44429	1701	43873	556	41596	42175	2277	1698	573	1152	350	43873	2850	43873	2366	2162	204	41711	2162	3820292	363849	352781	584631	3056	1353	1602732	43144	53040	54376	41418	49603
15637	30	0	373925	92911	87643	71772	123735	0	0	0	0	0	372894	465297	1031	7	89	942	80	83	9	6	1	4	2	89	10	89	0	0	0	89	0	4194456	364883	352871	600279	3056	1353	1777760	324	105439	115234	87426	129506
58710	2627	2377	164415	46184	41303	33003	46915	0	0	0	0	0	120800	292972	43615	1665	43009	606	40755	41346	2254	1663	533	1124	358	43009	2787	43009	2382	2197	185	40812	2197	4359145	408499	395880	658998	1342	3550	1832144	42307	52479	54120	41068	50110
13190	23	0	316600	79031	74489	59955	104914	0	0	0	0	0	315649	393526	951	5	91	860	87	87	4	4	1	1	1	91	5	91	0	0	0	91	0	4676008	409451	395971	672193	1342	3550	1980183	326	89917	97847	73299	109605
60075	2696	2360	164339	46470	41661	32892	46354	0	0	0	0	0	119695	294833	44644	1673	44055	589	41792	42383	2263	1672	567	1158	370	44055	2830	44055	2370	2160	210	41895	2160	4840584	454095	440026	732278	3712	1614	2034567	43344	52883	54660	41103	49515
15705	28	0	375165	93723	87715	71248	124645	0	0	0	0	0	374082	466550	1083	1	98	985	92	97	6	1	0	5	1	98	6	98	0	0	0	98	0	5215999	455178	440124	747992	3712	1614	2209595	344	106504	115619	87013	130195
59356	2603	2288	163962	45834	41654	32938	46459	0	0	0	0	0	119907	292985	44055	1638	43499	555	41259	41861	2240	1638	560	1162	351	43499	2800	43499	2302	2099	203	41400	2099	5380215	499233	483623	807354	1918	3713	2263968	42796	52227	54543	41327	49651
13410	32	0	317097	79435	74409	59955	105097	0	0	0	0	0	316208	394272	889	5	76	813	71	72	5	4	1	2	3	76	6	76	0	0	0	76	0	5697570	500123	483699	820779	1918	3713	2412018	312	90280	97944	73296	109956
57361	2579	2354	162537	45537	41228	32521	46099	0	0	0	0	0	119966	288604	42571	1591	42033	538	39838	40446	2195	1587	503	1111	331	42033	2698	42033	2360	2153	207	39880	2153	5860368	542696	525732	878152	182	1770	2466391	41242	51887	53930	40625	49232
15891	29	0	373892	93115	87826	71193	123963	0	0	0	0	0	372785	464909	1107	3	96	1011	92	94	4	2	1	3	1	96	5	96	0	0	0	96	0	6234497	543804	525828	894054	182	1770	2641420	352	105897	115881	86929	129458
58481	2621	2388	163555	45912	41507	32544	46455	0	0	0	0	0	120061	291864	43494	1641	42918	576	40671	41281	2247	1637	517	1127	337	42918	2764	42918	2399	2215	184	40703	2215	6398319	587298	568746	952547	2581	3985	2695804	42114	52381	54332	40604	49598
13341	34	0	317131	79532	74394	60215	104735	0	0	0	0	0	316147	394596	984	2	96	888	92	94	4	2	0	2	0	96	4	96	0	0	0	96	0	6715685	588282	568842	965898	2581	3985	2843843	315	90486	98236	73253	109462
21779	844	726	130955	34337	31878	25175	40952	0	0	0	0	0	116983	190552	13972	545	13605	367	12901	13060	704	545	186	345	102	13605	890	13605	728	670	58	12935	670	6846906	602255	582447	987687	3309	559	2898227	13385	39262	41769	31106	43115
15711	19	0	374967	93882	87704	71006	124479	0	0	0	0	0	373895	466296	1072	2	99	973	95	97	4	2	0	2	0	99	4	99	0	0	0	99	0	7222125	603327	582546	1003413	3309	559	3073256	348	106626	115531	86613	130094
22295	833	755	131933	34318	32003	25689	41331	0	0	0	0	0	117626	192398	14307	515	13896	411	13201	13381	695	515	171	351	89	13896	866	13896	759	702	57	13194	702	7354320	617636	596442	1025723	4068	1261	3127628	13839	39156	41981	31730	43519
13460	28	0	316651	78748	74221	60295	105188	0	0	0	0	0	315787	393509	864	2	69	795	66	67	3	2	1	2	0	69	4	69	0	0	0	69	0	7671243	618500	596511	1039195	4068	1261	3275677	296	89479	97640	73438	110054
4936	7	0	116073	28831	27351	22119	38432	0	0	0	0	0	115733	144314	340	0	26	314	26	26	0	0	0	0	0	26	0	26	0	0	0	26	0	7787566	618841	596537	1044136	4068	1261	3330051	100	32781	35912	27071	40226
15772	23	0	374532	92745	88177	71593	124157	0	0	0	0	0	373455	465832	1077	1	80	997	77	79	3	1	0	2	0	80	3	80	0	0	0	80	0	8162344	619919	596617	1059917	4068	1261	3505081	374	105650	115982	87150	129810
25036	975	873	134044	35196	32596	26147	41658	0	0	0	0	0	117529	199926	16515	634	16105	410	15289	15473	816	632	215	399	129	16105	1031	16105	877	816	61	15289	816	8296645	636437	612722	1084965	849	2077	3559463	15864	39998	42797	32275	43922
13522	29	0	316849	78710	74357	60074	105517	0	0	0	0	0	315892	393942	957	6	84	873	74	78	10	6	1	5	1	84	11	84	0	0	0	84	0	8613732	637395	612806	1098497	849	2077	3707514	293	89698	97781	73037	110240
22271	846	769	131667	34411	31738	25721	41214	0	0	0	0	0	117404	191997	14263	529	13887	376	13176	13360	711	527	159	343	115	13887	870	13887	771	707	64	13180	707	8745679	651659	626694	1120786	1620	2784	3761886	13727	39175	41752	31623	43445
15541	25	0	374267	93222	87646	71151	124465	0	0	0	0	0	373187	465993	1080	1	84	996	81	83	3	1	0	2	0	84	3	84	0	0	0	84	0	9120183	652740	626778	1136335	1620	2784	3936913	335	105943	115453	86782	130089
4829	13	0	116231	29195	27183	21938	38549	0	0	0	0	0	115878	144595	353	1	28	325	25	27	3	1	0	2	0	28	3	28	0	0	0	28	0	9236670	653093	626806	1141167	1620	2784	3991298	128	33102	35676	26782	40265
13219	22	0	316572	79131	74367	59904	104961	0	0	0	0	0	315721	393180	851	2	70	781	65	68	5	2	0	3	0	70	5	70	0	0	0	70	0	9553497	653945	626876	1154392	1620	2784	4139337	325	90009	98121	73154	109576
4981	5	0	116593	28964	26993	22358	38918	0	0	0	0	0	116242	145320	351	1	24	327	23	23	1	1	0	0	0	24	1	24	0	0	0	24	0	9670367	654296	626900	1159388	1620	2784	4193710	121	32836	35756	27203	40643
15645	25	0	374056	93431	88113	70856	123825	0	0	0	0	0	372986	465713	1070	3	110	960	107	107	3	3	2	2	0	110	5	110	0	0	0	110	0	10044661	655368	627010	1175045	1620	2784	4368750	355	106234	116042	86453	129313
4935	14	0	116546	29344	27315	22167	38374	0	0	0	0	0	116217	145052	329	1	26	303	22	25	4	1	0	3	1	26	4	26	0	0	0	26	0	10161483	655699	627036	1179995	1620	2784	4423123	106	33407	36192	26926	40129
13512	24	0	317165	78896	74573	60330	105218	0	0	0	0	0	316295	394103	870	4	68	802	64	64	4	4	2	2	0	68	6	68	0	0	0	68	0	10478897	656569	627104	1193519	1620	2784	4571173	311	89691	97918	73616	109983
57397	2474	2353	162398	45773	41099	32688	45655	0	0	0	0	0	119829	288354	42569	1581	41983	586	39881	40404	2102	1579	531	1054	326	41983	2633	41983	2358	2157	201	39826	2157	10641561	699138	669087	1250922	3978	845	4625545	41305	52143	53880	40771	48705
15846	17	0	374835	93149	88632	71107	124052	0	0	0	0	0	373789	465933	1046	3	91	955	88	88	3	3	3	3	0	91	6	91	0	0	0	91	0	11016631	700185	669178	1266777	3978	845	4800574	372	106219	116452	86975	129594
59349	2693	2430	165087	46454	41925	32860	46829	0	0	0	0	0	120908	295070	44180	1713	43624	556	41317	41913	2307	1711	579	1175	377	43624	2886	43624	2434	2242	192	41382	2242	11181993	744367	712802	1326136	2316	3087	4854959	43011	52839	54654	41143	50117
13627	26	0	317211	78946	74739	60146	105166	0	0	0	0	0	316334	394692	877	2	72	805	69	70	3	2	1	2	1	72	4	72	0	0	0	72	0	11499468	745245	712874	1339777	2316	3087	5003008	303	89823	98384	73315	109900

processed_m4368_ME21_HV0_test40_SRCoff_170711_124344_TMBCounters.txt																																													
alct0 valid pattern flag received	alct1 valid pattern flag received	raw hits readout   	Pretrigger   	Pretrigger on CFEB0	Pretrigger on CFEB1	Pretrigger on CFEB2	Pretrigger on CFEB3	Pretrigger on CFEB4	Pretrigger on CFEB5	Pretrigger on CFEB6	Pretrigger on ME1A CFEB 4-6 only	Pretrigger on ME1B CFEBs 0-3 only	Discarded, CLCT0 invalid pattern after drift	BX pretrig waiting for triads to dissipate	clct0 sent to TMB matching section	clct1 sent to TMB matching section	TMB accepted alct	TMB match reject event  	Matching found one ALCT	Matching found one CLCT	Matching found two ALCTs	Matching found two CLCTs	ALCT0 copied into ALCT1 to make 2nd LCT	CLCT0 copied into CLCT1 to make 2nd LCT	LCT1 has higher quality than LCT0 	Transmitted LCT0 to MPC	Transmitted LCT1 to MPC	MPC rejected both LCT0 and LCT1	L1A received   	L1A received, TMB in L1A window	L1A received, no TMB in window	TMB triggered, no L1A in window	TMB readouts completed	Pretrigger counter   	CLCT counter   	TMB trigger counter	ALCTs received counter	L1As received counter 	Readout counter 	Orbit counter	CLCT pre-trigger and ALCT coincidence counter	CFEB0 active flag sent to DMB for readout	CFEB1 active flag sent to DMB for readout	CFEB2 active flag sent to DMB for readout	CFEB3 active flag sent to DMB for readout
42066	1184	1705	78637	19956	20116	15766	23490	0	0	0	0	0	75557	106358	3080	105	2874	206	2501	2769	373	105	19	287	22	2874	392	2874	2278	127	2151	2747	127	139415	3224	2879	44691	2278	127	104802	10387	23177	26258	19523	25051
7893	13	0	178651	43479	43742	34943	57552	0	0	0	0	0	178248	221497	403	0	6	397	6	6	0	0	0	0	0	6	0	6	0	0	0	6	0	318199	3627	2885	52592	2278	127	252852	106	50221	57561	43088	60604
43647	1274	1918	78663	19927	20096	15786	23538	0	0	0	0	0	75568	106632	3095	96	2887	208	2461	2791	426	96	18	348	22	2887	444	2887	2510	128	2382	2759	128	396980	6722	5772	96249	692	255	307224	10747	23166	26310	19538	25084
9379	15	0	211632	50997	51892	41444	68539	0	0	0	0	0	211192	261984	440	0	2	438	2	2	0	0	0	0	0	2	0	2	0	0	0	2	0	608754	7162	5774	105630	692	255	482253	131	59013	67994	51044	72083
42595	1197	1710	79253	20056	20195	15902	23767	0	0	0	0	0	76145	107408	3108	101	2893	215	2517	2792	376	101	17	292	25	2893	393	2893	2306	109	2197	2784	109	688144	10270	8667	148234	2998	364	536638	10675	23392	26439	19595	25304
8032	9	0	179000	43538	43676	35021	57815	0	0	0	0	0	178654	221529	346	0	5	341	5	5	0	0	0	0	0	5	0	5	0	0	0	5	0	867309	10616	8672	156271	2998	364	684676	104	50231	57500	43205	60786
43716	1255	1801	79281	20007	20555	16077	23362	0	0	0	0	0	76161	107026	3120	106	2890	230	2514	2784	376	106	29	299	27	2890	405	2890	2430	130	2300	2760	130	946720	13736	11562	199995	1332	494	739049	10850	23331	26648	19910	24948
9260	18	0	211434	51173	51907	41418	68177	0	0	0	0	0	211009	261804	425	0	6	419	5	6	1	0	0	1	0	6	1	6	0	0	0	6	0	1158278	14161	11568	209262	1332	494	914088	132	59284	68066	50944	71750
42843	1237	1791	79075	19956	20344	15925	23554	0	0	0	0	0	75911	106983	3164	118	2938	226	2564	2820	374	118	36	292	23	2938	410	2938	2380	119	2261	2819	119	1237501	17325	14506	252116	3712	613	968462	10711	23181	26490	19804	25134
7927	11	0	177858	42940	43717	34839	57442	0	0	0	0	0	177518	219681	340	1	8	332	6	7	2	1	0	1	0	8	2	8	0	0	0	8	0	1415493	17667	14514	260051	3712	613	1116511	121	49664	57199	42816	60445
43857	1279	1890	79041	20145	20336	15937	23345	0	0	0	0	0	75862	107452	3179	109	2925	254	2522	2816	403	109	18	312	21	2925	421	2925	2455	132	2323	2793	132	1494684	20847	17439	303916	2071	745	1170885	10941	23350	26577	19680	24963
9440	16	0	211546	51610	51970	41005	68229	0	0	0	0	0	211095	261552	451	0	6	445	6	6	0	0	0	0	0	6	0	6	0	0	0	6	0	1706354	21298	17445	313357	2071	745	1345924	135	59675	68157	50604	71752
43819	1251	1868	79071	20129	20407	15920	23312	0	0	0	0	0	75962	106988	3109	107	2898	211	2519	2792	379	106	21	294	23	2898	400	2898	2468	111	2357	2787	111	1785573	24407	20343	357180	443	856	1400297	10851	23413	26653	19680	24870
7788	10	0	178245	43050	43992	35201	57050	0	0	0	0	0	177896	220341	349	0	4	345	4	4	0	0	0	0	0	4	0	4	0	0	0	4	0	1963957	24757	20347	364972	443	856	1548335	112	49815	57740	43232	60086
44025	1300	1902	79297	20243	20487	15913	23354	0	0	0	0	0	76098	107584	3199	108	2986	213	2578	2878	408	108	24	324	25	2986	432	2986	2536	126	2410	2860	126	2043393	27956	23333	409003	2979	982	1602720	11025	23546	26760	19718	24909
9448	8	0	211630	51239	51698	41505	68445	0	0	0	0	0	211167	262055	463	0	6	457	6	6	0	0	0	0	0	6	0	6	0	0	0	6	0	2255176	28419	23339	418458	2979	982	1777748	126	59162	67784	50990	71959
42668	1203	1730	78512	19972	20096	15815	23322	0	0	0	0	0	75374	106483	3138	94	2922	216	2552	2828	370	94	21	297	16	2922	391	2922	2324	135	2189	2787	135	2333839	31557	26261	461133	1207	1117	1832121	10628	23122	26300	19608	24922
7888	8	0	178183	43431	43338	34846	57631	0	0	0	0	0	177809	220590	374	0	9	365	7	9	2	0	0	2	0	9	2	9	0	0	0	9	0	2512173	31931	26270	469027	1207	1117	1980171	123	50167	57082	42847	60550
42269	1245	1833	79011	20305	20283	15930	23178	0	0	0	0	0	76002	107065	3009	97	2803	206	2436	2706	367	97	15	285	17	2803	382	2803	2425	148	2277	2655	148	2591323	34940	29073	511304	3632	1265	2034545	10561	23606	26571	19695	24654
9149	12	0	211589	51395	51984	41097	68324	0	0	0	0	0	211142	262191	447	0	9	438	7	9	2	0	0	2	0	9	2	9	0	0	0	9	0	2803049	35388	29082	520462	3632	1265	2209663	126	59547	68109	50737	71837
43531	1295	1805	78479	19954	20117	15876	23278	0	0	0	0	0	75317	106584	3162	102	2951	211	2547	2849	404	102	20	322	22	2951	424	2951	2390	128	2262	2823	128	2881653	38551	32033	564001	1926	1393	2263956	10870	23169	26266	19650	24806
7933	7	0	178806	43455	43548	35086	57771	0	0	0	0	0	178448	221396	358	0	5	353	4	5	1	0	0	1	0	5	1	5	0	0	0	5	0	3060599	38909	32038	571942	1926	1393	2411996	118	50156	57248	43311	60764
42513	1201	1874	78461	20056	20158	15737	23184	0	0	0	0	0	75429	106270	3032	76	2801	231	2440	2725	361	76	16	301	16	2801	377	2801	2441	139	2302	2662	139	3139199	41941	34839	614461	271	1532	2466379	10449	23179	26232	19516	24693
9191	12	0	210817	51264	51593	41428	67752	0	0	0	0	0	210380	260850	437	0	7	430	5	7	2	0	0	2	0	7	2	7	0	0	0	7	0	3350159	42379	34846	623655	271	1532	2641419	121	59257	67568	50889	71345
43084	1235	1839	78868	20216	20246	15692	23416	0	0	0	0	0	75728	106577	3140	102	2911	229	2517	2809	394	102	18	310	23	2911	412	2911	2434	138	2296	2773	138	3429172	45519	37757	666744	2705	1670	2695781	10683	23338	26568	19439	24954
7969	13	0	178787	43215	43826	34754	58029	0	0	0	0	0	178418	221486	369	0	4	365	4	4	0	0	0	0	0	4	0	4	0	0	0	4	0	3608094	45888	37761	674721	2705	1670	2843831	104	50007	57357	42876	60974
42090	1229	1768	78259	19932	20103	15702	23224	0	0	0	0	0	75298	105713	2961	104	2744	217	2355	2640	389	104	18	303	23	2744	407	2744	2357	132	2225	2612	132	3686493	48849	40505	716822	966	1802	2898203	10415	23105	26203	19521	24702
9366	10	0	210986	51279	51872	41192	67898	0	0	0	0	0	210577	261100	409	0	10	399	10	10	0	0	0	0	0	10	0	10	0	0	0	10	0	3897617	49258	40515	726198	966	1802	3073243	159	59362	68018	50800	71417
43755	1219	1786	79175	20362	20377	15895	23241	0	0	0	0	0	76046	107150	3129	100	2926	203	2541	2826	385	100	21	306	16	2926	406	2926	2367	124	2243	2802	124	3976948	52387	43441	769956	3333	1926	3127617	10708	23636	26506	19730	24808
7882	13	0	177715	42923	43885	34739	57245	0	0	0	0	0	177312	219960	403	0	5	398	5	5	0	0	0	0	0	5	0	5	0	0	0	5	0	4154826	52790	43446	777842	3333	1926	3275666	107	49601	57402	42904	60235
41222	1222	1737	78373	19773	20035	15803	23430	0	0	0	0	0	75424	105759	2949	87	2734	215	2369	2647	365	87	18	296	14	2734	383	2734	2285	118	2167	2616	118	4233345	55741	46180	819074	1522	2044	3330040	10107	22983	26124	19505	25032
9505	7	0	211941	51343	51676	41671	68491	0	0	0	0	0	211528	262463	413	0	6	407	6	6	0	0	0	0	0	6	0	6	0	0	0	6	0	4445434	56154	46186	828587	1522	2044	3505067	134	59502	67913	51216	71998
42362	1164	1791	78869	20182	20224	15820	23390	0	0	0	0	0	75832	106752	3037	93	2829	208	2451	2736	378	93	18	303	16	2829	396	2829	2393	117	2276	2712	117	4524453	59192	49015	870955	3915	2161	3559452	10402	23360	26207	19696	24936
7898	12	0	178998	43600	43593	35198	57658	0	0	0	0	0	178644	221644	354	0	4	350	4	4	0	0	0	0	0	4	0	4	0	0	0	4	0	4703589	59547	49019	878862	3915	2161	3707490	114	50314	57288	43344	60751
43064	1251	1822	78290	19993	20212	15572	23176	0	0	0	0	0	75216	105930	3074	93	2877	197	2510	2784	367	93	22	296	21	2877	389	2877	2373	126	2247	2751	126	4782028	62621	51896	921935	2192	2287	3761865	10749	23293	26368	19311	24687
9367	10	0	211637	51040	51649	41914	68262	0	0	0	0	0	211202	261606	435	0	10	425	8	10	2	0	0	2	0	10	2	10	0	0	0	10	0	4993807	63056	51906	931305	2192	2287	3936904	154	59145	67947	51446	71782
43619	1272	1876	78442	19959	20121	15740	23308	0	0	0	0	0	75263	106232	3179	96	2967	212	2574	2871	393	96	22	319	14	2967	415	2967	2461	133	2328	2834	133	5072386	66235	54873	974929	557	2420	3991276	10817	23059	26357	19626	24801
7819	10	0	178528	43334	43444	35276	57563	0	0	0	0	0	178145	220984	383	0	11	372	9	11	2	0	0	2	0	11	2	11	0	0	0	11	0	5251061	66618	54884	982757	557	2420	4139327	123	50142	57204	43373	60524
41490	1206	1737	78385	20099	20055	15671	23239	0	0	0	0	0	75380	105842	3005	98	2767	238	2389	2669	378	98	22	302	20	2767	400	2767	2265	120	2145	2647	120	5329594	69623	57651	1024255	2822	2540	4193699	10252	23322	26200	19506	24736
9435	16	0	211995	51402	51537	41869	68525	0	0	0	0	0	211553	262594	442	0	8	434	8	8	0	0	0	0	0	8	0	8	0	0	0	8	0	5541736	70065	57659	1033692	2822	2540	4368728	141	59345	67847	51291	72129
42105	1198	1765	78517	20023	20150	15833	23180	0	0	0	0	0	75573	106224	2944	84	2730	214	2388	2646	342	84	14	272	19	2730	356	2730	2343	141	2202	2589	141	5620396	73009	60389	1075804	1069	2681	4423111	10489	23257	26310	19573	24676
7913	8	0	178716	43327	43487	35083	57910	0	0	0	0	0	178335	221396	381	0	4	377	4	4	0	0	0	0	0	4	0	4	0	0	0	4	0	5799249	73391	60393	1083725	1069	2681	4571150	91	49965	57154	43101	60884
43503	1260	1798	78734	19998	20138	15937	23365	0	0	0	0	0	75560	106813	3174	114	2961	213	2596	2847	365	114	37	288	19	2961	402	2961	2393	139	2254	2822	139	5878136	76565	63354	1127232	3462	2820	4625526	10751	23185	26401	19755	24932
9412	12	0	211522	51344	51784	41623	68112	0	0	0	0	0	211080	261488	442	1	10	432	9	9	1	1	1	1	0	10	2	10	0	0	0	10	0	6089798	77007	63364	1136655	3462	2820	4800563	128	59340	67966	51184	71707

processed_m4370_ME21_HV0_test40_SRCoff_170711_130157_TMBCounters.txt																																													
alct0 valid pattern flag received	alct1 valid pattern flag received	raw hits readout   	Pretrigger   	Pretrigger on CFEB0	Pretrigger on CFEB1	Pretrigger on CFEB2	Pretrigger on CFEB3	Pretrigger on CFEB4	Pretrigger on CFEB5	Pretrigger on CFEB6	Pretrigger on ME1A CFEB 4-6 only	Pretrigger on ME1B CFEBs 0-3 only	Discarded, CLCT0 invalid pattern after drift	BX pretrig waiting for triads to dissipate	clct0 sent to TMB matching section	clct1 sent to TMB matching section	TMB accepted alct	TMB match reject event  	Matching found one ALCT	Matching found one CLCT	Matching found two ALCTs	Matching found two CLCTs	ALCT0 copied into ALCT1 to make 2nd LCT	CLCT0 copied into CLCT1 to make 2nd LCT	LCT1 has higher quality than LCT0 	Transmitted LCT0 to MPC	Transmitted LCT1 to MPC	MPC rejected both LCT0 and LCT1	L1A received   	L1A received, TMB in L1A window	L1A received, no TMB in window	TMB triggered, no L1A in window	TMB readouts completed	Pretrigger counter   	CLCT counter   	TMB trigger counter	ALCTs received counter	L1As received counter 	Readout counter 	Orbit counter	CLCT pre-trigger and ALCT coincidence counter	CFEB0 active flag sent to DMB for readout	CFEB1 active flag sent to DMB for readout	CFEB2 active flag sent to DMB for readout	CFEB3 active flag sent to DMB for readout
61647	2796	2531	169123	47382	42909	33511	48473	0	0	0	0	0	122100	305040	47023	1840	46401	622	43992	44564	2409	1837	591	1163	386	46401	3000	46401	2539	2385	154	44016	2385	279213	47367	46428	66493	2539	2385	104813	41125	54056	55832	41917	51777
14126	30	0	323140	80611	75514	61125	107761	0	0	0	0	0	322196	401863	944	5	82	862	75	77	7	5	2	4	1	82	9	82	0	0	0	82	0	602609	48311	46510	80630	2539	2385	252862	285	91801	99754	74520	112636
60841	2701	2426	168488	47514	42366	33532	48311	0	0	0	0	0	122144	302946	46344	1823	45760	584	43448	43940	2312	1820	605	1097	378	45760	2917	45760	2433	2278	155	43482	2278	771343	94656	92270	141479	876	567	307247	40663	54041	55495	41850	51569
16450	24	0	381503	94447	88710	71926	128540	0	0	0	0	0	380401	474662	1102	2	99	1003	93	97	6	2	1	5	0	99	7	99	0	0	0	99	0	1153130	95758	92369	157936	876	567	482275	370	107492	116552	87731	134202
61476	2723	2561	168670	47466	42411	33725	48274	0	0	0	0	0	121824	304510	46846	1778	46255	591	43928	44479	2327	1776	580	1131	321	46255	2907	46255	2565	2416	149	43839	2416	1322040	142606	138624	219423	3441	2983	536648	40985	53874	55508	42270	51565
14099	26	0	323324	80333	75316	61542	107973	0	0	0	0	0	322411	402674	913	2	68	845	65	66	3	2	0	1	1	68	3	68	0	0	0	68	0	1645616	143520	138692	233530	3441	2983	684698	284	91220	99107	75080	112827
57830	2620	2411	165178	46207	41651	33063	47366	0	0	0	0	0	121178	294154	44000	1812	43440	560	41183	41634	2257	1806	614	1065	355	43440	2871	43440	2422	2277	145	41163	2277	1811071	187521	182132	291372	1767	1164	739071	38576	52520	54383	41294	50594
16693	28	0	382570	95606	89623	72087	127395	0	0	0	0	0	381444	476093	1126	3	100	1026	98	98	2	2	1	1	0	100	3	100	0	0	0	100	0	2193885	188647	182232	308078	1767	1164	914110	353	108811	118013	88071	133224
58620	2647	2335	166263	46545	41904	33135	47750	0	0	0	0	0	121604	296604	44659	1751	44102	557	41821	42353	2281	1749	582	1114	378	44102	2863	44102	2346	2197	149	41905	2197	2360412	233307	226334	366709	17	3361	968472	38819	52990	54897	41341	50995
13996	18	0	322336	79724	75555	60915	108068	0	0	0	0	0	321426	400889	910	4	73	837	72	70	1	3	2	0	2	73	3	73	0	0	0	73	0	2683039	234217	226407	380717	17	3361	1116510	304	90654	99302	74327	112920
59670	2706	2371	167317	46632	42363	33290	48161	0	0	0	0	0	121903	299329	45414	1762	44835	579	42491	43075	2344	1760	590	1174	346	44835	2934	44835	2381	2237	144	42598	2237	2850630	279631	271242	440400	2398	1502	1170906	39768	53053	55408	41529	51414
16547	38	0	381744	94740	88725	72151	128281	0	0	0	0	0	380663	474529	1081	3	95	986	86	92	9	3	0	6	0	95	9	95	0	0	0	95	0	3232632	280714	271338	456958	2398	1502	1345935	390	107755	116840	87831	134045
59326	2625	2375	166923	46962	41768	33209	48058	0	0	0	0	0	121726	298363	45197	1787	44645	552	42372	42858	2273	1787	623	1109	332	44645	2896	44645	2383	2257	126	42388	2257	3399835	325913	315983	516296	685	3759	1400297	39510	53419	54658	41475	51281
38674	77	0	883141	219107	206091	166574	296321	0	0	0	0	0	880604	1098682	2537	7	242	2295	225	236	17	6	2	13	0	242	19	242	0	0	0	242	0	4283221	328452	316225	554983	685	3759	1804749	817	249143	271193	203308	309511
73768	3334	3025	179438	51163	46108	36461	49529	0	0	0	0	0	122433	338492	57005	2216	56365	640	53520	54153	2845	2212	735	1368	438	56365	3580	56365	3033	2851	182	53514	2851	4462946	385457	372590	628757	3718	2514	1859122	50021	58321	60020	45546	53206
38181	64	0	885179	219812	206914	166530	296917	0	0	0	0	0	882541	1102370	2638	5	190	2448	182	185	8	5	1	4	0	190	9	190	0	0	0	190	0	5348381	388096	372780	666946	3718	2514	2263563	801	249929	272229	203151	309984
75067	3473	3165	181034	51801	46115	36471	50412	0	0	0	0	0	122779	342517	58255	2365	57646	609	54656	55283	2990	2363	829	1456	453	57646	3819	57646	3173	2988	185	54658	2988	5529676	446351	430426	742022	2795	1406	2317946	51033	58955	60241	45785	54073
38066	60	0	883731	219657	205784	167452	295951	0	0	0	0	0	881176	1100208	2555	8	204	2351	197	196	7	8	5	4	2	204	12	204	0	0	0	204	0	6413672	448906	430630	780101	2795	1406	2722389	797	249606	271560	204297	309052
78897	3625	3250	184414	53300	46750	37094	51240	0	0	0	0	0	123192	353256	61222	2446	60535	687	57390	58091	3145	2444	834	1535	544	60535	3979	60535	3262	3075	187	57460	3075	6598332	510130	491165	859014	1961	385	2776761	53743	60590	61290	46527	55011
38221	73	0	884395	219916	206274	166633	296565	0	0	0	0	0	881731	1101216	2664	6	224	2440	214	219	10	5	1	6	4	224	11	224	0	0	0	224	0	7483004	512796	491389	897251	1961	385	3181202	877	250135	271800	203387	309906
82430	3845	3324	186608	53828	48251	37675	50987	0	0	0	0	0	122344	361714	64264	2508	63599	665	60287	61095	3312	2504	819	1627	527	63599	4131	63599	3335	3151	184	60448	3151	7669886	577061	554988	979690	1200	3536	3235586	56388	61547	62801	47367	54928
38723	64	0	882214	218601	206049	166394	296245	0	0	0	0	0	879594	1097781	2620	5	231	2389	218	227	13	4	1	10	2	231	14	231	0	0	0	231	0	8552352	579683	555219	1018425	1200	3536	3640027	880	248700	271189	202792	309310
89253	4127	3845	193759	56417	49685	39484	52561	0	0	0	0	0	123913	381842	69846	2819	69066	780	65507	66252	3559	2814	971	1716	606	69066	4530	69066	3873	3638	235	65428	3638	8746376	649530	624285	1107686	977	3078	3694400	61248	64278	64901	49516	56730
38345	62	0	884448	219700	205859	167172	296713	0	0	0	0	0	881836	1101036	2612	9	224	2388	209	215	15	9	1	7	2	224	16	224	0	0	0	224	0	9631112	652144	624509	1146042	977	3078	4098853	793	249569	271180	203702	310048
87584	4048	3679	191403	55625	49441	38591	51998	0	0	0	0	0	123287	376044	68117	2678	67400	717	63904	64727	3496	2673	894	1717	523	67400	4390	67400	3687	3483	204	63917	3483	9822793	720262	691909	1233644	568	2465	4153226	59634	63360	64518	48531	55936
38578	62	0	882975	219220	205970	166204	296710	0	0	0	0	0	880399	1098694	2576	7	225	2351	215	218	10	7	5	8	2	225	15	225	0	0	0	225	0	10706031	722838	692134	1272230	568	2465	4557666	824	249577	271081	202607	310036
53802	2386	2137	161543	44819	40192	31920	47344	0	0	0	0	0	121113	282414	40430	1549	39884	546	37835	38337	2049	1547	497	999	304	39884	2546	39884	2143	2010	133	37874	2010	10867840	763269	732019	1326045	2711	379	4612051	35413	51139	52595	39851	50459
38475	68	0	884673	219825	206313	167277	296361	0	0	0	0	0	882079	1101637	2594	6	187	2407	181	182	6	5	4	5	3	187	10	187	0	0	0	187	0	11752778	765864	732206	1364527	2711	379	5016492	840	250046	272255	204173	309703

processed_m4372_ME21_HV0_test40_SRCoff_170711_135628_TMBCounters.txt																																													
alct0 valid pattern flag received	alct1 valid pattern flag received	raw hits readout   	Pretrigger   	Pretrigger on CFEB0	Pretrigger on CFEB1	Pretrigger on CFEB2	Pretrigger on CFEB3	Pretrigger on CFEB4	Pretrigger on CFEB5	Pretrigger on CFEB6	Pretrigger on ME1A CFEB 4-6 only	Pretrigger on ME1B CFEBs 0-3 only	Discarded, CLCT0 invalid pattern after drift	BX pretrig waiting for triads to dissipate	clct0 sent to TMB matching section	clct1 sent to TMB matching section	TMB accepted alct	TMB match reject event  	Matching found one ALCT	Matching found one CLCT	Matching found two ALCTs	Matching found two CLCTs	ALCT0 copied into ALCT1 to make 2nd LCT	CLCT0 copied into CLCT1 to make 2nd LCT	LCT1 has higher quality than LCT0 	Transmitted LCT0 to MPC	Transmitted LCT1 to MPC	MPC rejected both LCT0 and LCT1	L1A received   	L1A received, TMB in L1A window	L1A received, no TMB in window	TMB triggered, no L1A in window	TMB readouts completed	Pretrigger counter   	CLCT counter   	TMB trigger counter	ALCTs received counter	L1As received counter 	Readout counter 	Orbit counter	CLCT pre-trigger and ALCT coincidence counter	CFEB0 active flag sent to DMB for readout	CFEB1 active flag sent to DMB for readout	CFEB2 active flag sent to DMB for readout	CFEB3 active flag sent to DMB for readout
9641	185	185	124667	31350	29169	23408	41584	0	0	0	0	0	120890	162175	3777	130	3414	363	3256	3285	158	129	42	71	26	3414	200	3414	185	180	5	3234	180	236940	4121	3447	14733	185	180	104801	2859	35651	38451	28621	43527
40889	78	0	899423	221909	209028	168714	304948	0	0	0	0	0	896733	1120096	2690	9	246	2444	235	238	11	8	3	6	2	246	14	246	0	0	0	246	0	1136638	6813	3693	55635	185	180	509253	851	252362	274818	205708	318395
9056	187	181	124441	31167	29254	23413	41473	0	0	0	0	0	120949	161185	3492	127	3125	367	2965	2998	160	127	38	71	34	3125	198	3125	181	174	7	2951	174	1261339	10308	6818	64702	366	354	563627	2607	35488	38398	28562	43451
40571	69	0	898759	222516	208205	169128	304056	0	0	0	0	0	896091	1118722	2668	3	202	2466	197	200	5	2	0	3	0	202	5	202	0	0	0	202	0	2160349	12977	7020	105291	366	354	968067	778	253032	274902	206151	317617
9291	182	178	123757	30934	28948	23359	41376	0	0	0	0	0	120141	160794	3616	103	3266	350	3115	3163	151	103	35	83	23	3266	186	3266	178	172	6	3094	172	2284385	16593	10286	114590	544	526	1022440	2705	35167	38108	28524	43222
41096	102	0	900157	223007	208546	168417	305306	0	0	0	0	0	897503	1121195	2654	2	214	2440	196	212	18	2	0	16	0	214	18	214	0	0	0	214	0	3184813	19247	10500	155701	544	526	1426892	833	253553	274909	205304	318630
51803	2281	2029	161551	44190	40252	32012	48004	0	0	0	0	0	122646	279187	38905	1621	38393	512	36423	36774	1970	1619	543	894	333	38393	2513	38393	2037	1933	104	36460	1933	3346660	58152	48893	207521	2581	2459	1481266	30460	50341	52719	39920	51002
40780	76	0	900475	222601	208006	170046	304992	0	0	0	0	0	897859	1120963	2616	2	223	2393	211	222	12	1	1	12	1	223	13	223	0	0	0	223	0	4247397	60769	49117	248312	2581	2459	1885707	833	252871	274855	207012	318603
53839	2460	2093	163969	45232	41271	32444	48038	0	0	0	0	0	123055	286163	40914	1670	40366	548	38244	38698	2122	1668	524	978	337	40366	2646	40366	2102	2006	96	38360	2006	4411598	101684	89483	302166	587	369	1940090	31928	51522	53978	40369	51258
40691	70	0	900046	222192	208290	168802	305944	0	0	0	0	0	897440	1120516	2606	10	247	2359	238	238	9	9	5	5	2	247	14	247	0	0	0	247	0	5311924	104290	89730	342864	587	369	2344532	819	252834	274895	205728	319366
52061	2279	2049	162099	44660	40410	32088	47677	0	0	0	0	0	122754	280274	39345	1504	38830	515	36857	37328	1973	1502	489	960	266	38830	2462	38830	2055	1977	78	36853	1977	5474293	143636	128560	394931	2642	2346	2398905	30791	50773	52952	40091	50873
40896	69	0	899966	221744	208572	169415	305364	0	0	0	0	0	897382	1120487	2584	4	208	2376	199	204	9	4	2	7	1	208	11	208	0	0	0	208	0	6374516	146221	128769	435847	2642	2346	2803346	806	251925	275216	206298	318807
50560	2245	1936	161483	44576	40083	31769	47800	0	0	0	0	0	123414	276861	38069	1524	37533	536	35577	36010	1956	1523	523	956	319	37533	2479	37533	1940	1847	93	35686	1847	6536287	184290	166302	486424	486	97	2857729	29812	50769	52570	39432	50956
40845	68	0	900712	222171	208275	168866	306575	0	0	0	0	0	897998	1121744	2714	3	209	2505	202	207	7	2	2	7	2	209	9	209	0	0	0	209	0	7437301	187005	166511	527279	486	97	3262171	790	252805	274785	206045	320118
53782	2518	2137	163536	45033	40955	32367	48152	0	0	0	0	0	122562	285293	40974	1675	40383	591	38221	38710	2162	1673	536	1025	342	40383	2698	40383	2149	2034	115	38349	2034	7601102	227979	206894	581075	2635	2131	3316544	31909	51374	53566	40321	51270
40492	73	0	900835	223210	208545	169464	304798	0	0	0	0	0	898288	1120776	2547	5	213	2334	200	208	13	5	3	11	0	213	16	213	0	0	0	213	0	8502206	230526	207107	621577	2635	2131	3720984	800	253659	275280	206577	318480
50297	2146	1921	160665	44224	39989	31966	47208	0	0	0	0	0	122727	275577	37938	1477	37375	563	35536	35899	1839	1476	545	908	306	37375	2384	37375	1930	1830	100	35545	1830	8663120	268465	244482	671886	469	3961	3775368	29635	50380	52363	39804	50333
40876	80	0	899433	222082	208799	168620	304961	0	0	0	0	0	896771	1120185	2662	8	249	2413	238	242	11	7	3	7	1	249	14	249	0	0	0	249	0	9562797	271127	244731	712772	469	3961	4179810	882	252803	275277	205679	318552
53314	2435	2070	164198	45352	41005	32267	48571	0	0	0	0	0	123748	284998	40450	1690	39876	574	37784	38188	2092	1688	576	980	339	39876	2668	39876	2085	1986	99	37890	1986	9727239	311577	284607	766098	2554	1851	4234183	31489	51695	53685	40225	51633
41219	73	0	900602	222370	207891	169832	305458	0	0	0	0	0	898017	1121587	2585	2	224	2361	215	222	9	2	1	8	2	224	10	224	0	0	0	224	0	10628118	314162	284831	807330	2554	1851	4638623	838	252941	274317	206480	319014
51023	2214	2027	161872	44629	40436	31952	47719	0	0	0	0	0	123278	278729	38594	1584	38043	551	36120	36460	1923	1583	533	873	324	38043	2456	38043	2039	1938	101	36105	1938	10790265	352756	322874	858364	497	3789	4693008	30045	50883	52911	39855	50724
40980	58	0	901001	222942	208895	169235	305160	0	0	0	0	0	898414	1121696	2587	6	226	2361	209	220	17	6	3	14	1	226	20	226	0	0	0	226	0	11691504	355344	323100	899360	497	3789	5097449	822	253863	275602	206025	318706
55948	2524	2178	166047	46269	41145	32979	48726	0	0	0	0	0	123523	291140	42524	1745	41958	566	39782	40219	2176	1739	554	991	350	41958	2730	41958	2184	2084	100	39874	2084	11857797	397868	365058	955316	2681	1777	5151822	33168	52746	54014	41101	51896
40877	70	0	900000	222206	208403	168653	305987	0	0	0	0	0	897297	1120449	2703	4	209	2494	199	205	10	4	1	7	1	209	11	209	0	0	0	209	0	12758040	400573	365267	996206	2681	1777	5556275	805	252867	274790	205591	319429
49199	2165	2024	160206	43743	39618	31613	47951	0	0	0	0	0	123277	272887	36929	1452	36383	546	34515	34933	1868	1450	479	897	320	36383	2347	36383	2032	1938	94	34445	1938	12918518	437503	401650	1045420	617	3715	5610647	28968	49803	51781	39279	51019
40735	70	0	899830	222973	209486	168139	304417	0	0	0	0	0	897195	1120242	2635	11	218	2417	205	209	13	9	3	7	3	218	16	218	0	0	0	218	0	13818619	440139	401868	1086170	617	3715	6015088	811	253553	276546	205397	317754
48686	2210	1865	159343	43774	39620	31312	47400	0	0	0	0	0	122920	271269	36423	1506	35918	505	34016	34413	1902	1505	493	890	314	35918	2395	35918	1876	1785	91	34133	1785	13978224	476562	437786	1134868	2493	1404	6069473	28528	49869	52007	38852	50434
41076	63	0	900638	222508	208577	169391	305383	0	0	0	0	0	897977	1121682	2661	6	215	2446	208	212	7	3	1	5	1	215	8	215	0	0	0	215	0	14879125	479223	438001	1175961	2493	1404	6473914	841	253224	274938	206374	318808
49771	2231	1967	160545	44154	39872	31652	47677	0	0	0	0	0	123135	274881	37410	1507	36887	523	34942	35381	1945	1506	469	908	310	36887	2414	36887	1975	1879	96	35008	1879	15039961	516635	474888	1225743	372	3283	6528286	29198	50072	52200	39261	50720
40699	68	0	897681	221510	208562	168697	304017	0	0	0	0	0	895013	1117414	2668	7	216	2452	208	209	8	7	5	6	0	216	13	216	0	0	0	216	0	15937897	519304	475104	1266455	372	3283	6932727	832	252234	274535	205748	317719
52972	2364	2117	163550	45242	40763	32473	48004	0	0	0	0	0	123405	283606	40145	1591	39579	566	37519	37990	2060	1589	523	994	357	39579	2583	39579	2122	2033	89	37546	2033	16101711	559450	514683	1319438	2494	1220	6987112	31344	51569	53530	40422	51052
40685	78	0	899548	222234	208753	168519	305166	0	0	0	0	0	896848	1119253	2700	6	231	2469	218	225	13	6	2	9	4	231	15	231	0	0	0	231	0	17001550	562150	514914	1360135	2494	1220	7391553	799	252917	275324	205674	318754
54002	2348	2095	164325	45409	40906	32317	48558	0	0	0	0	0	123376	285917	40949	1686	40338	611	38293	38656	2045	1682	562	925	349	40338	2607	40338	2107	1997	110	38341	1997	17166128	603099	555252	1414151	505	3217	7445925	31925	51804	53499	40363	51839
40856	93	0	900658	221539	209392	169721	305125	0	0	0	0	0	897970	1121521	2688	7	219	2469	206	212	13	7	3	9	0	219	16	219	0	0	0	219	0	18067062	605789	555471	1455016	505	3217	7850378	845	252087	275754	206841	318990
48404	2207	1888	158941	43610	39244	31309	47515	0	0	0	0	0	122693	269932	36248	1518	35714	534	33786	34199	1928	1515	471	884	283	35714	2399	35714	1899	1810	89	33904	1810	18226246	642038	591185	1503427	2404	931	7904751	28392	49684	51361	38828	50504
41018	69	0	900156	222300	208669	169070	305270	0	0	0	0	0	897456	1121273	2700	11	241	2459	227	233	14	8	2	8	5	241	16	241	0	0	0	241	0	19126669	644738	591426	1544459	2404	931	8309192	867	252755	275345	205971	318853
50452	2211	1935	161303	44275	39769	32068	48025	0	0	0	0	0	123270	276830	38033	1507	37513	520	35577	36008	1936	1505	527	958	330	37513	2463	37513	1943	1860	83	35653	1860	19288223	682771	628939	1594917	251	2791	8363565	29589	50509	52265	39719	51097
40755	67	0	899230	222406	208127	168999	304754	0	0	0	0	0	896656	1119430	2574	4	205	2369	192	202	13	3	0	10	0	205	13	205	0	0	0	205	0	20187743	685346	629144	1635682	251	2791	8768018	842	252848	274542	205886	318321
51538	2165	2024	161837	44259	40340	32331	47730	0	0	0	0	0	122855	278853	38982	1547	38438	544	36560	36892	1878	1546	529	861	336	38438	2407	38438	2039	1922	117	36516	1922	20349839	724328	667582	1687229	2290	617	8822390	30428	50500	52861	40245	50887
40588	82	0	900876	222983	208884	168949	305127	0	0	0	0	0	898206	1121012	2670	10	217	2453	203	209	14	8	2	8	2	217	16	217	0	0	0	217	0	21250961	726998	667799	1727828	2290	617	9226831	829	253691	275282	205873	318938
53005	2318	1997	163684	45251	40953	32194	48161	0	0	0	0	0	123495	284219	40189	1583	39640	549	37641	38059	1999	1581	537	955	311	39640	2536	39640	2007	1923	84	37717	1923	21414934	767190	707440	1780844	201	2540	9281216	31255	51554	53611	40141	51344
40776	66	0	900285	222436	207961	169332	305578	0	0	0	0	0	897698	1120391	2587	10	237	2350	214	228	23	9	1	15	5	237	24	237	0	0	0	237	0	22315500	769778	707677	1821632	201	2540	9685668	808	253015	274104	206335	319106
52396	2312	2060	162428	44789	40445	32151	47934	0	0	0	0	0	122708	281248	39720	1595	39200	520	37189	37605	2011	1595	539	955	319	39200	2550	39200	2065	1967	98	37233	1967	22478198	809498	746877	1874037	2266	411	9740029	31012	51086	53017	39977	50965
40707	66	0	899297	223020	208382	168447	304600	0	0	0	0	0	896676	1119733	2622	9	239	2383	230	231	9	8	4	5	4	239	13	239	0	0	0	239	0	23377747	812120	747116	1914754	2266	411	10144470	791	253752	274613	205373	318189

processed_m4374_ME21_HV0_test40_SRCoff_170711_143310_TMBCounters.txt																																													
alct0 valid pattern flag received	alct1 valid pattern flag received	raw hits readout   	Pretrigger   	Pretrigger on CFEB0	Pretrigger on CFEB1	Pretrigger on CFEB2	Pretrigger on CFEB3	Pretrigger on CFEB4	Pretrigger on CFEB5	Pretrigger on CFEB6	Pretrigger on ME1A CFEB 4-6 only	Pretrigger on ME1B CFEBs 0-3 only	Discarded, CLCT0 invalid pattern after drift	BX pretrig waiting for triads to dissipate	clct0 sent to TMB matching section	clct1 sent to TMB matching section	TMB accepted alct	TMB match reject event  	Matching found one ALCT	Matching found one CLCT	Matching found two ALCTs	Matching found two CLCTs	ALCT0 copied into ALCT1 to make 2nd LCT	CLCT0 copied into CLCT1 to make 2nd LCT	LCT1 has higher quality than LCT0 	Transmitted LCT0 to MPC	Transmitted LCT1 to MPC	MPC rejected both LCT0 and LCT1	L1A received   	L1A received, TMB in L1A window	L1A received, no TMB in window	TMB triggered, no L1A in window	TMB readouts completed	Pretrigger counter   	CLCT counter   	TMB trigger counter	ALCTs received counter	L1As received counter 	Readout counter 	Orbit counter	CLCT pre-trigger and ALCT coincidence counter	CFEB0 active flag sent to DMB for readout	CFEB1 active flag sent to DMB for readout	CFEB2 active flag sent to DMB for readout	CFEB3 active flag sent to DMB for readout
48515	2053	1819	161555	44480	39613	32000	48229	0	0	0	0	0	125328	272912	36227	1466	35736	491	33975	34270	1761	1466	525	820	296	35736	2286	35736	1822	1749	73	33987	1749	275741	36562	35763	53776	1822	1749	104813	25212	50767	52027	39766	51269
43459	71	0	915706	225089	211130	170946	313803	0	0	0	0	0	912949	1140729	2757	13	263	2494	249	251	14	12	4	6	3	263	18	263	0	0	0	263	0	1191736	39319	36026	97245	1822	1749	509253	867	256050	278803	208536	327709
49067	2118	1970	161495	44276	39872	31413	48693	0	0	0	0	0	124586	274197	36909	1478	36331	578	34487	34856	1844	1475	488	857	291	36331	2332	36331	1980	1891	89	34440	1891	1353488	76229	72357	146328	3802	3640	563637	25553	50424	52192	39081	51746
43109	81	0	915652	224671	211585	171232	313529	0	0	0	0	0	912965	1139980	2687	9	204	2483	188	196	16	8	2	10	4	204	18	204	0	0	0	204	0	2269403	78918	72561	189452	3802	3640	968079	776	255996	279201	208571	327216
51787	2356	2014	164291	45296	40663	32315	48999	0	0	0	0	0	124980	282513	39311	1703	38749	562	36714	37048	2035	1701	569	903	334	38749	2604	38749	2020	1931	89	36818	1931	2433955	118230	111310	241255	1726	1475	1022452	27216	51516	53318	40162	52179
43199	74	0	917621	224990	211944	171587	314472	0	0	0	0	0	915006	1142380	2615	8	237	2378	227	229	10	8	3	5	1	237	13	237	0	0	0	237	0	3351838	120846	111547	284466	1726	1475	1426892	782	256115	279318	209124	328157
50037	2265	1980	162403	44376	40508	31909	48459	0	0	0	0	0	124835	277064	37568	1579	37045	523	35074	35467	1971	1578	504	897	326	37045	2475	37045	1988	1914	74	35131	1914	3514509	158415	148592	334515	3714	3389	1481276	26004	50750	52755	39863	51516
42892	84	0	916009	225163	211951	170968	313219	0	0	0	0	0	913299	1141173	2710	7	236	2474	226	229	10	7	3	6	2	236	13	236	0	0	0	236	0	4430820	161126	148828	377418	3714	3389	1885718	816	256313	279219	208489	326960
49558	2249	1933	161860	44213	39950	31620	48965	0	0	0	0	0	124516	275773	37344	1560	36746	598	34804	35188	1942	1558	502	886	298	36746	2444	36746	1939	1852	87	34894	1852	4592948	198471	185574	426991	1557	1145	1940091	25849	50400	52356	39494	52048
43266	65	0	917267	225031	211476	171331	314600	0	0	0	0	0	914586	1141905	2681	6	244	2437	234	239	10	5	2	7	2	244	12	244	0	0	0	244	0	5510509	201152	185818	470268	1557	1145	2344544	802	256147	278982	208823	328474
49188	2222	1946	161742	43735	40042	32018	48824	0	0	0	0	0	124763	275010	36979	1540	36437	542	34513	34898	1924	1539	514	899	306	36437	2438	36437	1950	1877	73	34560	1877	5672493	238134	222256	519466	3507	3022	2398915	25719	49902	52298	39690	51972
43577	71	0	917702	226100	210702	171977	314166	0	0	0	0	0	914983	1143194	2719	5	210	2509	200	205	10	5	2	7	1	210	12	210	0	0	0	210	0	6590470	240853	222466	563054	3507	3022	2803357	796	257155	278226	209426	327964
49524	2222	1872	162452	44242	40157	31785	49046	0	0	0	0	0	125190	276226	37262	1550	36665	597	34724	35115	1941	1550	555	946	313	36665	2496	36665	1880	1810	70	34855	1810	6753192	278117	259131	612595	1291	736	2857730	25887	50515	52517	39589	52082
42913	76	0	915880	225377	211226	170707	313871	0	0	0	0	0	913169	1139910	2711	3	215	2496	209	212	6	3	0	3	1	215	6	215	0	0	0	215	0	7669346	280830	259346	655516	1291	736	3262183	787	256410	278614	208296	327570
48485	2094	1804	161287	43614	39768	31766	48943	0	0	0	0	0	124749	273355	36538	1490	36032	506	34190	34543	1842	1489	489	842	273	36032	2331	36032	1809	1736	73	34296	1736	7830893	317369	295378	704021	3100	2472	3316555	25220	49785	52289	39372	51983
42801	85	0	914565	224568	211092	170669	313486	0	0	0	0	0	911953	1137783	2612	6	222	2390	207	216	15	6	2	11	2	222	17	222	0	0	0	222	0	8745744	319982	295601	746832	3100	2472	3720996	809	255571	278073	208468	327162
48125	2159	1864	161036	43982	39662	31551	48596	0	0	0	0	0	124880	271707	36156	1509	35581	575	33708	34073	1873	1508	488	853	321	35581	2361	35581	1878	1792	86	33789	1792	8907070	356139	331182	794964	882	168	3775380	25104	50077	51991	39239	51640
43133	83	0	917369	225198	211876	171468	314090	0	0	0	0	0	914691	1142091	2678	9	254	2424	235	245	19	9	6	16	1	254	25	254	0	0	0	254	0	9824716	358817	331436	838107	882	168	4179822	804	256288	279422	209314	327982
49427	2179	1968	161390	43747	39981	31646	48832	0	0	0	0	0	124370	274158	37020	1488	36462	558	34615	34979	1847	1483	535	899	276	36462	2382	36462	1976	1910	66	34552	1910	9986397	395837	367898	887548	2858	2078	4234195	25513	49803	52201	39444	51880
43118	85	0	915529	225482	211268	169975	313893	0	0	0	0	0	912804	1139966	2725	5	238	2487	230	234	8	4	0	4	0	238	8	238	0	0	0	238	0	10902206	398563	368137	930676	2858	2078	4638636	836	256685	278559	207405	327531
49859	2208	1898	162288	44244	40300	31975	48711	0	0	0	0	0	124867	276292	37421	1513	36865	556	34966	35354	1899	1511	492	880	294	36865	2391	36865	1904	1836	68	35029	1836	11064791	435989	405002	980545	666	3914	4693020	25911	50462	52848	39717	51784
43268	83	0	915398	224243	211650	171437	313338	0	0	0	0	0	912701	1140806	2697	6	238	2459	226	234	12	4	0	8	0	238	12	238	0	0	0	238	0	11980494	438686	405240	1023824	666	3914	5097461	868	255328	279279	208976	326902
44933	1927	1793	157846	42701	38687	31127	48018	0	0	0	0	0	124444	262760	33402	1300	32870	532	31191	31571	1679	1299	411	791	266	32870	2090	32870	1801	1723	78	31147	1723	12138634	472089	438111	1068774	2467	1541	5151834	23328	48684	50894	38457	51016
42831	71	0	916683	225285	211824	170963	313758	0	0	0	0	0	913914	1141161	2769	4	205	2564	193	201	12	4	3	11	0	205	15	205	0	0	0	205	0	13055586	474859	438316	1111615	2467	1541	5556297	795	256590	279107	208424	327523
48290	2122	1865	160479	44143	39406	31286	48303	0	0	0	0	0	124269	271661	36210	1469	35678	532	33843	34210	1835	1468	494	861	255	35678	2329	35678	1873	1805	68	33873	1805	13216344	511069	473994	1159922	244	3346	5610670	25033	50172	51962	38951	51269
43250	70	0	917009	225463	211370	171121	314328	0	0	0	0	0	914297	1142615	2712	4	222	2490	214	218	8	4	3	7	0	222	11	222	0	0	0	222	0	14133655	513781	474216	1203184	244	3346	6015111	798	256768	278532	208582	328213
48721	2147	1851	161898	44055	39974	31731	49023	0	0	0	0	0	125389	273854	36509	1436	35946	563	34120	34511	1826	1435	457	848	284	35946	2283	35946	1861	1795	66	34151	1795	14295835	550291	510162	1251917	2105	1045	6069485	25296	50100	52363	39614	52073
42863	72	0	917026	225406	211282	170860	314570	0	0	0	0	0	914340	1141825	2686	9	211	2475	195	202	16	9	2	9	4	211	18	211	0	0	0	211	0	15213163	552978	510374	1294796	2105	1045	6473926	780	256611	279062	208484	328445
48109	2092	1957	160234	43950	39232	31444	48279	0	0	0	0	0	124234	270554	36000	1496	35469	531	33663	33974	1806	1495	523	834	317	35469	2329	35469	1967	1871	96	33598	1871	15373694	588979	545843	1342922	4072	2916	6528298	24975	49977	51736	38865	51393
43039	65	0	916600	226193	210795	170836	314120	0	0	0	0	0	913990	1141559	2610	2	196	2414	187	194	9	2	0	7	2	196	9	196	0	0	0	196	0	16290594	591590	546039	1385973	4072	2916	6932739	765	257519	278602	208373	328092
46733	1941	1857	159810	43412	39190	31224	48654	0	0	0	0	0	124871	268558	34939	1426	34422	517	32729	32998	1693	1424	472	741	298	34422	2165	34422	1867	1780	87	32642	1780	16450686	626530	580461	1432716	1843	600	6987124	24237	49541	51526	38748	51726
43169	91	0	916152	225240	212029	170393	313753	0	0	0	0	0	913455	1141254	2697	7	233	2464	219	226	14	7	2	9	0	233	16	233	0	0	0	233	0	17367129	629228	580694	1475897	1843	600	7391565	801	256240	279409	208142	327754
48368	2096	1863	160691	43786	39396	31723	48428	0	0	0	0	0	124450	271678	36241	1381	35672	569	33846	34296	1826	1376	474	924	256	35672	2300	35672	1870	1795	75	33877	1795	17528117	665470	616366	1524273	3713	2395	7445937	25139	49893	51845	39311	51504
43026	80	0	916392	225319	211446	171216	313665	0	0	0	0	0	913676	1140651	2716	5	237	2479	232	233	5	4	2	3	0	237	7	237	0	0	0	237	0	18444782	668187	616603	1567312	3713	2395	7850378	814	256741	278651	208942	327682
49517	2089	1910	162143	43996	39980	31911	48981	0	0	0	0	0	125026	275192	37117	1452	36580	537	34773	35131	1807	1449	525	883	273	36580	2332	36580	1915	1842	73	34738	1842	18607175	705304	653183	1616839	1532	141	7904763	25650	50202	52236	39596	52009
42949	70	0	915131	224851	210908	171039	313616	0	0	0	0	0	912438	1139557	2693	8	255	2438	244	250	11	5	1	7	1	255	12	255	0	0	0	255	0	19522566	707999	653439	1659805	1532	141	8309204	858	256073	278004	208650	327292
51664	2257	2002	164174	45162	40397	32124	49404	0	0	0	0	0	125003	281659	39171	1591	38581	590	36603	36992	1978	1589	526	915	279	38581	2504	38581	2008	1924	84	36657	1924	19687057	747171	692020	1711479	3540	2065	8363576	27115	51550	52918	40156	52502
42785	71	0	914670	225153	210410	170551	313727	0	0	0	0	0	911948	1139782	2722	7	231	2491	219	224	12	7	2	7	2	231	14	231	0	0	0	231	0	20601974	749894	692251	1754278	3540	2065	8768017	829	256161	277769	208081	327396
48615	2125	1964	161009	44189	39551	31498	48459	0	0	0	0	0	124561	272633	36448	1480	35879	569	34044	34401	1835	1478	500	857	299	35879	2335	35879	1972	1895	77	33984	1895	20763222	786343	728130	1802908	1416	3960	8822402	25368	50234	51952	39221	51558
43128	88	0	915702	225343	210565	170884	314176	0	0	0	0	0	913045	1139442	2657	9	215	2442	197	207	18	8	3	13	1	215	21	215	0	0	0	215	0	21679191	789000	728345	1846051	1416	3960	9226843	829	256427	277732	208141	328023
48649	2182	1844	161738	43922	39896	32026	48622	0	0	0	0	0	125285	273840	36453	1498	35945	508	34081	34449	1864	1496	482	850	304	35945	2346	35945	1856	1781	75	34164	1781	21841238	825453	764290	1894716	3272	1645	9281215	25467	50063	52216	39706	51652

