processed_m4636_ME21_HV0_test40_SRCoff_170717_202314_TMBCounters.txt																																													
alct0 valid pattern flag received	alct1 valid pattern flag received	raw hits readout   	Pretrigger   	Pretrigger on CFEB0	Pretrigger on CFEB1	Pretrigger on CFEB2	Pretrigger on CFEB3	Pretrigger on CFEB4	Pretrigger on CFEB5	Pretrigger on CFEB6	Pretrigger on ME1A CFEB 4-6 only	Pretrigger on ME1B CFEBs 0-3 only	Discarded, CLCT0 invalid pattern after drift	BX pretrig waiting for triads to dissipate	clct0 sent to TMB matching section	clct1 sent to TMB matching section	TMB accepted alct	TMB match reject event  	Matching found one ALCT	Matching found one CLCT	Matching found two ALCTs	Matching found two CLCTs	ALCT0 copied into ALCT1 to make 2nd LCT	CLCT0 copied into CLCT1 to make 2nd LCT	LCT1 has higher quality than LCT0 	Transmitted LCT0 to MPC	Transmitted LCT1 to MPC	MPC rejected both LCT0 and LCT1	L1A received   	L1A received, TMB in L1A window	L1A received, no TMB in window	TMB triggered, no L1A in window	TMB readouts completed	Pretrigger counter   	CLCT counter   	TMB trigger counter	ALCTs received counter	L1As received counter 	Readout counter 	Orbit counter	CLCT pre-trigger and ALCT coincidence counter	CFEB0 active flag sent to DMB for readout	CFEB1 active flag sent to DMB for readout	CFEB2 active flag sent to DMB for readout	CFEB3 active flag sent to DMB for readout
40418	1970	2503	53992	18008	15045	11211	11917	0	0	0	0	0	19232	136222	34760	1514	34534	226	32768	33022	1766	1512	509	763	279	34534	2275	34534	2517	2479	38	32055	2479	70685	34826	34565	41041	2517	2479	104939	17212	20465	19450	14513	13256
4914	35	0	135236	32985	30925	24902	47133	0	0	0	0	0	134696	168787	540	11	220	320	204	210	16	10	4	10	3	220	20	220	0	0	0	220	0	205961	35366	34785	45958	2517	2479	509379	271	37525	40717	30398	49340
41044	1998	2463	54717	18091	14900	11686	12351	0	0	0	0	0	19389	138290	35328	1570	35075	253	33337	33510	1738	1565	554	727	324	35075	2292	35075	2474	2444	30	32631	2444	260718	70694	69860	87003	895	827	563750	17405	20475	19289	14979	13773
4942	38	0	135256	33137	30916	24911	47024	0	0	0	0	0	134745	168693	511	7	200	311	195	196	5	4	1	2	2	200	6	200	0	0	0	200	0	396021	71205	70060	91948	895	827	968192	260	37828	40829	30373	49182
43700	2082	2686	57113	19276	15821	11951	12430	0	0	0	0	0	19430	145620	37683	1560	37438	245	35610	35878	1828	1560	518	786	314	37438	2346	37438	2701	2654	47	34784	2654	453177	108888	107498	135651	3596	3481	1022576	18546	21822	20417	15408	13874
4844	46	0	135169	33128	30910	24691	47166	0	0	0	0	0	134615	168669	554	5	209	345	194	205	15	4	1	12	1	209	16	209	0	0	0	209	0	588380	109442	107707	140497	3596	3481	1427019	276	37616	40862	30169	49259
41531	2042	2420	54865	18411	15227	11515	11935	0	0	0	0	0	19049	139273	35816	1554	35557	259	33734	34006	1823	1551	502	774	277	35557	2325	35557	2432	2397	35	33160	2397	643288	145258	143264	182028	1932	1782	1481389	17723	20906	19701	14918	13283
4901	45	0	134390	32521	30724	24903	46970	0	0	0	0	0	133830	167790	560	9	228	332	211	221	17	7	1	11	2	228	18	228	0	0	0	228	0	777720	145818	143492	186930	1932	1782	1885842	229	37097	40451	30369	49081
40223	1953	2393	54027	17934	14874	11480	12022	0	0	0	0	0	19460	135868	34567	1454	34338	229	32600	32884	1738	1454	486	770	289	34338	2224	34338	2402	2366	36	31972	2366	831783	180385	177830	227154	238	52	1940215	17237	20321	19212	14760	13404
4914	31	0	135730	33054	30828	24856	47706	0	0	0	0	0	135188	169147	542	7	236	306	228	230	8	6	2	4	3	236	10	236	0	0	0	236	0	967557	180927	178066	232069	238	52	2344658	259	37641	40894	30320	49855
39079	1930	2397	52976	17596	14405	11138	11905	0	0	0	0	0	19287	132607	33689	1441	33451	238	31748	32011	1703	1440	492	755	288	33451	2195	33451	2407	2366	41	31085	2366	1020567	214616	211517	271149	2645	2418	2399029	16603	19885	18728	14302	13263
4868	35	0	134833	32912	30657	24871	47138	0	0	0	0	0	134281	168119	552	6	241	311	231	236	10	5	1	6	1	241	11	241	0	0	0	241	0	1155431	215168	211758	276019	2645	2418	2803481	267	37372	40563	30190	49299
41066	1998	2480	54550	18168	15287	11412	11979	0	0	0	0	0	19223	137927	35327	1480	35092	235	33322	33614	1770	1478	479	771	269	35092	2249	35092	2496	2455	41	32637	2455	1210029	250495	246850	317085	1045	777	2857854	17410	20641	19635	14745	13294
4875	37	0	135371	32748	30746	25071	47496	0	0	0	0	0	134848	168932	523	11	231	292	216	220	15	11	4	8	1	231	19	231	0	0	0	231	0	1345446	251019	247082	321962	1045	777	3262297	267	37396	40622	30460	49633
43340	2082	2637	56900	18936	15760	11924	12611	0	0	0	0	0	19497	144971	37403	1583	37141	262	35288	35561	1853	1580	510	783	304	37141	2363	37141	2652	2607	45	34534	2607	1402386	288423	284224	365303	3697	3384	3316680	18603	21404	20365	15460	14144
1810	8	0	49330	12083	11257	9208	17034	0	0	0	0	0	49131	61645	199	4	87	112	84	83	3	4	2	1	2	87	5	87	0	0	0	87	0	1451768	288622	284311	367116	3697	3384	3464720	103	13786	14949	11209	17828
37993	1869	2270	52051	17104	14356	10947	11706	0	0	0	0	0	19346	129765	32705	1360	32492	213	30843	31133	1649	1359	459	749	264	32492	2108	32492	2276	2234	42	30258	2234	1503866	321327	316803	405111	1877	1522	3519102	16163	19457	18581	14129	13020
1803	19	0	49347	11862	11351	9193	17205	0	0	0	0	0	49147	61776	200	4	82	118	75	78	7	4	0	3	0	82	7	82	0	0	0	82	0	1553257	321527	316885	406915	1877	1522	3667142	109	13556	14924	11217	17970
631	2	0	18238	4493	4184	3410	6246	0	0	0	0	0	18167	22744	71	0	30	41	30	30	0	0	0	0	0	30	0	30	0	0	0	30	0	1571534	321598	316915	407546	1877	1522	3721513	43	5123	5512	4116	6547
1836	15	0	49739	12117	11271	9282	17363	0	0	0	0	0	49537	62221	202	3	78	124	71	75	7	3	2	6	1	78	9	78	0	0	0	78	0	1621317	321800	316993	409385	1877	1522	3869563	97	13761	14882	11360	18157
695	10	0	18112	4485	4089	3266	6359	0	0	0	0	0	18028	22629	84	1	34	50	31	33	3	1	1	3	0	34	4	34	0	0	0	34	0	1639472	321884	317027	410080	1877	1522	3923936	32	5074	5428	4030	6648
1808	24	0	49339	12031	11113	9077	17377	0	0	0	0	0	49140	61581	199	2	68	131	65	66	3	2	1	2	1	68	4	68	0	0	0	68	0	1688848	322083	317095	411888	1877	1522	4071986	104	13713	14707	11106	18158
726	4	0	18214	4446	4131	3269	6446	0	0	0	0	0	18136	22708	78	0	40	38	39	40	1	0	0	1	0	40	1	40	0	0	0	40	0	1707110	322161	317135	412615	1877	1522	4126359	55	5059	5483	3984	6701
1830	15	0	49552	11854	11529	9196	17218	0	0	0	0	0	49353	61694	199	2	89	110	84	87	5	2	0	3	0	89	5	89	0	0	0	89	0	1756700	322360	317224	414447	1877	1522	4274398	109	13548	15152	11246	17998
36059	1777	2178	50280	16641	13863	10411	11300	0	0	0	0	0	19260	123789	31020	1298	30789	231	29203	29492	1586	1297	415	704	250	30789	2001	30789	2187	2150	37	28639	2150	1807022	353381	348013	450509	4064	3672	4328782	15338	18916	17981	13472	12497
1807	14	0	49284	12104	11182	9047	17191	0	0	0	0	0	49115	61286	169	4	69	100	66	65	3	4	1	0	3	69	4	69	0	0	0	69	0	1856359	353551	348082	452317	4064	3672	4476821	80	13793	14745	11021	17923
31632	1567	1832	46009	15007	12419	9657	10722	0	0	0	0	0	18955	110806	27054	1166	26856	198	25462	25694	1394	1162	395	627	219	26856	1789	26856	1845	1807	38	25049	1807	1902412	380605	374938	483949	1813	1383	4531205	13461	17005	16099	12381	11888
1738	11	0	49245	11915	11119	9244	17237	0	0	0	0	0	49030	61484	215	4	88	127	84	84	4	4	1	1	2	88	5	88	0	0	0	88	0	1951697	380820	375026	485689	1813	1383	4679245	95	13555	14767	11281	18049
676	8	0	18312	4389	4332	3336	6357	0	0	0	0	0	18240	22768	72	3	34	38	32	31	2	3	1	0	0	34	3	34	0	0	0	34	0	1970038	380892	375060	486366	1813	1383	4733617	43	5044	5653	4085	6629
1761	9	0	49214	11943	11133	9139	17231	0	0	0	0	0	49008	61815	206	5	85	121	83	81	2	4	3	1	1	85	5	85	0	0	0	85	0	2019295	381098	375145	488129	1813	1383	4881667	109	13587	14841	11055	17999
623	6	0	18160	4326	4322	3269	6358	0	0	0	0	0	18084	22695	76	0	30	46	29	30	1	0	0	1	0	30	1	30	0	0	0	30	0	2037511	381174	375175	488752	1813	1383	4936039	32	4939	5563	4091	6650
1761	16	0	49614	12135	11386	9055	17303	0	0	0	0	0	49436	61883	178	1	74	104	68	73	6	1	0	5	0	74	6	74	0	0	0	74	0	2087163	381352	375249	490514	1813	1383	5084090	102	13793	15152	11106	18100
38042	1800	2227	52089	17079	14459	10820	11815	0	0	0	0	0	19433	129444	32656	1372	32417	239	30840	31047	1577	1370	449	656	241	32417	2026	32417	2244	2188	56	30229	2188	2139289	414009	407667	528557	4057	3571	5138463	16201	19407	18650	14023	13118
1815	13	0	49794	12109	11354	9193	17401	0	0	0	0	0	49572	62274	222	1	92	130	89	91	3	1	1	3	0	92	4	92	0	0	0	92	0	2189114	414231	407759	530374	4057	3571	5286513	100	13743	15003	11199	18183
660	5	0	18026	4334	4130	3399	6261	0	0	0	0	0	17964	22409	62	1	30	32	28	29	2	1	0	1	0	30	2	30	0	0	0	30	0	2207181	414293	407789	531034	4057	3571	5340885	35	4970	5430	4124	6561
1850	12	0	49536	12021	11309	9104	17369	0	0	0	0	0	49323	61650	213	2	88	125	83	86	5	2	1	4	0	88	6	88	0	0	0	88	0	2256754	414506	407877	532884	4057	3571	5488924	109	13701	14978	11149	18133
680	4	0	17961	4340	4077	3322	6310	0	0	0	0	0	17893	22388	68	1	27	41	24	27	3	0	0	3	0	27	3	27	0	0	0	27	0	2274757	414574	407904	533566	4057	3571	5543307	40	4913	5392	4060	6599
1855	19	0	49390	11938	11297	9070	17331	0	0	0	0	0	49189	61748	201	3	101	100	97	98	4	3	2	3	1	101	6	101	0	0	0	101	0	2324188	414775	408005	535423	4057	3571	5691346	112	13636	14877	11153	18164
40636	1989	2460	54369	18181	15021	11450	11980	0	0	0	0	0	19444	136879	34925	1547	34691	234	32915	33147	1776	1544	540	772	268	34691	2316	34691	2469	2432	37	32259	2432	2378594	449700	442696	576060	2430	1907	5745730	17519	20640	19430	14745	13395
1850	10	0	49050	11849	11297	9036	17138	0	0	0	0	0	48850	60979	200	4	84	116	81	80	3	4	3	2	0	84	6	84	0	0	0	84	0	2427687	449900	442780	577910	2430	1907	5893782	102	13550	14846	11089	17916
654	7	0	18098	4318	4091	3315	6485	0	0	0	0	0	18022	22553	76	2	33	43	32	31	1	2	2	1	0	33	3	33	0	0	0	33	0	2445826	449976	442813	578565	2430	1907	5948142	47	4947	5374	3996	6737
1821	14	0	49557	11947	11341	9278	17253	0	0	0	0	0	49368	61773	189	4	70	119	67	66	3	4	2	1	1	70	5	70	0	0	0	70	0	2495419	450165	442883	580386	2430	1907	6096192	78	13641	14959	11270	18051
677	9	0	18191	4370	4171	3349	6398	0	0	0	0	0	18106	22637	85	1	33	52	32	32	1	1	1	1	1	33	2	33	0	0	0	33	0	2513638	450250	442916	581065	2430	1907	6150565	41	4954	5524	4103	6654
1783	11	0	49570	12002	11405	9131	17284	0	0	0	0	0	49368	61876	202	4	84	118	82	80	2	4	2	0	1	84	4	84	0	0	0	84	0	2563246	450452	443000	582851	2430	1907	6298604	81	13662	15003	11126	18089
49306	2309	3064	62085	21011	17293	13155	13268	0	0	0	0	0	19432	161810	42653	1816	42369	284	40302	40553	2067	1816	626	877	321	42369	2693	42369	3080	3031	49	39338	3031	2625377	493105	485369	632158	1414	842	6352988	21386	23775	22428	17040	14785
1811	13	0	49289	12003	11306	9175	17058	0	0	0	0	0	49082	61413	207	3	77	130	73	76	4	1	1	4	0	77	5	77	0	0	0	77	0	2674714	493312	485446	633971	1414	842	6501028	95	13694	14979	11172	17802
611	3	0	18025	4370	4171	3342	6251	0	0	0	0	0	17946	22510	79	1	34	45	34	33	0	1	1	0	1	34	1	34	0	0	0	34	0	2692777	493391	485480	634586	1414	842	6555411	44	4979	5438	4044	6530
1782	13	0	49346	12205	11259	8976	17165	0	0	0	0	0	49148	61551	198	4	79	119	77	75	2	4	3	1	1	79	5	79	0	0	0	79	0	2742161	493589	485559	636369	1414	842	6703449	105	13854	14984	10928	17906
658	8	0	18221	4364	4246	3330	6372	0	0	0	0	0	18149	22701	72	1	36	36	33	35	3	1	1	3	0	36	4	36	0	0	0	36	0	2760418	493661	485595	637030	1414	842	6757824	41	4951	5602	4074	6666
1764	10	0	49534	11958	11510	9061	17279	0	0	0	0	0	49357	61821	177	2	75	102	72	73	3	2	1	2	0	75	4	75	0	0	0	75	0	2809996	493838	485670	638795	1414	842	6905872	98	13629	15156	11109	18034
57719	2729	3415	69769	23885	19645	14913	14449	0	0	0	0	0	19894	185661	49875	2057	49567	308	47145	47513	2422	2054	698	1066	384	49567	3120	49567	3432	3381	51	46186	3381	2879807	543713	535237	696514	750	127	6960291	24751	27025	25273	19340	16282
1839	30	0	49311	11977	11287	9023	17286	0	0	0	0	0	49095	61602	216	2	96	120	90	94	6	2	0	4	0	96	6	96	0	0	0	96	0	2929161	543929	535333	698356	750	127	7108298	117	13653	14756	11091	18042

processed_m4638_ME21_HV0_test40_SRCoff_170717_204249_TMBCounters.txt																																													
alct0 valid pattern flag received	alct1 valid pattern flag received	raw hits readout   	Pretrigger   	Pretrigger on CFEB0	Pretrigger on CFEB1	Pretrigger on CFEB2	Pretrigger on CFEB3	Pretrigger on CFEB4	Pretrigger on CFEB5	Pretrigger on CFEB6	Pretrigger on ME1A CFEB 4-6 only	Pretrigger on ME1B CFEBs 0-3 only	Discarded, CLCT0 invalid pattern after drift	BX pretrig waiting for triads to dissipate	clct0 sent to TMB matching section	clct1 sent to TMB matching section	TMB accepted alct	TMB match reject event  	Matching found one ALCT	Matching found one CLCT	Matching found two ALCTs	Matching found two CLCTs	ALCT0 copied into ALCT1 to make 2nd LCT	CLCT0 copied into CLCT1 to make 2nd LCT	LCT1 has higher quality than LCT0 	Transmitted LCT0 to MPC	Transmitted LCT1 to MPC	MPC rejected both LCT0 and LCT1	L1A received   	L1A received, TMB in L1A window	L1A received, no TMB in window	TMB triggered, no L1A in window	TMB readouts completed	Pretrigger counter   	CLCT counter   	TMB trigger counter	ALCTs received counter	L1As received counter 	Readout counter 	Orbit counter	CLCT pre-trigger and ALCT coincidence counter	CFEB0 active flag sent to DMB for readout	CFEB1 active flag sent to DMB for readout	CFEB2 active flag sent to DMB for readout	CFEB3 active flag sent to DMB for readout
55890	1885	3375	35886	11039	10525	7716	7339	0	0	0	0	0	28510	64835	7376	206	7236	140	6525	7030	711	206	50	555	39	7236	761	7236	3777	389	3388	6847	389	45733	7393	7239	56245	3777	389	104926	21720	12768	13540	9838	8359
1057	11	0	28646	7009	6874	5610	9316	0	0	0	0	0	28577	35402	69	1	9	60	8	8	1	1	0	0	0	9	1	9	0	0	0	9	0	74682	7465	7248	57312	3777	389	252976	46	8104	9092	6849	9866
51969	1744	3183	33938	10301	9990	7305	7035	0	0	0	0	0	27074	60947	6864	185	6747	117	6090	6562	657	185	49	521	37	6747	706	6747	3553	367	3186	6380	367	108645	14329	13995	109283	3234	756	307349	20098	11978	12952	9230	8048
1083	7	0	28883	7035	7084	5553	9358	0	0	0	0	0	28824	35635	59	0	13	46	13	13	0	0	0	0	0	13	0	13	1	0	1	13	0	137548	14388	14008	110367	3235	756	455410	52	8144	9264	6771	9856
57346	2064	3566	36904	11357	10798	7980	7481	0	0	0	0	0	29404	66758	7500	227	7351	149	6543	7124	808	227	47	628	45	7351	855	7351	3937	456	3481	6895	456	174477	21888	21359	167722	3076	1212	509770	22497	13152	13928	10071	8553
1103	14	0	29289	7089	7258	5702	9416	0	0	0	0	0	29227	36348	62	1	15	47	14	14	1	1	0	0	0	15	1	15	0	0	0	15	0	203791	21950	21374	168826	3076	1212	657833	55	8165	9464	6967	9960
53553	1786	3273	34684	10645	9997	7405	7321	0	0	0	0	0	27637	62306	7047	205	6905	142	6206	6701	699	204	56	551	37	6905	755	6905	3648	418	3230	6487	418	238503	28997	28279	222381	2628	1630	712207	20707	12356	12939	9329	8276
1139	6	0	28578	6949	7019	5560	9215	0	0	0	0	0	28527	35426	51	0	8	43	7	8	1	0	0	1	0	8	1	8	0	0	0	8	0	267095	29048	28287	223520	2628	1630	860244	45	8031	9204	6833	9750
52950	1847	3248	34417	10488	10064	7381	7098	0	0	0	0	0	27512	61721	6905	197	6757	148	6016	6560	741	197	49	593	31	6757	790	6757	3624	384	3240	6373	384	301548	35953	35044	276472	2156	2014	914615	20432	12196	13002	9332	8074
1089	6	0	29106	7108	7129	5551	9486	0	0	0	0	0	29046	35935	60	0	9	51	8	9	1	0	0	1	0	9	1	9	0	0	0	9	0	330680	36013	35053	277563	2156	2014	1062657	48	8149	9255	6880	9982
54337	1814	3266	34933	10630	10138	7523	7305	0	0	0	0	0	27751	63030	7182	211	7052	130	6358	6841	694	211	55	538	41	7052	749	7052	3632	398	3234	6654	398	365639	43195	42105	331900	1692	2412	1117050	20989	12314	12990	9613	8309
1101	8	0	29000	7154	6966	5792	9236	0	0	0	0	0	28950	35773	50	0	4	46	4	4	0	0	0	0	0	4	0	4	0	0	0	4	0	394673	43245	42109	333002	1692	2412	1265091	41	8198	9204	7060	9731
55690	1990	3388	35717	10897	10487	7632	7433	0	0	0	0	0	28366	64652	7351	240	7193	158	6428	6953	765	240	60	585	52	7193	825	7193	3800	452	3348	6741	452	430414	50596	49302	388693	1396	2864	1319450	21429	12604	13503	9648	8507
1115	9	0	28972	7040	7049	5673	9371	0	0	0	0	0	28916	35775	56	1	6	50	4	5	2	1	0	1	0	6	2	6	0	0	0	6	0	459405	50652	49308	389810	1396	2864	1467511	47	8096	9230	6931	9907
57522	1938	3468	36482	11038	10566	7982	7620	0	0	0	0	0	28908	65979	7574	226	7437	137	6681	7212	756	225	50	581	56	7437	806	7437	3894	402	3492	7035	402	495912	58226	56745	447333	1194	3266	1521873	22117	12927	13618	10112	8706
1152	10	0	29037	7120	7003	5628	9420	0	0	0	0	0	28983	35776	54	0	14	40	14	14	0	0	0	0	0	14	0	14	0	0	0	14	0	524975	58280	56759	448486	1194	3266	1669924	55	8255	9235	6873	9930
57056	1953	3455	36268	10980	10701	7838	7400	0	0	0	0	0	28739	65668	7529	200	7398	131	6631	7198	767	200	52	619	40	7398	819	7398	3860	387	3473	7011	387	561257	65809	64157	505543	958	3653	1724307	22015	12779	13705	9983	8424
1132	6	0	28913	7095	7082	5566	9327	0	0	0	0	0	28848	35694	65	0	8	57	7	8	1	0	0	1	0	8	1	8	0	0	0	8	0	590206	65874	64165	506675	958	3653	1872347	45	8185	9248	6837	9804
53814	1848	3356	34875	10613	10102	7494	7333	0	0	0	0	0	27833	62676	7042	218	6889	153	6160	6671	729	218	44	555	43	6889	773	6889	3709	404	3305	6485	404	625110	72916	71054	560491	571	4057	1926719	20691	12307	13062	9478	8349
1109	10	0	28684	6978	7019	5598	9250	0	0	0	0	0	28624	35395	60	0	10	50	9	10	1	0	0	1	0	10	1	10	0	0	0	10	0	653817	72976	71064	561600	571	4057	2074769	39	8010	9209	6875	9721
54700	1934	3384	35181	10725	10326	7531	7288	0	0	0	0	0	28068	63501	7113	193	6988	125	6254	6796	734	192	42	584	29	6988	776	6988	3750	400	3350	6588	400	689018	80089	78052	616302	225	361	2129153	21117	12409	13350	9648	8285
1143	9	0	29076	7045	7098	5562	9530	0	0	0	0	0	29014	35979	62	0	13	49	13	13	0	0	0	0	0	13	0	13	0	0	0	13	0	718127	80151	78065	617446	225	361	2277182	49	8202	9252	6789	10041

processed_m4640_ME21_HV0_test40_SRCoff_170717_205329_TMBCounters.txt																																													
alct0 valid pattern flag received	alct1 valid pattern flag received	raw hits readout   	Pretrigger   	Pretrigger on CFEB0	Pretrigger on CFEB1	Pretrigger on CFEB2	Pretrigger on CFEB3	Pretrigger on CFEB4	Pretrigger on CFEB5	Pretrigger on CFEB6	Pretrigger on ME1A CFEB 4-6 only	Pretrigger on ME1B CFEBs 0-3 only	Discarded, CLCT0 invalid pattern after drift	BX pretrig waiting for triads to dissipate	clct0 sent to TMB matching section	clct1 sent to TMB matching section	TMB accepted alct	TMB match reject event  	Matching found one ALCT	Matching found one CLCT	Matching found two ALCTs	Matching found two CLCTs	ALCT0 copied into ALCT1 to make 2nd LCT	CLCT0 copied into CLCT1 to make 2nd LCT	LCT1 has higher quality than LCT0 	Transmitted LCT0 to MPC	Transmitted LCT1 to MPC	MPC rejected both LCT0 and LCT1	L1A received   	L1A received, TMB in L1A window	L1A received, no TMB in window	TMB triggered, no L1A in window	TMB readouts completed	Pretrigger counter   	CLCT counter   	TMB trigger counter	ALCTs received counter	L1As received counter 	Readout counter 	Orbit counter	CLCT pre-trigger and ALCT coincidence counter	CFEB0 active flag sent to DMB for readout	CFEB1 active flag sent to DMB for readout	CFEB2 active flag sent to DMB for readout	CFEB3 active flag sent to DMB for readout
60627	2680	3686	66920	22804	18808	14379	12967	0	0	0	0	0	29235	161594	37685	1202	37391	294	35353	36191	2038	1200	368	1206	242	37391	2406	37391	3718	2450	1268	34941	2450	80523	37721	37404	61085	3718	2450	104937	49126	25814	24418	18597	14804
1392	10	0	40695	10177	9707	7827	13217	0	0	0	0	0	40541	50451	154	1	52	102	48	51	4	1	0	3	1	52	4	52	0	0	0	52	0	121318	37876	37457	62481	3718	2450	252977	132	11611	12820	9530	13852
59732	2675	3651	65942	22368	18803	14141	12625	0	0	0	0	0	28761	159563	37181	1158	36882	299	34825	35727	2057	1155	368	1270	235	36882	2425	36882	3681	2421	1260	34461	2421	187303	75057	74339	122213	3303	775	307360	48361	25392	24281	18490	14384
1357	13	0	40623	10200	9629	7759	13250	0	0	0	0	0	40483	50425	140	1	43	97	39	42	4	1	0	3	0	43	4	43	0	0	0	43	0	227956	75197	74382	123573	3303	775	455400	97	11637	12640	9514	13941
58605	2676	3680	64901	22056	18273	13795	12673	0	0	0	0	0	28687	156188	36214	1179	35940	274	33897	34761	2043	1179	380	1244	239	35940	2423	35940	3704	2401	1303	33539	2401	292896	111411	110322	182183	2911	3176	509771	47348	25020	23695	17986	14416
1391	17	0	40254	9957	9613	7871	13050	0	0	0	0	0	40111	50085	143	2	55	88	51	54	4	1	1	4	0	55	5	55	0	0	0	55	0	333195	111554	110377	183574	2911	3176	657821	129	11420	12654	9538	13757
63197	2836	3877	68873	23720	19557	14589	13153	0	0	0	0	0	29456	167554	39417	1298	39132	285	36924	37838	2208	1294	387	1301	287	39132	2595	39132	3910	2626	1284	36506	2626	402100	150971	149509	246773	2725	1706	712193	51156	26783	25235	18957	14983
1368	8	0	40116	10006	9514	7623	13195	0	0	0	0	0	39987	49826	129	1	47	82	46	47	1	0	0	1	0	47	1	47	0	0	0	47	0	442255	151100	149556	248142	2725	1706	860245	119	11487	12506	9328	13831
60005	2669	3610	66221	22278	18993	14238	12789	0	0	0	0	0	28982	159775	37239	1204	36977	262	34907	35774	2070	1203	375	1242	272	36977	2445	36977	3629	2443	1186	34534	2443	508506	188339	186533	308148	2258	53	914617	48648	25306	24454	18457	14517
1428	23	0	40216	10004	9569	7834	13025	0	0	0	0	0	40071	50039	145	3	50	95	43	47	7	3	1	5	2	50	8	50	0	0	0	50	0	548749	188484	186583	309577	2258	53	1062667	129	11402	12723	9529	13665
60166	2705	3689	65986	22385	18911	14121	12708	0	0	0	0	0	28641	159750	37345	1165	37071	274	35025	35907	2046	1164	400	1282	234	37071	2446	37071	3711	2396	1315	34675	2396	614761	225829	223654	369744	1873	2449	1117040	48685	25550	24404	18424	14478
1352	16	0	40216	10134	9422	7750	13146	0	0	0	0	0	40095	49941	121	1	49	72	43	48	6	1	1	6	0	49	7	49	0	0	0	49	0	655013	225950	223703	371097	1873	2449	1265079	128	11542	12431	9473	13802
62107	2777	3784	67745	23147	19184	14641	12851	0	0	0	0	0	29181	164779	38564	1273	38291	273	36136	37019	2155	1272	419	1302	242	38291	2574	38291	3809	2498	1311	35793	2498	722792	264515	261994	433205	1586	851	1319462	50160	26202	24892	18826	14655
1407	10	0	40693	10162	9674	7829	13241	0	0	0	0	0	40547	50556	146	1	50	96	49	49	1	1	0	0	0	50	1	50	0	0	0	50	0	763513	264661	262044	434616	1586	851	1467500	134	11587	12742	9571	13927
61129	2811	3701	67153	23045	18985	14386	12897	0	0	0	0	0	29073	162681	38080	1265	37789	291	35610	36525	2179	1264	407	1322	267	37789	2586	37789	3727	2483	1244	35306	2483	830698	302741	299833	495746	1217	3334	1521875	49493	26088	24626	18557	14659
1332	12	0	40589	10091	9735	7823	13156	0	0	0	0	0	40420	50444	169	4	59	110	54	57	5	2	0	3	1	59	5	59	0	0	0	59	0	871316	302910	299892	497080	1217	3334	1669926	126	11536	12816	9582	13840
60407	2699	3648	66369	22688	18808	14117	12775	0	0	0	0	0	29003	160322	37366	1181	37089	277	35013	35910	2076	1179	370	1267	257	37089	2446	37089	3674	2396	1278	34693	2396	937715	340276	336981	557488	795	1634	1724298	48808	25740	24315	18316	14521
1414	9	0	40513	10208	9784	7660	13070	0	0	0	0	0	40361	50281	152	2	56	96	54	55	2	1	0	1	0	56	2	56	0	0	0	56	0	978258	340428	337037	558903	795	1634	1872348	121	11595	12762	9328	13750
61407	2789	3676	67246	22964	19059	14480	12892	0	0	0	0	0	29074	163013	38172	1240	37902	270	35752	36665	2150	1237	384	1297	272	37902	2534	37902	3692	2422	1270	35480	2422	1045532	378601	374940	620312	391	4056	1926721	49710	26036	24699	18846	14756
1428	15	0	40665	10227	9730	7779	13157	0	0	0	0	0	40513	50461	152	5	55	97	50	50	5	5	2	2	1	55	7	55	0	0	0	55	0	1086222	378753	374995	621741	391	4056	2074772	129	11638	12672	9522	13840

processed_m4642_ME21_HV0_test40_SRCoff_170717_210403_TMBCounters.txt																																													
alct0 valid pattern flag received	alct1 valid pattern flag received	raw hits readout   	Pretrigger   	Pretrigger on CFEB0	Pretrigger on CFEB1	Pretrigger on CFEB2	Pretrigger on CFEB3	Pretrigger on CFEB4	Pretrigger on CFEB5	Pretrigger on CFEB6	Pretrigger on ME1A CFEB 4-6 only	Pretrigger on ME1B CFEBs 0-3 only	Discarded, CLCT0 invalid pattern after drift	BX pretrig waiting for triads to dissipate	clct0 sent to TMB matching section	clct1 sent to TMB matching section	TMB accepted alct	TMB match reject event  	Matching found one ALCT	Matching found one CLCT	Matching found two ALCTs	Matching found two CLCTs	ALCT0 copied into ALCT1 to make 2nd LCT	CLCT0 copied into CLCT1 to make 2nd LCT	LCT1 has higher quality than LCT0 	Transmitted LCT0 to MPC	Transmitted LCT1 to MPC	MPC rejected both LCT0 and LCT1	L1A received   	L1A received, TMB in L1A window	L1A received, no TMB in window	TMB triggered, no L1A in window	TMB readouts completed	Pretrigger counter   	CLCT counter   	TMB trigger counter	ALCTs received counter	L1As received counter 	Readout counter 	Orbit counter	CLCT pre-trigger and ALCT coincidence counter	CFEB0 active flag sent to DMB for readout	CFEB1 active flag sent to DMB for readout	CFEB2 active flag sent to DMB for readout	CFEB3 active flag sent to DMB for readout
63866	3109	3938	75606	26285	21316	15965	15500	0	0	0	0	0	20381	203650	55225	2474	54859	366	52120	52387	2739	2472	882	1149	481	54859	3621	54859	3963	3881	82	50978	3881	92751	55292	54883	64514	3963	3881	104937	27911	29691	27657	20829	17498
1838	12	0	50265	12321	11317	9159	17725	0	0	0	0	0	50060	62780	205	3	89	116	85	86	4	3	2	3	2	89	6	89	0	0	0	89	0	143182	55497	54972	66357	3963	3881	252987	102	14022	15097	11153	18515
61519	3062	3785	73357	25249	20667	15634	15149	0	0	0	0	0	20209	196940	53148	2301	52808	340	50090	50508	2718	2300	780	1198	457	52808	3498	52808	3800	3744	56	49064	3744	216589	108645	107780	127876	3667	3529	307359	26681	28566	26628	20284	17120
1870	12	0	50176	12138	11344	9121	17835	0	0	0	0	0	49962	62678	214	4	104	110	99	101	5	3	1	3	0	104	6	104	0	0	0	104	0	266809	108859	107884	129748	3667	3529	455399	121	13876	15095	11116	18627
64245	3147	3968	76007	26204	21522	16024	15731	0	0	0	0	0	20387	205350	55620	2417	55236	384	52461	52823	2775	2413	803	1165	476	55236	3578	55236	3977	3910	67	51326	3910	342856	164479	163120	193995	3548	3343	509782	27984	29606	27826	20849	17694
1785	19	0	50288	12169	11399	9147	17829	0	0	0	0	0	50095	62583	193	5	82	111	76	77	6	5	3	4	1	82	9	82	0	0	0	82	0	393195	164673	163202	195782	3548	3343	657820	95	13934	15062	11169	18584
64977	3195	3854	76400	26369	21634	16265	15637	0	0	0	0	0	20256	206701	56144	2433	55780	364	52982	53348	2798	2432	835	1201	424	55780	3633	55780	3871	3806	65	51974	3806	469639	220819	218984	260762	3323	3053	712194	28282	29880	27900	21205	17744
1866	20	0	50214	12318	11516	9089	17577	0	0	0	0	0	50016	62688	198	6	76	122	70	71	6	5	3	4	0	76	9	76	0	0	0	76	0	519889	221017	219060	262629	3323	3053	860243	109	14021	15137	11179	18370
63185	3101	3887	75049	25847	21035	16140	15471	0	0	0	0	0	20267	202260	54782	2382	54429	353	51657	52049	2772	2380	777	1169	457	54429	3549	54429	3906	3827	79	50602	3827	594980	275799	273489	325816	3133	2784	914617	27762	29315	27206	20776	17516
1765	11	0	50347	12266	11471	8998	17861	0	0	0	0	0	50132	62916	215	4	83	132	78	81	5	2	1	4	1	83	6	83	0	0	0	83	0	645368	276014	273572	327581	3133	2784	1062666	89	13925	15111	11033	18602
64663	3097	3932	76180	26261	21473	16384	15494	0	0	0	0	0	20266	205614	55914	2419	55560	354	52834	53143	2726	2417	848	1157	443	55560	3574	55560	3950	3899	51	51661	3899	721590	331928	329132	392244	2987	2587	1117040	28547	29847	27768	21245	17514
1743	11	0	50383	12168	11433	9179	17876	0	0	0	0	0	50196	62978	187	2	67	120	64	66	3	1	1	3	0	67	4	67	0	0	0	67	0	772020	332115	329199	393989	2987	2587	1265089	84	13947	15059	11141	18636
67909	3364	4135	79061	27535	22108	16893	16121	0	0	0	0	0	20428	215124	58633	2558	58268	365	55310	55716	2958	2552	857	1263	451	58268	3815	58268	4146	4069	77	54199	4069	851119	390748	387467	461899	3037	2560	1319463	29719	31104	28629	21974	18207
1754	16	0	50196	12192	11220	9241	17815	0	0	0	0	0	49983	62660	213	3	89	124	84	87	5	2	0	3	0	89	5	89	0	0	0	89	0	901373	390961	387556	463653	3037	2560	1467501	95	13930	14853	11204	18606
64061	3122	3842	75842	26317	21410	16008	15625	0	0	0	0	0	20372	204539	55470	2370	55094	376	52333	52727	2761	2367	796	1190	441	55094	3557	55094	3855	3788	67	51306	3788	977253	446432	442651	527716	2796	2252	1521884	28442	29737	27592	20975	17593
1805	18	0	50095	12230	11388	9017	17733	0	0	0	0	0	49879	62472	216	4	80	136	75	76	5	4	1	2	1	80	6	80	0	0	0	80	0	1027387	446648	442731	529522	2796	2252	1669927	98	13863	15106	10991	18545
64636	3161	3955	76140	26332	21508	16230	15521	0	0	0	0	0	20174	206101	55966	2485	55596	370	52808	53115	2788	2481	839	1146	487	55596	3627	55596	3972	3887	85	51709	3887	1103575	502614	498327	594161	2672	2043	1724307	28272	29793	27783	21097	17593
1807	13	0	49823	12080	11182	9036	17756	0	0	0	0	0	49638	62124	185	2	76	109	68	75	8	1	0	7	0	76	8	76	0	0	0	76	0	1153428	502799	498403	595969	2672	2043	1872348	74	13800	14726	11052	18586
64850	3097	4102	76663	26717	21544	16165	15711	0	0	0	0	0	20471	207057	56192	2406	55791	401	53028	53393	2763	2398	782	1147	465	55791	3545	55791	4124	4046	78	51745	4046	1230148	558991	554194	660821	2700	1993	1926730	28447	30231	27840	21005	17776
1799	15	0	49820	12239	11173	9029	17630	0	0	0	0	0	49602	62076	218	4	106	112	102	103	4	3	0	1	0	106	4	106	0	0	0	106	0	1280013	559210	554301	662624	2700	1993	2074769	115	13895	14894	10948	18400

