processed_m4418_ME21_HV0_test40_SRCoff_170713_205612_TMBCounters.txt																																													
alct0 valid pattern flag received	alct1 valid pattern flag received	raw hits readout   	Pretrigger   	Pretrigger on CFEB0	Pretrigger on CFEB1	Pretrigger on CFEB2	Pretrigger on CFEB3	Pretrigger on CFEB4	Pretrigger on CFEB5	Pretrigger on CFEB6	Pretrigger on ME1A CFEB 4-6 only	Pretrigger on ME1B CFEBs 0-3 only	Discarded, CLCT0 invalid pattern after drift	BX pretrig waiting for triads to dissipate	clct0 sent to TMB matching section	clct1 sent to TMB matching section	TMB accepted alct	TMB match reject event  	Matching found one ALCT	Matching found one CLCT	Matching found two ALCTs	Matching found two CLCTs	ALCT0 copied into ALCT1 to make 2nd LCT	CLCT0 copied into CLCT1 to make 2nd LCT	LCT1 has higher quality than LCT0 	Transmitted LCT0 to MPC	Transmitted LCT1 to MPC	MPC rejected both LCT0 and LCT1	L1A received   	L1A received, TMB in L1A window	L1A received, no TMB in window	TMB triggered, no L1A in window	TMB readouts completed	Pretrigger counter   	CLCT counter   	TMB trigger counter	ALCTs received counter	L1As received counter 	Readout counter 	Orbit counter	CLCT pre-trigger and ALCT coincidence counter	CFEB0 active flag sent to DMB for readout	CFEB1 active flag sent to DMB for readout	CFEB2 active flag sent to DMB for readout	CFEB3 active flag sent to DMB for readout
61816	2806	2361	175701	49184	43809	34844	51503	0	0	0	0	0	128229	312640	47472	2042	46914	558	44500	44876	2414	2038	700	1076	429	46914	3114	46914	2368	2285	83	44629	2285	292743	47827	46942	67483	2368	2285	104926	27279	56150	57545	43617	54859
46701	102	0	937973	229437	216921	174726	322409	0	0	0	0	0	935232	1168349	2741	12	229	2512	213	218	16	11	7	12	2	229	23	229	0	0	0	229	0	1231484	50570	47171	114218	2368	2285	509378	768	261601	286425	213467	336540
57442	2633	2146	171331	47337	42542	33837	51014	0	0	0	0	0	127695	299521	43636	1865	43074	562	40801	41211	2273	1863	635	1045	403	43074	2908	43074	2158	2069	89	41005	2069	1403121	94207	90246	171674	430	258	563750	25027	53999	55895	42363	54357
46624	84	0	936263	230037	215618	174116	322052	0	0	0	0	0	933536	1166237	2726	4	234	2492	220	231	14	3	0	11	2	234	14	234	0	0	0	234	0	2339650	96935	90480	218309	430	258	968192	834	262235	284738	213026	336114
56718	2518	2201	170374	47039	42345	33511	50773	0	0	0	0	0	127146	297706	43228	1796	42691	537	40477	40897	2214	1794	612	1032	351	42691	2826	42691	2211	2133	78	40558	2133	2510329	140164	133171	275041	2641	2391	1022565	24811	53680	55374	41925	54016
46082	93	0	936516	229444	216240	173949	322339	0	0	0	0	0	933665	1165896	2851	6	241	2610	226	236	15	5	1	11	3	241	16	241	0	0	0	241	0	3447132	143016	133412	321134	2641	2391	1427018	802	261825	285377	212761	336463
55510	2596	2004	170535	46717	42383	33583	51178	0	0	0	0	0	128375	295193	42160	1762	41594	566	39364	39832	2230	1762	563	1031	315	41594	2793	41594	2013	1940	73	39654	1940	3617952	185176	175006	376655	558	235	1481389	24060	53185	55665	41904	54290
46298	88	0	937617	229388	216436	174510	322520	0	0	0	0	0	934838	1167610	2779	3	243	2536	223	240	20	3	0	17	0	243	20	243	0	0	0	243	0	4555840	187957	175249	422967	558	235	1885831	785	261222	285558	213186	336548
57934	2576	2138	172162	47659	42667	33902	51365	0	0	0	0	0	128070	301225	44092	1775	43549	543	41316	41775	2233	1774	577	1036	376	43549	2810	43549	2148	2057	91	41492	2057	4728287	232050	218798	480925	2706	2292	1940215	25475	54214	56081	42318	54716
45831	75	0	937712	229382	216899	174467	322288	0	0	0	0	0	934887	1168558	2825	4	222	2603	214	219	8	3	2	7	0	222	10	222	0	0	0	222	0	5666279	234876	219020	526768	2706	2292	2344655	780	261493	286224	213382	336492
59876	2790	2270	173442	47833	43191	34302	51689	0	0	0	0	0	127557	306507	45885	1971	45288	597	42894	43318	2394	1970	666	1090	425	45288	3060	45288	2279	2189	90	43099	2189	5839994	280762	264309	586657	889	385	2399029	26481	54594	56600	42966	55001
46605	96	0	937899	229147	215952	174800	323352	0	0	0	0	0	935130	1168480	2769	9	225	2544	207	216	18	9	3	12	2	225	21	225	0	0	0	225	0	6778159	283531	264534	633280	889	385	2803470	795	261419	285219	213771	337454
59918	2741	2208	173047	48048	43150	34150	51259	0	0	0	0	0	127203	305837	45844	1945	45261	583	42896	43320	2365	1941	667	1091	384	45261	3032	45261	2218	2144	74	43117	2144	6951499	329377	309795	693207	3107	2529	2857854	26507	54817	56770	42579	54630
46476	86	0	937301	229331	215681	174715	322994	0	0	0	0	0	934588	1167701	2713	7	210	2503	201	203	9	7	2	4	3	210	11	210	0	0	0	210	0	7889074	332090	310005	739696	3107	2529	3262296	744	261529	285066	213357	337118
59468	2741	2260	172882	47869	43243	33936	51308	0	0	0	0	0	127421	305042	45461	1884	44827	634	42444	42945	2383	1882	580	1081	390	44827	2963	44827	2273	2185	88	42642	2185	8062249	377551	354832	799178	1284	618	3316668	26130	54544	56501	42663	54584
46649	103	0	938125	230004	215723	174664	322968	0	0	0	0	0	935287	1168163	2838	4	232	2606	220	230	12	2	1	11	0	232	13	232	0	0	0	232	0	9000670	380390	355064	845837	1284	618	3721120	839	261828	285495	213903	336974
58820	2626	2239	172678	47852	43050	33924	51328	0	0	0	0	0	127733	303515	44945	1821	44396	549	42119	42576	2277	1820	558	1015	332	44396	2835	44396	2247	2164	83	42232	2164	9173635	425336	399460	904670	3531	2782	3775492	25927	54609	56419	42609	54635
46270	89	0	937899	228591	215917	175799	323182	0	0	0	0	0	935119	1168646	2780	7	228	2552	217	222	11	6	2	7	4	228	13	228	0	0	0	228	0	10111824	428117	399688	950950	3531	2782	4179933	816	260536	284958	214410	337143
58515	2622	2214	171358	47426	42589	33764	50980	0	0	0	0	0	126816	301259	44542	1829	43995	547	41709	42170	2286	1825	614	1075	374	43995	2900	43995	2222	2139	83	41856	2139	10283468	472659	443683	1009484	1657	825	4234307	25422	54074	55864	42222	54296
46611	96	0	935938	228364	216139	174274	322466	0	0	0	0	0	933176	1165316	2762	6	242	2520	230	236	12	6	2	8	3	242	14	242	0	0	0	242	0	11219680	475422	443925	1056106	1657	825	4638759	859	260337	284831	213501	336601
57846	2674	2272	171685	47283	43009	33813	51025	0	0	0	0	0	127586	300836	44099	1905	43542	557	41205	41638	2337	1904	629	1062	378	43542	2966	43542	2279	2195	84	41347	2195	11391650	519521	487467	1113964	3936	3020	4693131	25573	53982	56308	42479	54175
46369	77	0	938497	229774	217423	173821	323132	0	0	0	0	0	935735	1169293	2762	6	238	2524	222	232	16	6	3	13	4	238	19	238	0	0	0	238	0	12330420	522283	487705	1160346	3936	3020	5097573	735	262281	286807	212465	337138
58437	2633	2251	172217	47676	42628	34352	51040	0	0	0	0	0	127383	302974	44834	1883	44279	555	41978	42399	2301	1880	623	1044	368	44279	2924	44279	2263	2179	84	42100	2179	12502961	567118	531984	1218797	2103	1103	5151957	25892	54390	56010	42870	54393
46421	98	0	937245	229386	216300	174328	322644	0	0	0	0	0	934529	1166399	2716	8	232	2484	217	225	15	7	2	10	0	232	17	232	0	0	0	232	0	13440487	569834	532216	1265236	2103	1103	5556398	791	261502	285353	213132	336493
58295	2698	2214	172075	47294	42906	34086	51201	0	0	0	0	0	127590	301914	44485	1882	43933	552	41575	42052	2358	1881	621	1098	405	43933	2979	43933	2224	2158	66	41775	2158	13612823	614319	576149	1323548	231	3261	5610770	25825	53789	56174	42580	54487
46583	86	0	937101	228915	216882	174387	322278	0	0	0	0	0	934432	1166702	2669	6	216	2453	209	210	7	6	2	3	2	216	9	216	0	0	0	216	0	14550211	616988	576365	1370139	231	3261	6015223	812	261128	286388	213118	336199
59448	2714	2282	173741	47798	43280	34462	51639	0	0	0	0	0	128317	306022	45424	1927	44835	589	42463	42910	2372	1925	659	1106	387	44835	3031	44835	2293	2195	98	42640	2195	14724236	662414	621201	1429610	2524	1360	6069596	26267	54713	56838	43024	54941
46129	93	0	937065	229210	216786	173959	322537	0	0	0	0	0	934316	1166963	2749	7	227	2522	216	223	11	4	0	7	1	227	11	227	0	0	0	227	0	15661575	665166	621430	1475756	2524	1360	6474037	796	261314	286039	212706	336483
58703	2658	2269	172123	47427	42854	34088	51254	0	0	0	0	0	127518	302493	44605	1849	44053	552	41737	42206	2316	1847	629	1098	385	44053	2945	44053	2279	2193	86	41860	2193	15834005	709771	665483	1534472	707	3553	6528409	25812	54193	56233	42685	54573
46056	72	0	936866	229136	215892	174887	322326	0	0	0	0	0	934128	1165931	2738	3	232	2506	220	229	12	3	0	9	0	232	12	232	0	0	0	232	0	16771156	712509	665715	1580547	707	3553	6932854	769	261241	284857	213570	336372
59566	2714	2291	173091	47506	43109	34429	51550	0	0	0	0	0	127515	305146	45576	1874	44973	603	42617	43100	2356	1873	606	1089	364	44973	2962	44973	2298	2200	98	42773	2200	16944525	758087	710688	1640125	3005	1657	6987235	26426	54182	56567	43105	54879
46542	71	0	936485	229132	216607	174256	321821	0	0	0	0	0	933726	1165982	2759	10	233	2526	225	226	8	7	4	5	1	233	12	233	0	0	0	233	0	17881328	760847	710921	1686677	3005	1657	7391677	848	261513	285684	212990	335732
61009	2719	2372	174500	48377	43752	34400	51539	0	0	0	0	0	127731	309708	46769	1920	46167	602	43782	44251	2385	1916	623	1092	378	46167	3008	46167	2379	2292	87	43875	2292	18056092	807617	757088	1747697	1288	3949	7446060	26878	55271	57367	42986	54986
46500	69	0	938220	229282	216199	174957	323105	0	0	0	0	0	935481	1169346	2739	3	236	2503	226	233	10	3	1	8	0	236	11	236	0	0	0	236	0	18994600	810356	757324	1794212	1288	3949	7850502	831	261245	285303	213877	337138
61286	2786	2327	175077	48555	43514	34671	51831	0	0	0	0	0	128059	310770	47018	1962	46415	603	43996	44456	2419	1959	700	1160	372	46415	3119	46415	2336	2244	92	44171	2244	19169957	857374	803739	1855511	3624	2097	7904874	27320	55486	57208	43555	55203

processed_m4419_ME21_HV0_test40_SRCoff_170713_211112_TMBCounters.txt																																													
alct0 valid pattern flag received	alct1 valid pattern flag received	raw hits readout   	Pretrigger   	Pretrigger on CFEB0	Pretrigger on CFEB1	Pretrigger on CFEB2	Pretrigger on CFEB3	Pretrigger on CFEB4	Pretrigger on CFEB5	Pretrigger on CFEB6	Pretrigger on ME1A CFEB 4-6 only	Pretrigger on ME1B CFEBs 0-3 only	Discarded, CLCT0 invalid pattern after drift	BX pretrig waiting for triads to dissipate	clct0 sent to TMB matching section	clct1 sent to TMB matching section	TMB accepted alct	TMB match reject event  	Matching found one ALCT	Matching found one CLCT	Matching found two ALCTs	Matching found two CLCTs	ALCT0 copied into ALCT1 to make 2nd LCT	CLCT0 copied into CLCT1 to make 2nd LCT	LCT1 has higher quality than LCT0 	Transmitted LCT0 to MPC	Transmitted LCT1 to MPC	MPC rejected both LCT0 and LCT1	L1A received   	L1A received, TMB in L1A window	L1A received, no TMB in window	TMB triggered, no L1A in window	TMB readouts completed	Pretrigger counter   	CLCT counter   	TMB trigger counter	ALCTs received counter	L1As received counter 	Readout counter 	Orbit counter	CLCT pre-trigger and ALCT coincidence counter	CFEB0 active flag sent to DMB for readout	CFEB1 active flag sent to DMB for readout	CFEB2 active flag sent to DMB for readout	CFEB3 active flag sent to DMB for readout
55798	2451	2126	170272	46554	42421	33339	51227	0	0	0	0	0	127855	295596	42417	1719	41855	562	39744	40137	2111	1718	596	989	383	41855	2707	41855	2137	2035	102	39820	2035	288003	42762	41889	61708	2137	2035	104814	24513	53252	55631	41646	54474
46277	71	0	937791	229786	216631	174032	322817	0	0	0	0	0	934984	1167668	2807	7	248	2559	235	241	13	7	5	11	1	248	18	248	0	0	0	248	0	1226551	45574	42137	108017	2137	2035	509254	805	261770	285404	212842	336911
58815	2602	2207	172307	47672	42897	33850	51349	0	0	0	0	0	127425	302906	44882	1900	44262	620	42005	42365	2257	1897	670	1030	379	44262	2927	44262	2210	2131	79	42131	2131	1399142	90457	86399	166841	251	70	563639	25960	54397	56201	42493	54726
46307	81	0	938061	229333	216677	175278	322091	0	0	0	0	0	935304	1168964	2757	4	226	2531	217	223	9	3	1	7	2	226	10	226	0	0	0	226	0	2337458	93215	86625	213172	251	70	968080	784	261368	285952	213961	336104
61573	2698	2381	174837	48527	43698	34419	51738	0	0	0	0	0	127714	310394	47123	1862	46504	619	44143	44646	2361	1858	631	1134	372	46504	2992	46504	2396	2296	100	44208	2296	2512561	140339	133129	274758	2647	2366	1022452	27034	55355	57283	43108	55117
46563	85	0	937215	229431	216967	173844	322415	0	0	0	0	0	934444	1167355	2771	8	221	2550	206	215	15	6	1	10	0	221	16	221	0	0	0	221	0	3450061	143111	133350	321336	2647	2366	1426905	767	261602	286018	212632	336435
58975	2678	2302	173158	47813	43142	34275	51432	0	0	0	0	0	128063	304526	45095	1864	44488	607	42166	42625	2322	1863	639	1098	365	44488	2961	44488	2311	2228	83	42260	2228	3623505	188207	177839	380326	862	498	1481278	26001	54683	56568	42847	54756
46436	81	0	937922	229304	216703	174494	322902	0	0	0	0	0	935268	1168377	2654	5	205	2449	200	200	5	5	2	2	2	205	7	205	0	0	0	205	0	4561706	190863	178044	426772	862	498	1885719	801	261283	285928	213089	336991
60891	2762	2364	174258	48200	43465	34483	51602	0	0	0	0	0	127850	308341	46408	1903	45808	600	43433	43910	2375	1898	630	1107	389	45808	3005	45808	2374	2288	86	43520	2288	4736250	237272	223852	487676	3236	2786	1940091	26727	55056	57084	43107	55029
46517	83	0	939438	230244	216205	175237	323103	0	0	0	0	0	936669	1170155	2769	7	240	2529	226	233	14	7	2	9	1	240	16	240	0	0	0	240	0	5675958	240041	224092	534205	3236	2786	2344544	852	262466	285976	213989	337200
57168	2581	2234	171457	47395	42362	33782	51243	0	0	0	0	0	127937	299032	43520	1747	42889	631	40640	41147	2249	1742	546	1053	342	42889	2795	42889	2241	2147	94	40742	2147	5847699	283561	266981	591388	1381	837	2398916	25019	53936	55519	42345	54650
46357	90	0	937581	229798	216081	174127	323066	0	0	0	0	0	934774	1167637	2807	11	251	2556	237	242	14	9	5	10	1	251	19	251	0	0	0	251	0	6785561	286369	267232	637757	1381	837	2803358	810	261992	285374	212862	337366
59817	2734	2263	173359	48007	43308	34251	51289	0	0	0	0	0	127609	305937	45750	1938	45102	648	42702	43167	2400	1935	635	1100	390	45102	3035	45102	2272	2200	72	42902	2200	6959195	332120	312334	697583	3653	3037	2857741	26009	54723	56709	42825	54673
46521	81	0	936860	229112	216279	174790	322027	0	0	0	0	0	934125	1166556	2735	12	229	2506	215	218	14	11	3	6	4	229	17	229	0	0	0	229	0	7896358	334856	312563	744120	3653	3037	3262194	787	261009	285312	213486	336057
58270	2669	2181	172415	47596	42939	34222	51186	0	0	0	0	0	127878	302716	44537	1892	43911	626	41590	42024	2321	1887	648	1082	383	43911	2969	43911	2187	2112	75	41799	2112	8069066	379394	356474	802405	1744	1053	3316577	25372	54230	56267	42705	54600
46723	78	0	939063	230049	216918	174151	323364	0	0	0	0	0	936271	1169218	2792	4	245	2547	234	241	11	4	2	9	1	245	13	245	0	0	0	245	0	9008398	382187	356720	849141	1744	1053	3721007	805	262171	286543	213366	337414
60140	2803	2274	174172	48197	43352	34255	51860	0	0	0	0	0	127944	308122	46228	1974	45608	620	43165	43636	2443	1972	652	1123	396	45608	3095	45608	2284	2198	86	43410	2198	9182857	428416	402328	909297	4028	3251	3775373	26592	54893	56941	42760	55261
46234	107	0	937530	229628	216063	174159	323057	0	0	0	0	0	934700	1167922	2830	4	243	2587	232	239	11	4	2	9	1	243	13	243	0	0	0	243	0	10120681	431246	402571	955546	4028	3251	4179822	816	261445	285209	212884	337057
57363	2562	2221	171498	47013	42535	33985	51313	0	0	0	0	0	127553	300406	43945	1788	43369	576	41124	41584	2245	1785	590	1050	382	43369	2835	43369	2231	2142	89	41227	2142	10292446	475191	445940	1012924	2163	1297	4234194	25282	53647	55799	42434	54641
45987	82	0	938019	229272	216704	174658	322881	0	0	0	0	0	935238	1169323	2781	7	216	2565	199	209	17	7	3	13	3	216	20	216	0	0	0	216	0	11230727	477972	446156	1058922	2163	1297	4638646	774	261396	286009	213654	337090
61669	2833	2389	174540	48213	43834	34665	51581	0	0	0	0	0	127408	310379	47132	1998	46526	606	44045	44529	2481	1997	629	1113	399	46526	3110	46526	2402	2300	102	44226	2300	11405530	525104	492682	1120600	469	3597	4693020	27146	55137	57130	43503	54992
46375	88	0	938783	230140	216701	174080	323114	0	0	0	0	0	935966	1169186	2817	8	236	2581	219	230	17	6	2	13	2	236	19	236	0	0	0	236	0	12344591	527922	492919	1166995	469	3597	5097461	757	261979	286443	212686	337196
59514	2607	2276	172874	47527	43356	34027	51375	0	0	0	0	0	127327	305236	45547	1810	44992	555	42717	43183	2275	1809	624	1090	381	44992	2899	44992	2293	2209	84	42783	2209	12517742	573471	537911	1226524	2762	1710	5151833	26165	54408	56779	42644	54571
46344	68	0	937331	229647	216310	174305	322495	0	0	0	0	0	934619	1167794	2712	7	223	2489	212	216	11	7	3	7	1	223	14	223	0	0	0	223	0	13455373	576184	538134	1272887	2762	1710	5556285	793	261876	285572	213164	336411
58663	2637	2230	173622	47941	42970	34354	51740	0	0	0	0	0	128809	304471	44813	1876	44229	584	41921	42355	2308	1874	608	1042	392	44229	2916	44229	2237	2146	91	42083	2146	13629283	620997	582363	1331564	903	3856	5610659	25655	54817	56414	42844	55030
46501	87	0	937543	229617	216215	173991	323097	0	0	0	0	0	934793	1167786	2750	9	211	2539	201	204	10	7	1	4	3	211	11	211	0	0	0	211	0	14567099	623748	582574	1378077	903	3856	6015100	822	261634	285482	212760	337084
57898	2645	2226	171878	47372	42584	34025	51306	0	0	0	0	0	127882	300774	43996	1865	43473	523	41183	41609	2290	1864	599	1025	357	43473	2889	43473	2237	2165	72	41308	2165	14739243	667744	626047	1435986	3140	1925	6069483	25470	54089	55912	42550	54664
46750	98	0	937853	229365	215864	174669	323328	0	0	0	0	0	935112	1168090	2741	6	241	2500	226	235	15	6	2	11	2	241	17	241	0	0	0	241	0	15677373	670486	626288	1482753	3140	1925	6473925	803	261428	285041	213282	337359
55235	2430	2088	169053	46024	42387	33375	50467	0	0	0	0	0	127192	293198	41861	1709	41314	547	39192	39606	2122	1708	562	976	333	41314	2684	41314	2095	2025	70	39289	2025	15846724	712348	667602	1537997	1139	3950	6528298	24230	52580	55622	41798	53616
46480	78	0	937084	229423	217151	174081	321934	0	0	0	0	0	934324	1167142	2760	9	246	2514	229	238	17	8	1	10	2	246	18	246	0	0	0	246	0	16784089	715109	667849	1584492	1139	3950	6932750	872	261584	286006	212827	336035
58525	2672	2289	172431	47418	43312	33885	51364	0	0	0	0	0	127579	303421	44852	1903	44261	591	41934	42358	2327	1903	616	1040	384	44261	2943	44261	2298	2215	83	42046	2215	16956815	759963	712110	1643031	3437	2069	6987122	26013	54254	56611	42592	54741
46546	80	0	937288	229084	215618	174504	323525	0	0	0	0	0	934517	1167045	2771	5	222	2549	211	217	11	5	2	8	2	222	13	222	0	0	0	222	0	17894356	762735	712332	1689590	3437	2069	7391564	747	261259	284577	213092	337374
56265	2521	2062	170473	46805	42522	33579	50849	0	0	0	0	0	127660	296352	42813	1800	42243	569	40036	40444	2207	1799	599	1007	371	42243	2806	42243	2071	1985	86	40258	1985	18065101	805548	754575	1745864	1412	4054	7445937	24637	53370	55822	42000	54097
46486	87	0	938104	228914	216248	174842	323472	0	0	0	0	0	935288	1168737	2816	6	222	2594	212	216	10	6	1	5	0	222	11	222	0	0	0	222	0	19003483	808366	754797	1792369	1412	4054	7850388	727	260964	285859	213732	337620

processed_m4421_ME21_3300_test40_SRCoff_170713_214123_TMBCounters.txt																																													
alct0 valid pattern flag received	alct1 valid pattern flag received	raw hits readout   	Pretrigger   	Pretrigger on CFEB0	Pretrigger on CFEB1	Pretrigger on CFEB2	Pretrigger on CFEB3	Pretrigger on CFEB4	Pretrigger on CFEB5	Pretrigger on CFEB6	Pretrigger on ME1A CFEB 4-6 only	Pretrigger on ME1B CFEBs 0-3 only	Discarded, CLCT0 invalid pattern after drift	BX pretrig waiting for triads to dissipate	clct0 sent to TMB matching section	clct1 sent to TMB matching section	TMB accepted alct	TMB match reject event  	Matching found one ALCT	Matching found one CLCT	Matching found two ALCTs	Matching found two CLCTs	ALCT0 copied into ALCT1 to make 2nd LCT	CLCT0 copied into CLCT1 to make 2nd LCT	LCT1 has higher quality than LCT0 	Transmitted LCT0 to MPC	Transmitted LCT1 to MPC	MPC rejected both LCT0 and LCT1	L1A received   	L1A received, TMB in L1A window	L1A received, no TMB in window	TMB triggered, no L1A in window	TMB readouts completed	Pretrigger counter   	CLCT counter   	TMB trigger counter	ALCTs received counter	L1As received counter 	Readout counter 	Orbit counter	CLCT pre-trigger and ALCT coincidence counter	CFEB0 active flag sent to DMB for readout	CFEB1 active flag sent to DMB for readout	CFEB2 active flag sent to DMB for readout	CFEB3 active flag sent to DMB for readout
51331	1659	2085	94073	24534	24359	18918	27166	0	0	0	0	0	88625	132224	5448	165	5166	282	4599	5001	567	165	38	440	35	5166	605	5166	2358	236	2122	4930	236	163081	5602	5170	54327	2358	236	104802	16833	28495	31738	23387	29172
23819	37	0	550638	134440	135142	107766	176689	0	0	0	0	0	549429	681680	1209	1	26	1183	22	25	4	1	0	3	0	26	4	26	0	0	0	26	0	713875	6811	5196	78152	2358	236	509255	391	155337	177265	132439	185699
47320	1569	1943	92396	24195	23849	18588	26682	0	0	0	0	0	87387	128604	5009	160	4763	246	4233	4603	530	160	33	403	26	4763	563	4763	2184	190	1994	4573	190	806452	11820	9959	125478	446	426	563627	15558	28012	31238	22910	28549
24048	34	0	552414	135241	134232	108778	177473	0	0	0	0	0	551162	684061	1252	3	33	1219	29	30	4	3	0	1	0	33	4	33	0	0	0	33	0	1359031	13072	9992	149528	446	426	968069	401	155812	176483	133502	186576
47596	1513	1970	92300	24211	23607	18512	26876	0	0	0	0	0	87185	128422	5115	124	4843	272	4299	4719	544	124	20	440	23	4843	564	4843	2225	205	2020	4638	205	1451499	18187	14835	197127	2671	631	1022441	15532	28049	30987	23017	28745
23889	41	0	551519	134738	134715	107823	177591	0	0	0	0	0	550321	683093	1198	0	29	1169	26	29	3	0	0	3	0	29	3	29	0	0	0	29	0	2003182	19385	14864	221022	2671	631	1426894	389	155181	176754	132492	186680
47005	1481	1932	92012	24052	23846	18478	26536	0	0	0	0	0	87014	127768	4998	126	4731	267	4257	4605	474	126	33	381	28	4731	507	4731	2195	197	1998	4534	197	2095353	24384	19595	268034	770	828	1481267	15361	27900	31209	22939	28367
23955	26	0	550680	134922	134319	107930	176886	0	0	0	0	0	549450	682318	1230	2	28	1202	26	26	2	2	1	1	0	28	3	28	0	0	0	28	0	2646204	25615	19623	291997	770	828	1885707	399	155506	176297	132299	186034
47979	1556	1900	92501	24163	23761	18672	26786	0	0	0	0	0	87360	128849	5141	144	4899	242	4345	4755	554	144	29	439	21	4899	583	4899	2183	191	1992	4708	191	2738862	30756	24522	339985	2953	1019	1940093	15634	27976	31140	23092	28695
24097	34	0	549701	134202	134530	107834	176430	0	0	0	0	0	548482	680748	1219	0	19	1200	16	19	3	0	0	3	0	19	3	19	0	0	0	19	0	3288724	31975	24541	364086	2953	1019	2344532	368	154670	176701	132432	185476
47569	1498	1988	91962	23918	23829	18426	26712	0	0	0	0	0	86902	128465	5060	149	4795	264	4269	4646	526	149	34	411	29	4795	560	4795	2269	220	2049	4575	220	3380840	37038	29336	411669	1126	1239	2398905	15454	27768	31080	22978	28540
24034	37	0	552237	135128	135348	107475	177504	0	0	0	0	0	550990	683751	1247	1	26	1221	24	25	2	1	0	1	0	26	2	26	0	0	0	26	0	3933227	38285	29362	435709	1126	1239	2803346	396	155901	177409	131891	186520
46994	1525	1957	92324	24062	23587	18682	26908	0	0	0	0	0	87368	128518	4956	151	4710	246	4216	4559	494	151	32	375	30	4710	526	4710	2196	199	1997	4511	199	4025724	43241	34072	482711	3322	1438	2857722	15355	27858	30998	22986	28736
24028	32	0	550843	134328	134107	108266	177440	0	0	0	0	0	549577	681996	1266	0	33	1233	31	33	2	0	0	2	0	33	2	33	0	0	0	33	0	4576731	44507	34105	506747	3322	1438	3262172	424	154709	176241	132668	186597
49070	1582	2007	93187	24742	23983	18604	26757	0	0	0	0	0	88107	130042	5080	142	4821	259	4263	4679	558	142	30	446	33	4821	588	4821	2275	210	2065	4611	210	4670076	49587	38926	555824	1501	1648	3316544	16166	28591	31563	23097	28621
24017	44	0	552062	135284	135010	107836	177222	0	0	0	0	0	550887	683443	1175	0	27	1148	26	27	1	0	0	1	0	27	1	27	0	0	0	27	0	5222285	50763	38953	579848	1501	1648	3720987	364	155808	177059	132508	186241
50177	1592	2011	93973	24470	24174	18959	27249	0	0	0	0	0	88678	131491	5295	151	5083	212	4569	4932	514	151	39	402	25	5083	553	5083	2309	240	2069	4843	240	5316436	56058	44036	630033	3810	1888	3775368	16684	28357	31595	23568	29246
23942	49	0	551993	135227	135074	107824	177233	0	0	0	0	0	550831	683313	1162	2	22	1140	19	20	3	2	1	2	0	22	4	22	0	0	0	22	0	5868579	57220	44058	653982	3810	1888	4179811	392	155787	176983	132501	186460
47910	1563	1953	92119	23949	23773	18721	26571	0	0	0	0	0	87039	128638	5080	164	4812	268	4240	4648	572	164	34	442	25	4812	606	4812	2196	179	2017	4633	179	5960852	62300	48870	701901	1910	2067	4234185	15570	27765	30984	23252	28378
23993	43	0	551675	135146	134575	108025	177233	0	0	0	0	0	550448	683358	1227	2	32	1195	29	31	3	1	0	2	0	32	3	32	0	0	0	32	0	6512684	63527	48902	725900	1910	2067	4638636	404	156037	176815	132403	186514
48016	1549	1865	92801	24210	24011	18495	27006	0	0	0	0	0	87760	128706	5041	146	4782	259	4244	4636	538	146	32	424	35	4782	570	4782	2143	199	1944	4583	199	6605651	68569	53684	773921	4053	2266	4693010	15646	28011	31299	22975	28885
23945	35	0	551308	134137	135316	107676	177506	0	0	0	0	0	550094	682884	1214	1	25	1189	20	24	5	1	0	4	0	25	5	25	0	0	0	25	0	7157136	69783	53709	797878	4053	2266	5097450	400	154724	177099	132190	186630
47594	1526	1927	92675	24101	23996	18453	27023	0	0	0	0	0	87716	128739	4959	145	4716	243	4180	4571	536	145	28	419	27	4716	564	4716	2181	195	1986	4521	195	7249990	74742	58425	845478	2138	2461	5151824	15609	27995	31357	22919	28863
23913	35	0	550139	134304	135028	107755	176394	0	0	0	0	0	548986	680890	1153	0	21	1132	19	21	2	0	0	2	0	21	2	21	0	0	0	21	0	7800305	75896	58446	869401	2138	2461	5556275	359	155136	176685	132547	185555
47579	1477	2027	92402	24174	23771	18418	26951	0	0	0	0	0	87455	128425	4947	147	4683	264	4176	4536	507	147	31	391	32	4683	538	4683	2288	207	2081	4476	207	7892894	80844	63129	916984	330	2668	5610647	15322	27930	31192	22840	28786
23984	38	0	550934	135294	134353	107879	176700	0	0	0	0	0	549737	682442	1197	0	26	1171	25	26	1	0	0	1	0	26	1	26	0	0	0	26	0	8444009	82041	63155	940974	330	2668	6015101	365	155760	176214	132350	185943
48287	1582	2019	93025	24171	23851	18798	27170	0	0	0	0	0	87962	129478	5063	146	4825	238	4291	4679	534	146	29	417	27	4825	563	4825	2265	203	2062	4622	203	8537192	87104	67980	989269	2595	2871	6069473	15733	27992	31133	23220	29074
23900	46	0	551465	135284	134538	107828	177120	0	0	0	0	0	550272	682862	1193	2	25	1168	21	23	4	2	0	2	2	25	4	25	0	0	0	25	0	9088809	88298	68005	1013177	2595	2871	6473916	390	155899	176636	132636	186100
47307	1515	1951	92285	23973	23877	18593	26744	0	0	0	0	0	87187	128108	5098	169	4837	261	4312	4668	525	169	41	397	34	4837	566	4837	2203	217	1986	4620	217	9181238	93396	72842	1060488	702	3088	6528286	15574	27796	31254	23081	28506
23782	36	0	551289	134896	134902	108149	176587	0	0	0	0	0	550089	682775	1200	0	21	1179	21	21	0	0	0	0	0	21	0	21	0	0	0	21	0	9732703	94596	72863	1084280	702	3088	6932739	395	155597	176992	132718	185731
48632	1603	2022	93226	24421	23840	18810	27093	0	0	0	0	0	88146	129707	5080	148	4843	237	4298	4695	545	148	29	426	24	4843	574	4843	2278	225	2053	4618	225	9826107	99677	77706	1132916	2980	3313	6987112	15838	28157	31350	23247	28963
24064	44	0	551452	135177	134444	107601	177527	0	0	0	0	0	550240	683322	1212	0	28	1184	25	28	3	0	0	3	0	28	3	28	0	0	0	28	0	10377728	100890	77734	1156991	2980	3313	7391553	419	155622	176181	132155	186470
47683	1518	1927	92288	23912	24121	18495	26614	0	0	0	0	0	87057	128900	5231	144	4968	263	4429	4824	539	144	31	426	30	4968	570	4968	2204	228	1976	4740	228	10470178	106121	82702	1204685	1088	3541	7445928	15574	27713	31367	22924	28391
24012	43	0	551210	135394	134840	107632	176722	0	0	0	0	0	549942	682838	1268	1	29	1239	27	28	2	1	0	1	0	29	2	29	0	0	0	29	0	11021544	107389	82731	1228702	1088	3541	7850378	383	155910	176720	132163	185855
47725	1527	2053	92828	24283	23758	18725	26976	0	0	0	0	0	87826	129403	5002	156	4724	278	4188	4568	536	156	41	421	24	4724	577	4724	2310	191	2119	4533	191	11114523	112391	87455	1276434	3398	3732	7904750	15679	28023	31051	23254	28780
23765	42	0	551961	136045	134804	107579	176883	0	0	0	0	0	550767	683974	1194	2	26	1168	23	24	3	2	1	2	0	26	4	26	0	0	0	26	0	11666647	113585	87481	1300201	3398	3732	8309204	347	156647	176692	132113	186184
46851	1564	1857	92161	23942	23498	18481	27149	0	0	0	0	0	87221	127993	4940	167	4696	244	4137	4529	559	167	33	425	35	4696	592	4696	2114	196	1918	4500	196	11758968	118525	92177	1347056	1416	3928	8363576	15200	27661	30740	23020	28997
24022	37	0	552293	135009	135284	108092	177197	0	0	0	0	0	551095	684193	1198	1	31	1167	28	31	3	0	0	3	0	31	3	31	0	0	0	31	0	12311399	119723	92208	1371084	1416	3928	8768017	380	156005	177344	132726	186472
49615	1552	1992	93266	24628	23942	18667	26926	0	0	0	0	0	88046	130337	5220	148	4967	253	4442	4819	525	148	41	418	28	4967	566	4967	2271	226	2045	4741	226	12404837	124943	97175	1420702	3687	58	8822401	16052	28485	31355	23146	28779
23980	29	0	551803	134977	134386	108453	177388	0	0	0	0	0	550574	683310	1229	0	27	1202	26	27	1	0	0	1	0	27	1	27	0	0	0	27	0	12956825	126173	97202	1444690	3687	58	9226843	384	155703	176329	132808	186702

processed_m4422_ME21_3300_test40_SRCoff_170713_225212_TMBCounters.txt																																													
alct0 valid pattern flag received	alct1 valid pattern flag received	raw hits readout   	Pretrigger   	Pretrigger on CFEB0	Pretrigger on CFEB1	Pretrigger on CFEB2	Pretrigger on CFEB3	Pretrigger on CFEB4	Pretrigger on CFEB5	Pretrigger on CFEB6	Pretrigger on ME1A CFEB 4-6 only	Pretrigger on ME1B CFEBs 0-3 only	Discarded, CLCT0 invalid pattern after drift	BX pretrig waiting for triads to dissipate	clct0 sent to TMB matching section	clct1 sent to TMB matching section	TMB accepted alct	TMB match reject event  	Matching found one ALCT	Matching found one CLCT	Matching found two ALCTs	Matching found two CLCTs	ALCT0 copied into ALCT1 to make 2nd LCT	CLCT0 copied into CLCT1 to make 2nd LCT	LCT1 has higher quality than LCT0 	Transmitted LCT0 to MPC	Transmitted LCT1 to MPC	MPC rejected both LCT0 and LCT1	L1A received   	L1A received, TMB in L1A window	L1A received, no TMB in window	TMB triggered, no L1A in window	TMB readouts completed	Pretrigger counter   	CLCT counter   	TMB trigger counter	ALCTs received counter	L1As received counter 	Readout counter 	Orbit counter	CLCT pre-trigger and ALCT coincidence counter	CFEB0 active flag sent to DMB for readout	CFEB1 active flag sent to DMB for readout	CFEB2 active flag sent to DMB for readout	CFEB3 active flag sent to DMB for readout
40960	1286	1683	91172	23572	23211	18379	26901	0	0	0	0	0	86674	125308	4498	119	4229	269	3757	4110	472	119	27	380	24	4229	499	4229	1912	191	1721	4038	191	160780	4629	4235	43919	1912	191	104814	13524	27270	30410	22689	28735
8838	17	0	203296	50165	49317	39842	65169	0	0	0	0	0	202838	251811	458	0	16	442	15	16	1	0	0	1	0	16	1	16	0	0	0	16	0	364509	5087	4251	52771	1912	191	252864	140	57785	64941	48851	68573
44354	1413	1764	92434	23942	23581	18878	26871	0	0	0	0	0	87604	127944	4830	118	4560	270	4075	4442	485	118	25	392	22	4560	510	4560	1979	191	1788	4369	191	457100	9918	8811	97131	3891	382	307236	14885	27682	30877	23349	28697
8791	8	0	203098	49983	49199	39719	65385	0	0	0	0	0	202618	251743	480	0	15	465	15	15	0	0	0	0	0	15	0	15	0	0	0	15	0	660343	10398	8826	105928	3891	382	455275	133	57619	64654	48773	68831
41199	1333	1746	91237	23843	23152	18290	26802	0	0	0	0	0	86667	125737	4570	130	4291	279	3802	4161	489	130	22	381	23	4291	511	4291	1956	216	1740	4075	216	751744	14968	13117	147134	1751	598	509659	13805	27484	30363	22595	28588
8755	16	0	203251	50149	49314	39706	65295	0	0	0	0	0	202791	251899	460	1	12	448	11	11	1	1	0	0	0	12	1	12	0	0	0	12	0	955176	15428	13129	155893	1751	598	657698	161	57752	64642	48525	68724
42145	1399	1654	91041	23853	23265	18192	26558	0	0	0	0	0	86453	125556	4588	120	4351	237	3870	4231	481	120	35	396	26	4351	516	4351	1887	182	1705	4169	182	1046377	20016	17480	198040	3638	780	712083	14037	27645	30415	22549	28348
8952	14	0	204107	50454	49722	39934	65241	0	0	0	0	0	203681	252870	426	0	12	414	10	12	2	0	0	2	0	12	2	12	0	0	0	12	0	1250652	20442	17492	206999	3638	780	860120	151	58040	65231	49015	68689
42792	1429	1718	91620	23829	23423	18623	26630	0	0	0	0	0	86904	126619	4716	133	4466	250	3936	4333	530	133	26	423	22	4466	556	4466	1929	185	1744	4281	185	1342437	25158	21958	249803	1471	965	914493	14257	27529	30592	23071	28474
8920	15	0	203012	49554	49552	39863	65226	0	0	0	0	0	202592	251208	420	0	9	411	9	9	0	0	0	0	0	9	0	9	0	0	0	9	0	1545638	25579	21967	258734	1471	965	1062544	155	57176	64891	48733	68534
42998	1374	1766	91571	24179	23564	18175	26569	0	0	0	0	0	86829	126395	4742	158	4467	275	3976	4309	491	158	34	367	27	4467	525	4467	1980	222	1758	4245	222	1637371	30321	26434	301744	3451	1187	1116918	14217	27949	30891	22518	28391
8871	20	0	204097	50231	49551	39968	65568	0	0	0	0	0	203670	252615	427	0	19	408	17	19	2	0	0	2	0	19	2	19	0	0	0	19	0	1841618	30748	26453	310617	3451	1187	1264958	140	57829	65124	48974	68930
42552	1378	1637	90811	23614	23132	18444	26452	0	0	0	0	0	86281	125116	4530	133	4323	207	3856	4190	467	133	35	369	24	4323	502	4323	1838	165	1673	4158	165	1932581	35278	30776	353174	1193	1352	1319339	13872	27266	30297	22775	28266
8954	18	0	204047	50064	49544	40223	65429	0	0	0	0	0	203618	252861	429	0	13	416	12	13	1	0	0	1	0	13	1	13	0	0	0	13	0	2136786	35708	30789	362135	1193	1352	1467378	151	57503	65308	49359	68927
45613	1467	1871	93203	24219	23848	18631	27409	0	0	0	0	0	88191	129362	5012	144	4750	262	4227	4606	523	144	42	421	27	4750	565	4750	2122	233	1889	4517	233	2230161	40720	35539	407761	3315	1585	1521762	15313	27988	31079	23006	29259
8909	9	0	203368	49830	49273	40015	65540	0	0	0	0	0	202928	251816	440	0	11	429	10	11	1	0	0	1	0	11	1	11	0	0	0	11	0	2433706	41161	35550	416674	3315	1585	1669801	152	57428	64908	48972	68995
44156	1416	1822	91824	23840	23720	18442	26683	0	0	0	0	0	87029	127208	4795	135	4547	248	4057	4412	490	135	29	384	27	4547	519	4547	2052	188	1864	4359	188	2525706	45956	40097	460834	1271	1773	1724185	14725	27512	31042	22846	28427
8783	17	0	203493	49880	49383	39871	65563	0	0	0	0	0	203047	251994	446	0	6	440	6	6	0	0	0	0	0	6	0	6	0	0	0	6	0	2729354	46402	40103	469628	1271	1773	1872225	130	57372	64886	48824	68917
43406	1415	1695	91791	24006	23460	18247	26920	0	0	0	0	0	87013	126889	4778	144	4556	222	4086	4413	470	143	35	362	22	4556	505	4556	1957	181	1776	4375	181	2821317	51182	44659	513043	3228	1954	1926597	14350	27826	30680	22635	28761
8725	9	0	203080	49725	49298	39808	65422	0	0	0	0	0	202628	251692	452	0	10	442	10	10	0	0	0	0	0	10	0	10	0	0	0	10	0	3024567	51635	44669	521772	3228	1954	2074647	139	57260	64847	48931	68701
44595	1453	1787	91613	23777	23596	18420	26661	0	0	0	0	0	86833	126877	4780	135	4526	254	4039	4391	487	135	29	381	30	4526	516	4526	2032	187	1845	4339	187	3116365	56417	49195	566372	1164	2141	2129019	14745	27590	30704	22854	28485
8873	22	0	204214	50251	50002	39999	65159	0	0	0	0	0	203752	253238	462	0	13	449	13	13	0	0	0	0	0	13	0	13	0	0	0	13	0	3320744	56879	49208	575247	1164	2141	2277070	153	57979	65565	49051	68635
43133	1462	1710	91761	23786	23515	18742	26641	0	0	0	0	0	86960	126946	4801	142	4560	241	4044	4418	516	142	28	402	20	4560	544	4560	1927	196	1731	4364	196	3412683	61680	53768	618385	3091	2337	2331442	14607	27517	30823	23158	28514
8743	20	0	203707	50359	49240	39969	65401	0	0	0	0	0	203257	252013	450	0	8	442	8	8	0	0	0	0	0	8	0	8	0	0	0	8	0	3616570	62130	53776	627134	3091	2337	2479493	149	57833	64795	48796	68768
42501	1368	1688	91777	23970	23349	18461	26825	0	0	0	0	0	87160	126769	4617	119	4368	249	3912	4249	456	119	26	363	17	4368	482	4368	1921	189	1732	4179	189	3708528	66747	58144	669642	916	2526	2533864	14151	27627	30584	22840	28681
8769	16	0	204143	50025	49451	40085	65769	0	0	0	0	0	203692	252924	451	0	13	438	12	13	1	0	0	1	0	13	1	13	0	0	0	13	0	3912823	67200	58157	678416	916	2526	2681904	157	57748	64948	49131	69119
43837	1321	1728	92707	24114	23572	18910	26964	0	0	0	0	0	87824	128195	4883	130	4592	291	4140	4462	452	130	24	346	21	4592	476	4592	1995	184	1811	4408	184	4005708	72083	62749	722263	2911	2710	2736288	14857	27823	31003	23242	28868
8853	10	0	203856	49743	49743	40004	65635	0	0	0	0	0	203435	252248	421	1	12	409	12	11	0	1	1	0	0	12	1	12	0	0	0	12	0	4209740	72504	62761	731123	2911	2710	2884326	171	57461	65211	49187	69033
42716	1344	1774	91555	24091	23266	18414	26653	0	0	0	0	0	86937	126323	4618	141	4369	249	3905	4228	464	141	34	357	23	4369	498	4369	1998	200	1798	4169	200	4301449	77122	67130	773844	813	2910	2938710	14133	27769	30551	22823	28448
8866	10	0	203210	49885	49337	40136	65067	0	0	0	0	0	202731	251778	479	0	9	470	8	9	1	0	0	1	0	9	1	9	0	0	0	9	0	4504847	77603	67139	782720	813	2910	3086750	135	57430	65015	49196	68497
45804	1499	1807	93194	24313	23702	18917	27156	0	0	0	0	0	88128	129930	5066	139	4835	231	4311	4696	524	139	32	417	29	4835	556	4835	2056	206	1850	4629	206	4598199	82669	71974	828530	2869	3116	3141124	15446	28170	31167	23245	29042
8775	18	0	203780	50075	49938	39729	65257	0	0	0	0	0	203306	252243	474	0	13	461	13	13	0	0	0	0	0	13	0	13	0	0	0	13	0	4802143	83143	71987	837309	2869	3116	3289172	135	57608	65381	48821	68667
43348	1324	1767	91576	23806	23370	18474	26825	0	0	0	0	0	86873	126516	4703	110	4449	254	3989	4339	460	110	21	371	22	4449	481	4449	1986	186	1800	4263	186	4893905	87846	76436	880668	759	3302	3343545	14359	27557	30610	22871	28704
8719	20	0	204793	49981	50176	40506	65305	0	0	0	0	0	204377	253616	416	0	13	403	12	13	1	0	0	1	0	13	1	13	0	0	0	13	0	5098855	88262	76449	889399	759	3302	3491586	143	57700	65838	49650	68779
43953	1425	1747	91986	24191	23356	18485	26837	0	0	0	0	0	87081	127665	4905	132	4640	265	4126	4508	514	132	30	412	19	4640	544	4640	1991	175	1816	4465	175	5191017	93168	81089	933358	2750	3477	3545970	14742	27927	30646	22895	28615
8846	14	0	204058	50287	49516	39976	65493	0	0	0	0	0	203622	252677	437	2	9	428	7	8	2	1	1	2	0	9	3	9	0	0	0	9	0	5395223	93605	81098	942208	2750	3477	3694008	173	57908	64909	48980	68975
42490	1277	1729	91578	23935	23535	18306	26735	0	0	0	0	0	87023	126184	4555	110	4318	237	3868	4208	450	110	25	365	22	4318	475	4318	1960	212	1748	4106	212	5486961	98160	85416	984703	614	3689	3748391	14014	27711	30788	22729	28367
8911	15	0	203501	49829	49509	39857	65527	0	0	0	0	0	203053	251897	448	0	11	437	9	11	2	0	0	2	0	11	2	11	0	0	0	11	0	5690648	98610	85428	993622	614	3689	3896430	121	57381	65179	48806	68777
43854	1431	1743	92354	24246	23552	18633	26870	0	0	0	0	0	87513	128177	4841	142	4601	240	4097	4460	504	141	33	396	26	4601	537	4601	1970	205	1765	4396	205	5783157	103451	90029	1037480	2584	3894	3950814	14812	27960	30916	23082	28711
8820	11	0	203380	50162	49520	39592	65314	0	0	0	0	0	202959	252102	421	0	10	411	9	10	1	0	0	1	0	10	1	10	0	0	0	10	0	5986692	103873	90039	1046305	2584	3894	4098854	143	57773	65196	48582	68650
43746	1412	1758	91750	23868	23632	18522	26626	0	0	0	0	0	86880	126836	4870	142	4627	243	4150	4485	477	142	34	369	32	4627	511	4627	1989	190	1799	4437	190	6078614	108743	94666	1090056	477	4084	4153226	14677	27650	30807	22937	28442
8975	9	0	203454	49667	49486	40129	65368	0	0	0	0	0	203045	252034	409	0	7	402	7	7	0	0	0	0	0	7	0	7	0	0	0	7	0	6282227	109152	94673	1099040	477	4084	4301301	158	57235	64869	49394	68879
45789	1464	1935	92541	24000	23945	18407	27126	0	0	0	0	0	87640	128002	4901	119	4654	247	4178	4535	476	119	30	387	23	4654	506	4654	2167	217	1950	4437	217	6374923	114053	99327	1144839	2644	205	4355649	15226	27782	31248	22938	28939
8937	17	0	204079	50531	49825	39793	65154	0	0	0	0	0	203643	252680	436	0	10	426	9	10	1	0	0	1	0	10	1	10	0	0	0	10	0	6579179	114489	99337	1153781	2644	205	4503700	127	58107	65432	48949	68583

processed_m4423_ME21_3400_test40_SRCoff_170713_230133_TMBCounters.txt																																													
alct0 valid pattern flag received	alct1 valid pattern flag received	raw hits readout   	Pretrigger   	Pretrigger on CFEB0	Pretrigger on CFEB1	Pretrigger on CFEB2	Pretrigger on CFEB3	Pretrigger on CFEB4	Pretrigger on CFEB5	Pretrigger on CFEB6	Pretrigger on ME1A CFEB 4-6 only	Pretrigger on ME1B CFEBs 0-3 only	Discarded, CLCT0 invalid pattern after drift	BX pretrig waiting for triads to dissipate	clct0 sent to TMB matching section	clct1 sent to TMB matching section	TMB accepted alct	TMB match reject event  	Matching found one ALCT	Matching found one CLCT	Matching found two ALCTs	Matching found two CLCTs	ALCT0 copied into ALCT1 to make 2nd LCT	CLCT0 copied into CLCT1 to make 2nd LCT	LCT1 has higher quality than LCT0 	Transmitted LCT0 to MPC	Transmitted LCT1 to MPC	MPC rejected both LCT0 and LCT1	L1A received   	L1A received, TMB in L1A window	L1A received, no TMB in window	TMB triggered, no L1A in window	TMB readouts completed	Pretrigger counter   	CLCT counter   	TMB trigger counter	ALCTs received counter	L1As received counter 	Readout counter 	Orbit counter	CLCT pre-trigger and ALCT coincidence counter	CFEB0 active flag sent to DMB for readout	CFEB1 active flag sent to DMB for readout	CFEB2 active flag sent to DMB for readout	CFEB3 active flag sent to DMB for readout
45499	1913	1793	138307	38205	35135	27732	39197	0	0	0	0	0	115095	220856	23212	702	22801	411	21397	22101	1404	700	214	918	135	22801	1618	22801	1802	1051	751	21750	1051	234633	23462	22812	49364	1802	1051	104802	32448	43661	46043	34512	41805
11514	27	0	281717	69708	68062	54293	91284	0	0	0	0	0	280966	350023	751	2	36	715	30	34	6	2	1	5	1	36	7	36	0	0	0	36	0	516589	24215	22848	60888	1802	1051	252852	248	79705	89204	66503	95779
20761	770	738	117291	30428	28895	23201	35927	0	0	0	0	0	107836	165003	9455	285	9124	331	8594	8840	530	284	93	339	58	9124	623	9124	744	424	320	8700	424	634102	33671	31972	81663	2546	1475	307224	13048	34750	37844	28530	37948
11280	23	0	282606	70829	67766	54272	91412	0	0	0	0	0	281859	350573	747	2	54	693	48	52	6	2	0	4	0	54	6	54	0	0	0	54	0	916952	34419	32026	92950	2546	1475	455264	251	80878	88796	66486	95849
46867	1998	1857	138858	38353	35089	28254	39083	0	0	0	0	0	114953	223470	23905	730	23488	417	22061	22758	1427	730	216	913	139	23488	1643	23488	1875	1140	735	22348	1140	1056048	58325	55514	139826	325	2615	509647	33536	43873	46108	35100	41856
11369	25	0	282388	70497	67590	54651	91291	0	0	0	0	0	281639	350580	749	1	43	706	40	42	3	1	1	3	0	43	4	43	0	0	0	43	0	1338649	59075	55557	151202	325	2615	657687	243	80360	88942	66855	95826
48008	1941	1838	139808	38549	35871	28000	39331	0	0	0	0	0	115081	226370	24727	733	24305	422	22913	23575	1392	730	254	916	147	24305	1646	24305	1849	1097	752	23208	1097	1478690	83802	79862	199216	2174	3712	712070	34479	44042	46883	34968	42170
11371	15	0	282360	70656	67400	54501	91514	0	0	0	0	0	281586	351175	774	2	46	728	43	44	3	2	1	2	0	46	4	46	0	0	0	46	0	1761283	84578	79908	210598	2174	3712	860108	269	80625	88612	66665	95994
48044	2017	1899	139233	38311	35310	28149	39539	0	0	0	0	0	114533	225443	24700	721	24274	426	22812	23553	1462	721	216	957	154	24274	1678	24274	1909	1108	801	23166	1108	1900774	109279	104182	258645	4083	724	914482	34567	43779	46035	35155	42313
11314	21	0	281874	70172	67362	54599	91333	0	0	0	0	0	281094	349784	780	2	57	723	56	55	1	2	2	1	1	57	3	57	0	0	0	57	0	2182886	110059	104239	269968	4083	724	1062531	259	80147	88536	66457	95684
49182	2066	2005	141224	38788	36150	28529	39845	0	0	0	0	0	115983	229178	25241	730	24795	446	23329	24066	1466	729	235	972	134	24795	1701	24795	2017	1170	847	23625	1170	2324373	135300	129034	319166	2004	1894	1116905	35275	44302	47326	35579	42637
11661	22	0	282274	70231	67430	54607	91574	0	0	0	0	0	281535	350277	739	1	48	691	45	47	3	1	0	2	0	48	3	48	0	0	0	48	0	2606889	136039	129082	330835	2004	1894	1264956	278	80227	88842	66699	95974
43791	1857	1686	136707	37569	34703	27351	38942	0	0	0	0	0	114399	217308	22308	695	21897	411	20601	21202	1296	695	237	838	135	21897	1533	21897	1691	978	713	20919	978	2743847	158348	150979	374636	3695	2872	1319327	31142	42917	45267	34064	41594
11366	20	0	282163	69820	67607	54913	91391	0	0	0	0	0	281419	350511	744	2	42	702	39	40	3	2	1	2	0	42	4	42	0	0	0	42	0	3026243	159092	151021	386014	3695	2872	1467367	248	79613	88857	67047	95881
47080	1896	1812	138768	38030	35240	27861	39534	0	0	0	0	0	114537	223641	24231	695	23842	389	22443	23149	1399	693	221	927	140	23842	1620	23842	1818	1111	707	22731	1111	3165255	183324	174863	433103	1417	3983	1521750	33583	43503	46178	34756	42223
11467	20	0	282223	70249	67580	54585	91484	0	0	0	0	0	281456	350684	767	2	40	727	39	39	1	1	0	0	1	40	1	40	0	0	0	40	0	3447717	184092	174903	444577	1417	3983	1669789	245	80192	88743	66642	95906
47452	2045	1847	139421	38358	35730	27884	39386	0	0	0	0	0	114900	224939	24521	756	24104	417	22613	23349	1491	755	227	963	148	24104	1718	24104	1856	1073	783	23031	1073	3587367	208613	199007	492039	3273	960	1724173	34023	43808	46702	34792	42036
11439	23	0	281795	70139	67396	54684	91170	0	0	0	0	0	281021	350135	774	1	48	726	45	47	3	1	0	2	0	48	3	48	0	0	0	48	0	3869390	209387	199055	503490	3273	960	1872212	256	80199	88761	66759	95680
45931	1920	1838	138861	38028	35339	27933	39471	0	0	0	0	0	115337	222113	23524	704	23094	430	21749	22390	1345	704	234	875	149	23094	1579	23094	1844	1078	766	22016	1078	4008480	232911	222149	549427	1021	2038	1926585	32723	43430	46323	34702	42194
11381	19	0	282185	70219	68027	54554	91045	0	0	0	0	0	281468	349972	717	0	48	669	48	48	0	0	0	0	0	48	0	48	0	0	0	48	0	4290900	233628	222197	560818	1021	2038	2074635	296	80176	89474	66674	95445
48704	2121	1943	140524	38408	36031	28463	39673	0	0	0	0	0	115552	227438	24972	764	24549	423	23009	23785	1540	764	220	996	148	24549	1760	24549	1966	1155	811	23394	1155	4431641	258600	246746	609529	2987	3193	2129008	34816	43872	47047	35554	42543
11455	18	0	282640	70143	67759	54218	92196	0	0	0	0	0	281922	350494	718	1	27	691	23	26	4	1	0	3	1	27	4	27	0	0	0	27	0	4714508	259318	246773	620988	2987	3193	2277058	204	80111	89034	66192	96640
44519	1883	1765	137597	37687	34701	27472	39512	0	0	0	0	0	114974	218769	22623	673	22215	408	20868	21542	1347	673	199	873	158	22215	1546	22215	1770	1023	747	21192	1023	4852369	281941	268988	665519	661	120	2331431	31507	43095	45483	34256	42049
11637	25	0	282877	70494	67617	54932	91463	0	0	0	0	0	282136	351480	741	2	61	680	55	59	6	2	0	4	2	61	6	61	0	0	0	61	0	5135464	282683	269050	677162	661	120	2479471	276	80505	88881	67109	95961
45482	1902	1802	137867	38098	35250	27551	38896	0	0	0	0	0	114589	220833	23278	709	22861	417	21490	22153	1371	708	242	905	165	22861	1613	22861	1810	1050	760	21811	1050	5273550	305961	291911	722658	2471	1170	2533854	32432	43652	46018	34299	41485
11405	22	0	282287	70109	67570	54734	91563	0	0	0	0	0	281524	350661	763	0	53	710	51	53	2	0	0	2	0	53	2	53	0	0	0	53	0	5556099	306724	291964	734074	2471	1170	2681893	254	80150	88818	66894	96004
46861	1951	1808	138430	38021	35372	27647	39262	0	0	0	0	0	114324	222884	24106	746	23706	400	22311	22960	1395	746	234	883	147	23706	1629	23706	1817	1061	756	22645	1061	5694747	330831	315670	780946	192	2231	2736276	33313	43469	46088	34400	41828
11477	13	0	282141	70420	67466	54821	91088	0	0	0	0	0	281412	349973	729	0	41	688	40	41	1	0	0	1	0	41	1	41	0	0	0	41	0	5977130	331560	315711	792429	192	2231	2884316	282	80305	88692	66775	95556
46089	1926	1803	138690	37905	35507	27811	39407	0	0	0	0	0	114977	222477	23713	728	23262	451	21875	22536	1387	726	239	900	157	23262	1626	23262	1809	1073	736	22189	1073	6116063	355273	338973	838530	2001	3304	2938689	32932	43282	46420	34705	42083
11321	14	0	281448	70258	67260	54317	91282	0	0	0	0	0	280711	349799	737	3	42	695	40	39	2	3	2	1	0	42	4	42	0	0	0	42	0	6397753	356011	339015	849859	2001	3304	3086739	250	80229	88508	66407	95686
46747	2021	1882	138119	38142	34973	27643	39288	0	0	0	0	0	114191	222413	23928	750	23538	390	22090	22790	1448	748	238	938	163	23538	1686	23538	1891	1146	745	22392	1146	6536107	379940	362553	896615	3892	354	3141112	33201	43645	45815	34433	41884
11632	13	0	282048	70493	67932	54356	90975	0	0	0	0	0	281300	349830	748	0	44	704	43	44	1	0	0	1	0	44	1	44	0	0	0	44	0	6818396	380688	362597	908254	3892	354	3289162	235	80572	89109	66517	95429
47751	1964	1793	140404	38756	35718	28122	39726	0	0	0	0	0	115715	226571	24689	706	24279	410	22864	23576	1415	703	205	917	145	24279	1620	24279	1800	1058	742	23221	1058	6959028	405377	386876	956018	1596	1412	3343533	34384	44323	46748	35047	42535
11331	22	0	282439	70783	67530	54759	91036	0	0	0	0	0	281697	350545	742	2	46	696	43	45	3	1	0	2	0	46	3	46	0	0	0	46	0	7241682	406121	386923	967357	1596	1412	3491585	255	80927	89208	66895	95547
47406	2003	1880	139642	38508	35814	27881	39431	0	0	0	0	0	115259	225292	24383	762	23976	407	22553	23216	1423	760	266	929	156	23976	1689	23976	1892	1113	779	22863	1113	7381543	430504	410899	1014768	3488	2525	3545958	34004	43917	46701	34864	42079
11290	15	0	282162	70653	67479	54405	91261	0	0	0	0	0	281427	349943	735	0	34	701	31	34	3	0	0	3	0	34	3	34	0	0	0	34	0	7663927	431240	410933	1026071	3488	2525	3693996	249	80686	88842	66578	95714
43913	1837	1727	136579	37440	34668	27342	38962	0	0	0	0	0	114369	216775	22210	659	21809	401	20527	21152	1282	657	211	836	136	21809	1493	21809	1739	1033	706	20776	1033	7800716	453450	432742	1069991	1131	3558	3748379	31027	42692	45309	33993	41634
11660	29	0	282255	70205	67598	54661	91467	0	0	0	0	0	281528	350079	727	1	51	676	47	50	4	1	0	3	0	51	4	51	0	0	0	51	0	8083215	454178	432793	1081658	1131	3558	3896418	279	80246	89034	66724	95927
45307	1906	1808	137200	37692	34771	27636	38991	0	0	0	0	0	114145	219411	23055	700	22630	425	21292	21931	1338	699	237	876	134	22630	1575	22630	1822	1073	749	21557	1073	8220635	477233	455423	1126975	2953	535	3950802	32228	43180	45479	34473	41709
11453	10	0	282059	70488	67642	54309	91283	0	0	0	0	0	281330	350402	729	0	36	693	35	36	1	0	0	1	0	36	1	36	0	0	0	36	0	8502966	477963	455459	1138436	2953	535	4098842	239	80421	88698	66447	95683
44588	1903	1804	137627	37728	34847	27845	39071	0	0	0	0	0	114837	219005	22790	721	22364	426	20991	21643	1373	721	241	893	113	22364	1614	22364	1813	1071	742	21293	1071	8640798	500754	477823	1183035	670	1606	4153214	31759	43212	45787	34550	41758
11450	29	0	281932	70601	67464	54415	91121	0	0	0	0	0	281163	350259	769	0	40	729	38	40	2	0	0	2	0	40	2	40	0	0	0	40	0	8922944	501524	477863	1194492	670	1606	4301264	279	80529	88748	66593	95403
44545	1867	1718	137080	37407	35054	27135	39343	0	0	0	0	0	114219	218965	22861	671	22430	431	21130	21759	1300	671	207	836	119	22430	1507	22430	1725	1044	681	21386	1044	9060220	524385	500293	1239042	2395	2650	4355639	31720	42816	45540	33882	41906
11402	25	0	282917	70737	67661	54868	91279	0	0	0	0	0	282195	351262	722	0	42	680	39	42	3	0	0	3	0	42	3	42	0	0	0	42	0	9343359	525107	500335	1250453	2395	2650	4503678	250	80699	89267	67022	95629

processed_m4424_ME21_3600_test40_SRCoff_170713_231018_TMBCounters.txt																																													
alct0 valid pattern flag received	alct1 valid pattern flag received	raw hits readout   	Pretrigger   	Pretrigger on CFEB0	Pretrigger on CFEB1	Pretrigger on CFEB2	Pretrigger on CFEB3	Pretrigger on CFEB4	Pretrigger on CFEB5	Pretrigger on CFEB6	Pretrigger on ME1A CFEB 4-6 only	Pretrigger on ME1B CFEBs 0-3 only	Discarded, CLCT0 invalid pattern after drift	BX pretrig waiting for triads to dissipate	clct0 sent to TMB matching section	clct1 sent to TMB matching section	TMB accepted alct	TMB match reject event  	Matching found one ALCT	Matching found one CLCT	Matching found two ALCTs	Matching found two CLCTs	ALCT0 copied into ALCT1 to make 2nd LCT	CLCT0 copied into CLCT1 to make 2nd LCT	LCT1 has higher quality than LCT0 	Transmitted LCT0 to MPC	Transmitted LCT1 to MPC	MPC rejected both LCT0 and LCT1	L1A received   	L1A received, TMB in L1A window	L1A received, no TMB in window	TMB triggered, no L1A in window	TMB readouts completed	Pretrigger counter   	CLCT counter   	TMB trigger counter	ALCTs received counter	L1As received counter 	Readout counter 	Orbit counter	CLCT pre-trigger and ALCT coincidence counter	CFEB0 active flag sent to DMB for readout	CFEB1 active flag sent to DMB for readout	CFEB2 active flag sent to DMB for readout	CFEB3 active flag sent to DMB for readout
53805	2434	2075	170809	46622	41928	33442	51998	0	0	0	0	0	130158	292783	40651	1741	40071	580	37952	38332	2119	1739	599	979	370	40071	2718	40071	2084	2002	82	38069	2002	289006	40989	40101	59713	2084	2002	104812	23386	53113	54993	41768	55215
17110	36	0	345578	84297	79769	63555	119972	0	0	0	0	0	344504	430620	1074	3	79	995	75	76	4	3	2	3	1	79	6	79	0	0	0	79	0	635583	42064	40180	76873	2084	2002	252852	292	96295	105226	77741	125149
46543	2121	1731	163512	43950	39953	31622	50762	0	0	0	0	0	129040	271469	34472	1444	33918	554	32094	32478	1824	1440	476	860	267	33918	2300	33918	1737	1669	68	32249	1669	799373	76536	74098	123428	3821	3671	307237	20232	50084	52438	39411	53702
17164	35	0	346566	84237	79339	63991	121006	0	0	0	0	0	345543	431597	1023	3	85	938	78	82	7	3	2	6	1	85	9	85	0	0	0	85	0	1146214	77559	74183	140605	3821	3671	455275	314	96323	104866	78223	126168
50099	2278	1841	165984	44930	41171	31897	50915	0	0	0	0	0	128629	280395	37355	1568	36801	554	34840	35235	1961	1566	517	912	303	36801	2478	36801	1849	1774	75	35027	1774	1312490	114916	110985	190717	1574	1349	509648	21629	51348	53880	40063	54020
17224	38	0	347619	85199	79707	63860	120842	0	0	0	0	0	346622	433123	997	3	80	917	74	77	6	3	1	4	2	80	7	80	0	0	0	80	0	1660391	115917	111066	207951	1574	1349	657698	284	97256	105208	78019	126037
53898	2458	2106	169516	46461	42023	32826	51378	0	0	0	0	0	128798	291503	40718	1700	40152	566	38037	38455	2115	1697	570	988	362	40152	2685	40152	2115	2035	80	38117	2035	1830213	156636	151218	261861	3689	3384	712070	23638	52992	55091	41111	54540
17353	40	0	346028	84241	79743	63713	120327	0	0	0	0	0	345009	431361	1019	3	84	935	77	82	7	2	0	5	0	84	7	84	0	0	0	84	0	2176544	157655	151302	279229	3689	3384	860121	312	96295	105095	77932	125596
50661	2241	1881	166916	45071	41176	32585	51136	0	0	0	0	0	129024	282161	37892	1609	37303	589	35369	35695	1934	1608	541	867	298	37303	2475	37303	1892	1811	81	35492	1811	2343736	195550	188606	329900	1485	1099	914493	22148	51470	53940	40632	54310
17148	35	0	348160	84887	79817	64275	121208	0	0	0	0	0	347115	433577	1045	0	93	952	89	93	4	0	0	4	0	93	4	93	0	0	0	93	0	2692178	196596	188699	347057	1485	1099	1062544	294	96862	105578	78351	126503
50737	2180	1921	167256	45451	41219	32519	51071	0	0	0	0	0	129269	283286	37987	1513	37451	536	35536	35940	1915	1511	501	905	315	37451	2416	37451	1930	1861	69	35590	1861	2859709	234587	226150	397809	3415	2960	1116916	22067	51766	54107	40751	54181
17169	31	0	346777	84739	79357	63703	120971	0	0	0	0	0	345766	431979	1011	3	91	920	84	88	7	3	2	6	1	91	9	91	0	0	0	91	0	3206747	235599	226241	414986	3415	2960	1264956	313	96955	105012	77715	126279
52500	2382	1963	168824	45870	41373	32842	51787	0	0	0	0	0	129052	288465	39772	1647	39180	592	37123	37536	2057	1644	533	946	326	39180	2590	39180	1972	1899	73	37281	1899	3375846	275372	265421	467503	1291	763	1319339	22918	52397	54371	41179	54951
16934	33	0	347662	85033	79720	64102	120820	0	0	0	0	0	346619	433762	1043	2	73	970	70	71	3	2	1	2	1	73	4	73	0	0	0	73	0	3723803	276417	265494	484455	1291	763	1467379	281	97021	105605	78315	126054
48534	2135	1850	164615	44503	40534	31770	50613	0	0	0	0	0	128360	275962	36255	1461	35696	559	33826	34237	1870	1459	495	906	280	35696	2365	35696	1858	1790	68	33906	1790	3888712	312675	301190	533001	3149	2553	1521773	20947	50894	53205	39630	53688
17211	38	0	346247	84789	79394	63674	120374	0	0	0	0	0	345245	431536	1002	1	76	926	71	75	5	1	0	4	0	76	5	76	0	0	0	76	0	4235237	313678	301266	550225	3149	2553	1669813	287	96746	104943	77925	125529
49628	2196	1863	166028	45335	40645	32121	50837	0	0	0	0	0	128946	279646	37082	1528	36538	544	34641	35011	1897	1527	524	894	304	36538	2421	36538	1875	1806	69	34732	1806	4401544	350760	337804	599869	928	263	1724185	21490	51668	53407	40099	53873
17180	45	0	346914	84712	79048	64126	121042	0	0	0	0	0	345894	432637	1020	5	90	930	82	86	8	4	1	5	1	90	9	90	0	0	0	90	0	4748767	351781	337894	617056	928	263	1872225	303	96463	104639	78268	126314
49291	2177	1794	165830	44801	40644	32021	51283	0	0	0	0	0	128961	278973	36869	1536	36357	512	34448	34824	1909	1533	508	884	304	36357	2417	36357	1798	1735	63	34622	1735	4914889	388652	374251	666365	2726	1998	1926596	21440	51097	53323	40030	54416
17160	34	0	346786	84845	79414	64505	119976	0	0	0	0	0	345746	431886	1040	3	94	946	91	91	3	3	2	2	1	94	5	94	0	0	0	94	0	5261960	389693	374345	683543	2726	1998	2074657	299	96785	105183	78632	125297
51060	2270	1841	166985	45233	40975	32407	51414	0	0	0	0	0	128708	283434	38277	1613	37710	567	35769	36098	1941	1612	542	871	329	37710	2483	37710	1852	1774	78	35936	1774	5429247	427970	412055	734624	482	3772	2129031	22262	51626	53755	40548	54680
17005	32	0	347517	84810	79941	64121	120643	0	0	0	0	0	346528	432369	989	0	82	907	77	82	5	0	0	5	0	82	5	82	0	0	0	82	0	5777056	428959	412137	751643	482	3772	2277080	289	96667	105561	78234	125824
48578	2064	1846	164643	44572	40139	32269	50528	0	0	0	0	0	128559	276178	36084	1451	35552	532	33777	34102	1775	1450	486	811	278	35552	2261	35552	1854	1781	73	33771	1781	5941978	465045	447689	800240	2336	1457	2331454	20918	50759	52863	40019	53661
17140	37	0	347055	84788	79889	63816	120594	0	0	0	0	0	346098	432253	957	2	82	875	77	80	5	2	0	3	1	82	5	82	0	0	0	82	0	6289319	466003	447772	817393	2336	1457	2479481	279	96706	105355	77992	125924
49114	2162	1833	165442	44968	40778	32169	50483	0	0	0	0	0	128899	277553	36543	1478	35985	558	34122	34508	1863	1477	504	890	275	35985	2367	35985	1845	1757	88	34228	1757	6455046	502547	483757	866524	85	3214	2533877	21251	51350	53563	39994	53602
16969	24	0	346922	84689	79413	64010	120804	0	0	0	0	0	345924	431864	998	0	80	918	75	80	5	0	0	5	0	80	5	80	0	0	0	80	0	6802218	503545	483837	883500	85	3214	2681915	283	96741	105093	78099	125930
50609	2232	1937	166781	45120	40890	32564	51320	0	0	0	0	0	128837	282598	37944	1565	37397	547	35464	35833	1933	1564	523	892	322	37397	2456	37397	1942	1871	71	35526	1871	6969294	541490	521234	934128	2027	989	2736288	22113	51621	53604	40684	54420
17231	34	0	346690	84868	79561	63991	120257	0	0	0	0	0	345647	432245	1043	2	81	962	75	79	6	2	0	4	1	81	6	81	0	0	0	81	0	7316248	542533	521315	951372	2027	989	2884327	331	97019	105042	78214	125541
48358	2181	1771	164906	44540	40396	32107	50757	0	0	0	0	0	129061	275675	35845	1463	35274	571	33394	33814	1880	1460	464	884	273	35274	2344	35274	1774	1705	69	33569	1705	7481414	578379	556589	999741	3801	2694	2938711	20960	50843	52964	40004	53812
17025	27	0	347093	85069	79380	63796	120852	0	0	0	0	0	346022	432042	1071	0	89	982	86	89	3	0	0	3	0	89	3	89	0	0	0	89	0	7828828	579450	556678	1016783	3801	2694	3086760	302	96829	105273	78131	126042
50415	2305	1910	166915	45315	40940	32520	51167	0	0	0	0	0	129058	282356	37857	1601	37292	565	35305	35694	1987	1598	527	916	348	37292	2514	37292	1917	1857	60	35435	1857	7996021	617308	593970	1067210	1622	455	3141134	21943	51644	53918	40626	54334
17174	24	0	346272	84545	79618	63904	120218	0	0	0	0	0	345261	431290	1011	1	86	925	83	86	3	0	0	3	0	86	3	86	0	0	0	86	0	8342582	618319	594056	1084396	1622	455	3289173	309	96490	105529	78223	125510
51113	2315	1923	166628	45272	41243	32434	50737	0	0	0	0	0	128263	283226	38365	1601	37825	540	35817	36227	2008	1598	528	938	338	37825	2536	37825	1929	1857	72	35968	1857	8509472	656684	631881	1135522	3551	2312	3343546	22183	51707	53940	40594	53891
17199	40	0	346701	84990	79927	63931	119856	0	0	0	0	0	345695	431812	1006	4	85	921	78	81	7	4	1	4	0	85	8	85	0	0	0	85	0	8856470	657693	631966	1152737	3551	2312	3491585	309	97110	105629	78081	125093
46187	2011	1736	162517	44027	39822	31450	49935	0	0	0	0	0	128487	269288	34030	1404	33532	498	31816	32132	1716	1400	476	792	265	33532	2192	33532	1745	1678	67	31854	1678	9019274	691723	665498	1198940	1200	3990	3545969	19745	50197	52362	39285	52974
17231	37	0	347309	84436	79806	64124	120904	0	0	0	0	0	346261	432779	1048	1	85	963	78	84	7	1	1	7	1	85	8	85	0	0	0	85	0	9366874	692771	665583	1216179	1200	3990	3694008	302	96655	105327	78301	126166
51118	2365	1912	166564	45268	41000	32576	50809	0	0	0	0	0	128231	282938	38333	1636	37791	542	35746	36159	2045	1632	530	943	344	37791	2575	37791	1922	1840	82	35951	1840	9533745	731104	703374	1267307	3122	1734	3748381	21968	51784	53838	40670	53926
17205	29	0	348289	84831	79866	64219	121353	0	0	0	0	0	347300	433608	989	6	95	894	88	90	7	5	1	3	1	95	8	95	0	0	0	95	0	9882323	732094	703469	1284528	3122	1734	3896430	266	97026	105684	78519	126669
49150	2120	1869	165792	44891	40810	32141	50870	0	0	0	0	0	129063	278853	36729	1486	36194	535	34383	34710	1811	1484	511	838	322	36194	2322	36194	1876	1820	56	34374	1820	10048437	768824	739663	1333689	902	3554	3950804	21490	51383	53510	40013	54025
17122	33	0	346102	83942	79296	64062	120779	0	0	0	0	0	345113	430255	989	1	69	920	68	68	1	1	1	1	0	69	2	69	0	0	0	69	0	10394835	769814	739732	1350827	902	3554	4098854	299	96024	104845	78207	125894
48974	2098	1784	166094	44766	40678	32249	51388	0	0	0	0	0	129810	278390	36284	1490	35739	544	33912	34250	1827	1489	495	833	339	35739	2322	35739	1793	1711	82	34028	1711	10561247	806105	775478	1399820	2696	1170	4153227	21166	51093	53411	40196	54446
17425	27	0	347782	84852	79635	63767	121533	0	0	0	0	0	346734	433823	1048	1	92	956	88	91	4	1	1	4	1	92	5	92	0	0	0	92	0	10909354	807154	775570	1417258	2696	1170	4301276	287	97030	105236	78213	126739

