processed_m4552_ME21_HV0_test40_SRCoff_170716_073909_TMBCounters.txt																																													
alct0 valid pattern flag received	alct1 valid pattern flag received	raw hits readout   	Pretrigger   	Pretrigger on CFEB0	Pretrigger on CFEB1	Pretrigger on CFEB2	Pretrigger on CFEB3	Pretrigger on CFEB4	Pretrigger on CFEB5	Pretrigger on CFEB6	Pretrigger on ME1A CFEB 4-6 only	Pretrigger on ME1B CFEBs 0-3 only	Discarded, CLCT0 invalid pattern after drift	BX pretrig waiting for triads to dissipate	clct0 sent to TMB matching section	clct1 sent to TMB matching section	TMB accepted alct	TMB match reject event  	Matching found one ALCT	Matching found one CLCT	Matching found two ALCTs	Matching found two CLCTs	ALCT0 copied into ALCT1 to make 2nd LCT	CLCT0 copied into CLCT1 to make 2nd LCT	LCT1 has higher quality than LCT0 	Transmitted LCT0 to MPC	Transmitted LCT1 to MPC	MPC rejected both LCT0 and LCT1	L1A received   	L1A received, TMB in L1A window	L1A received, no TMB in window	TMB triggered, no L1A in window	TMB readouts completed	Pretrigger counter   	CLCT counter   	TMB trigger counter	ALCTs received counter	L1As received counter 	Readout counter 	Orbit counter	CLCT pre-trigger and ALCT coincidence counter	CFEB0 active flag sent to DMB for readout	CFEB1 active flag sent to DMB for readout	CFEB2 active flag sent to DMB for readout	CFEB3 active flag sent to DMB for readout
52159	2509	3174	53027	19275	15230	11712	9556	0	0	0	0	0	7539	156721	45488	1954	45191	297	42978	43239	2213	1952	630	891	346	45191	2843	45191	3190	3147	43	42044	3147	58760	45543	45221	52468	3190	3147	104930	23092	21732	19606	15290	11052
925	15	0	16628	4006	3886	3072	5760	0	0	0	0	0	16477	21133	151	4	90	61	84	86	6	4	0	2	1	90	6	90	0	0	0	90	0	75423	45694	45311	53399	3190	3147	252975	99	4576	5121	3755	6039
324	4	0	6108	1454	1441	1152	2098	0	0	0	0	0	6059	7744	49	1	22	27	22	21	0	1	1	0	0	22	1	22	0	0	0	22	0	81537	45743	45333	53723	3190	3147	307361	32	1663	1874	1407	2211
891	9	0	16745	3980	3846	3067	5938	0	0	0	0	0	16597	21153	148	3	92	56	88	89	4	3	2	3	1	92	6	92	0	0	0	92	0	98290	45891	45425	54615	3190	3147	455398	97	4558	5052	3732	6194
332	4	0	6202	1476	1440	1135	2183	0	0	0	0	0	6146	7856	56	0	31	25	29	31	2	0	0	2	0	31	2	31	0	0	0	31	0	104504	45948	45457	54948	3190	3147	509786	33	1698	1880	1392	2279
919	9	0	16629	4162	3666	3082	5810	0	0	0	0	0	16485	21069	144	1	87	57	83	86	4	1	0	3	0	87	4	87	0	0	0	87	0	121149	46092	45544	55869	3190	3147	657823	98	4710	4879	3771	6072
54245	2573	3245	55009	19990	16110	12063	9642	0	0	0	0	0	7658	162813	47351	2064	47059	292	44776	44998	2283	2061	741	963	347	47059	3024	47059	3265	3205	60	43854	3205	176169	93443	92603	110115	2359	2256	712195	24420	22599	20721	15708	11207
893	11	0	16539	4115	3777	3081	5668	0	0	0	0	0	16363	20985	176	4	101	75	97	97	4	4	2	2	0	101	6	101	0	0	0	101	0	192713	93619	92704	111010	2359	2256	860244	104	4653	5020	3732	5957
51131	2469	3072	52117	19016	15099	11375	9267	0	0	0	0	0	7525	153671	44592	1908	44310	282	42120	42404	2190	1906	643	927	342	44310	2833	44310	3088	3049	39	41261	3049	244840	138211	137014	162141	1351	1209	914619	22799	21542	19367	14805	10826
961	17	0	16692	3912	3796	3185	5902	0	0	0	0	0	16500	21263	192	5	111	81	103	106	8	5	2	5	1	111	10	111	0	0	0	111	0	261546	138403	137125	163103	1351	1209	1062669	104	4434	4928	3873	6140
51056	2422	3177	52119	18908	15242	11444	9206	0	0	0	0	0	7524	153688	44595	1920	44317	278	42165	42398	2152	1919	654	887	338	44317	2806	44317	3192	3152	40	41165	3152	313680	182998	181442	214159	447	265	1117041	22865	21395	19497	14777	10609
915	18	0	16626	4003	3817	3086	5805	0	0	0	0	0	16481	20935	145	7	91	54	83	86	8	5	1	4	1	91	9	91	0	0	0	91	0	330324	183143	181533	215078	447	265	1265079	99	4578	5058	3764	6064
50529	2400	3039	51556	18659	14907	11339	9397	0	0	0	0	0	7517	151856	44039	1851	43760	279	41625	41909	2135	1851	599	883	353	43760	2734	43760	3052	3010	42	40750	3010	381888	227182	225293	265609	3499	3275	1319465	22502	21125	19055	14774	10853
908	15	0	16570	4082	3744	3003	5857	0	0	0	0	0	16397	21008	173	1	95	78	89	94	6	1	0	5	1	95	6	95	0	0	0	95	0	398475	227356	225389	266518	3499	3275	1467502	82	4590	4948	3624	6093
51013	2465	3097	52159	19018	15095	11597	9183	0	0	0	0	0	7521	153796	44638	1946	44355	283	42162	42411	2193	1944	661	910	372	44355	2854	44355	3112	3069	43	41286	3069	450643	271994	269744	317531	2515	2248	1521875	22847	21460	19518	15035	10721
933	15	0	16405	4039	3756	3026	5663	0	0	0	0	0	16256	20754	149	3	86	63	81	84	5	2	0	3	0	86	5	86	0	0	0	86	0	467059	272143	269830	318465	2515	2248	1669925	92	4584	4914	3702	5918
50436	2489	2949	51452	18563	15089	11200	9239	0	0	0	0	0	7528	151583	43924	1914	43652	272	41445	41741	2207	1911	648	944	364	43652	2855	43652	2963	2925	38	40727	2925	518532	316067	313482	368905	1382	1077	1724298	22662	20987	19426	14575	10673
913	17	0	16397	4049	3771	3017	5659	0	0	0	0	0	16236	20723	161	2	96	65	88	94	8	2	1	7	1	96	9	96	0	0	0	96	0	534939	316228	313578	369819	1382	1077	1872348	86	4652	4982	3693	5887
53163	2508	3172	54269	19705	15827	11934	9642	0	0	0	0	0	7770	160206	46499	1984	46211	288	44015	44229	2196	1982	697	911	377	46211	2893	46211	3187	3138	49	43073	3138	589220	362727	359789	422983	473	119	1926721	23846	22280	20301	15517	11252
926	8	0	16821	4007	3810	3110	5968	0	0	0	0	0	16659	21203	162	1	86	76	84	86	2	0	0	2	0	86	2	86	0	0	0	86	0	606059	362889	359875	423909	473	119	2074772	93	4573	5030	3797	6268
51038	2421	2964	52089	18922	15248	11454	9142	0	0	0	0	0	7595	153333	44494	1792	44195	299	42056	42404	2139	1791	595	943	325	44195	2734	44195	2980	2937	43	41258	2937	658164	407383	404070	474947	3453	3056	2129155	22765	21442	19543	14950	10703
929	9	0	16610	4109	3763	3091	5731	0	0	0	0	0	16476	20858	134	0	74	60	74	74	0	0	0	0	0	74	0	74	0	0	0	74	0	674787	407517	404144	475876	3453	3056	2277183	105	4681	4962	3776	5994
51430	2492	3159	52336	19046	15341	11377	9381	0	0	0	0	0	7478	154542	44858	1984	44617	241	42380	42636	2237	1981	693	949	383	44617	2930	44617	3171	3131	40	41486	3131	727132	452375	448761	527307	2528	2091	2331567	22781	21602	19519	14852	10928
916	20	0	16811	4071	3805	3147	5888	0	0	0	0	0	16659	21165	152	1	85	67	80	84	5	1	0	4	0	85	5	85	0	0	0	85	0	743961	452527	448846	528224	2528	2091	2479607	112	4583	5000	3873	6142
53581	2613	3272	54438	19705	15864	12027	9667	0	0	0	0	0	7633	161041	46805	2034	46504	301	44167	44470	2337	2034	683	986	359	46504	3020	46504	3292	3233	59	43271	3233	798416	499332	495350	581805	1724	1228	2533990	24084	22297	20484	15640	11242
884	8	0	16767	4096	3899	3090	5784	0	0	0	0	0	16610	21047	157	0	92	65	90	92	2	0	0	2	0	92	2	92	0	0	0	92	0	815197	499489	495442	582691	1724	1228	2682028	97	4683	5113	3800	6051
51594	2464	3057	52484	19076	15237	11574	9447	0	0	0	0	0	7488	154897	44996	1974	44706	290	42493	42733	2213	1973	695	935	366	44706	2908	44706	3076	3029	47	41677	3029	867694	544485	540148	634285	704	161	2736413	23041	21604	19637	15025	10959
892	12	0	16654	3938	3882	3100	5826	0	0	0	0	0	16476	21135	178	2	87	91	81	86	6	1	1	6	1	87	7	87	0	0	0	87	0	884367	544663	540235	635179	704	161	2884453	110	4498	5137	3823	6091

processed_m4553_ME21_HV0_test40_SRCoff_170716_074637_TMBCounters.txt																																													
alct0 valid pattern flag received	alct1 valid pattern flag received	raw hits readout   	Pretrigger   	Pretrigger on CFEB0	Pretrigger on CFEB1	Pretrigger on CFEB2	Pretrigger on CFEB3	Pretrigger on CFEB4	Pretrigger on CFEB5	Pretrigger on CFEB6	Pretrigger on ME1A CFEB 4-6 only	Pretrigger on ME1B CFEBs 0-3 only	Discarded, CLCT0 invalid pattern after drift	BX pretrig waiting for triads to dissipate	clct0 sent to TMB matching section	clct1 sent to TMB matching section	TMB accepted alct	TMB match reject event  	Matching found one ALCT	Matching found one CLCT	Matching found two ALCTs	Matching found two CLCTs	ALCT0 copied into ALCT1 to make 2nd LCT	CLCT0 copied into CLCT1 to make 2nd LCT	LCT1 has higher quality than LCT0 	Transmitted LCT0 to MPC	Transmitted LCT1 to MPC	MPC rejected both LCT0 and LCT1	L1A received   	L1A received, TMB in L1A window	L1A received, no TMB in window	TMB triggered, no L1A in window	TMB readouts completed	Pretrigger counter   	CLCT counter   	TMB trigger counter	ALCTs received counter	L1As received counter 	Readout counter 	Orbit counter	CLCT pre-trigger and ALCT coincidence counter	CFEB0 active flag sent to DMB for readout	CFEB1 active flag sent to DMB for readout	CFEB2 active flag sent to DMB for readout	CFEB3 active flag sent to DMB for readout
37595	1138	2250	15043	4622	4530	3379	2859	0	0	0	0	0	12207	27084	2836	112	2739	97	2337	2627	402	112	22	312	25	2739	424	2739	3246	164	3082	2575	164	17818	2840	2739	37799	3246	164	104927	9756	5432	5807	4232	3359
588	7	0	8275	1978	2042	1634	2673	0	0	0	0	0	8255	10283	20	0	5	15	5	5	0	0	0	0	0	5	0	5	0	0	0	5	0	26113	2860	2744	38387	3246	164	252977	20	2257	2692	2007	2817
35202	965	2109	14056	4282	4302	3126	2619	0	0	0	0	0	11502	25209	2554	89	2483	71	2166	2394	317	89	17	245	16	2483	334	2483	2965	161	2804	2322	161	40176	5414	5227	73589	2115	325	307349	8987	4992	5516	3970	3070
573	9	0	8206	1983	2029	1594	2645	0	0	0	0	0	8182	10103	24	0	5	19	5	5	0	0	0	0	0	5	0	5	0	0	0	5	0	48393	5438	5232	74162	2115	325	455398	17	2297	2683	1967	2783
37825	1129	2286	15076	4519	4523	3396	2897	0	0	0	0	0	12242	27315	2834	106	2722	112	2368	2616	354	106	16	264	26	2722	370	2722	3306	171	3135	2551	171	63472	8272	7954	111988	1325	496	509771	9653	5305	5769	4315	3424
573	5	0	7991	1976	1976	1530	2551	0	0	0	0	0	7971	9947	20	0	5	15	5	5	0	0	0	0	0	5	0	5	0	0	0	5	0	71469	8292	7959	112563	1325	496	657810	17	2285	2573	1928	2696
35296	1046	2182	14215	4296	4244	3139	2800	0	0	0	0	0	11621	25459	2594	117	2534	60	2200	2417	334	117	29	246	18	2534	363	2534	3149	155	2994	2379	155	85691	10886	10493	147859	378	651	712194	8969	4999	5477	3991	3248
560	3	0	8022	1897	1985	1567	2619	0	0	0	0	0	8005	9923	17	0	6	11	6	6	0	0	0	0	0	6	0	6	0	0	0	6	0	93715	10903	10499	148420	378	651	860233	24	2221	2572	1967	2754
35713	1044	2233	14518	4376	4425	3239	2750	0	0	0	0	0	11887	25822	2631	97	2550	81	2211	2453	339	97	14	256	13	2550	353	2550	3177	166	3011	2384	166	108239	13534	13049	184134	3555	817	914608	9169	5144	5674	4081	3246
571	6	0	8151	1980	1945	1660	2621	0	0	0	0	0	8122	10123	29	0	8	21	6	8	2	0	0	2	0	8	2	8	0	0	0	8	0	116394	13563	13057	184705	3555	817	1062656	31	2270	2591	2032	2793
37343	1063	2275	14917	4489	4591	3263	2866	0	0	0	0	0	12113	26828	2804	96	2732	72	2353	2636	379	96	15	298	14	2732	394	2732	3261	174	3087	2558	174	131321	16367	15789	222048	2720	991	1117029	9561	5240	5825	4151	3345
546	4	0	8068	2014	1928	1624	2559	0	0	0	0	0	8045	10095	23	0	6	17	6	6	0	0	0	0	0	6	0	6	0	0	0	6	0	139399	16390	15795	222594	2720	991	1265080	21	2296	2598	1995	2726
37279	1135	2224	14949	4578	4546	3309	2810	0	0	0	0	0	12165	26924	2784	105	2693	91	2309	2588	384	105	29	308	16	2693	413	2693	3199	159	3040	2534	159	154357	19174	18488	259873	1823	1150	1319451	9646	5417	5831	4180	3310
555	3	0	8108	1984	1947	1564	2649	0	0	0	0	0	8095	10058	13	0	3	10	3	3	0	0	0	0	0	3	0	3	0	0	0	3	0	162466	19187	18491	260429	1823	1150	1467503	23	2272	2543	1910	2805
35918	1108	2159	14617	4447	4449	3240	2758	0	0	0	0	0	11875	26354	2742	112	2653	89	2280	2541	373	112	27	288	29	2653	400	2653	3097	168	2929	2485	168	177091	21929	21144	296348	824	1318	1521874	9301	5202	5724	4064	3233
567	7	0	8178	1919	1944	1635	2709	0	0	0	0	0	8161	10122	17	2	7	10	5	5	2	2	0	0	0	7	2	7	0	0	0	7	0	185274	21946	21151	296916	824	1318	1669912	24	2202	2568	1995	2848
36786	1078	2219	14889	4541	4480	3258	2878	0	0	0	0	0	12203	26758	2686	103	2597	89	2238	2494	359	103	20	276	16	2597	379	2597	3207	145	3062	2452	145	200170	24632	23748	333702	4031	1463	1724299	9468	5304	5745	4104	3325
620	9	0	8335	1967	2030	1632	2745	0	0	0	0	0	8308	10467	27	0	8	19	7	8	1	0	0	1	0	8	1	8	0	0	0	8	0	208512	24659	23756	334322	4031	1463	1872335	31	2281	2633	1979	2902
36677	1026	2213	14606	4389	4457	3253	2782	0	0	0	0	0	11981	26189	2625	100	2543	82	2182	2443	361	100	23	284	15	2543	384	2543	3150	149	3001	2394	149	223124	27284	26299	370999	3085	1612	1926710	9433	5141	5765	4115	3245
610	5	0	8146	2012	1995	1580	2608	0	0	0	0	0	8127	10107	19	0	6	13	6	6	0	0	0	0	0	6	0	6	0	0	0	6	0	231280	27303	26305	371610	3085	1612	2074758	26	2296	2650	1971	2754
38754	1149	2381	15562	4738	4744	3466	2927	0	0	0	0	0	12667	28162	2895	113	2799	96	2412	2687	387	112	27	302	28	2799	414	2799	3388	180	3208	2619	180	246847	30198	29104	410365	2377	1792	2129131	10140	5542	6118	4371	3400
594	3	0	8103	2017	1987	1600	2552	0	0	0	0	0	8089	9987	14	0	2	12	2	2	0	0	0	0	0	2	0	2	0	0	0	2	0	254953	30212	29106	410960	2377	1792	2277184	22	2320	2611	1970	2701
34927	1008	2096	14112	4304	4252	3058	2766	0	0	0	0	0	11495	25379	2617	93	2545	72	2221	2452	324	93	24	255	17	2545	348	2545	2978	153	2825	2392	153	269072	32829	31651	445887	1259	1945	2331554	8951	5057	5403	3871	3193
575	1	0	8128	1976	1992	1623	2590	0	0	0	0	0	8109	10107	19	0	4	15	4	4	0	0	0	0	0	4	0	4	0	0	0	4	0	277204	32848	31655	446462	1259	1945	2479607	26	2300	2582	1987	2738
35354	997	2253	14359	4376	4427	3111	2703	0	0	0	0	0	11707	25753	2652	107	2543	109	2216	2436	327	107	33	253	20	2543	360	2543	3250	164	3086	2379	164	291570	35500	34198	481816	413	2109	2533980	9154	5142	5701	3994	3171
596	3	0	8154	1978	1961	1597	2653	0	0	0	0	0	8131	10178	23	0	9	14	9	9	0	0	0	0	0	9	0	9	0	0	0	9	0	299730	35523	34207	482412	413	2109	2682018	24	2272	2577	1961	2814
36924	1162	2332	14848	4518	4564	3256	2797	0	0	0	0	0	12128	26699	2720	134	2637	83	2247	2503	390	134	25	281	35	2637	415	2637	3359	171	3188	2466	171	314584	38243	36844	519336	3772	2280	2736400	9490	5327	5870	4089	3270
617	2	0	8233	1979	1973	1660	2665	0	0	0	0	0	8208	10204	25	0	5	20	5	5	0	0	0	0	0	5	0	5	0	0	0	5	0	322828	38268	36849	519955	3772	2280	2884441	36	2320	2606	1993	2821
34721	1053	2083	13974	4296	4168	3060	2717	0	0	0	0	0	11471	24937	2503	102	2436	67	2099	2335	337	101	23	259	28	2436	360	2436	2973	137	2836	2299	137	336813	40771	39285	554676	2649	2417	2938826	8828	5082	5373	3840	3150
557	11	0	8079	1982	1950	1627	2561	0	0	0	0	0	8045	10121	34	1	10	24	8	9	2	1	0	1	0	10	2	10	0	0	0	10	0	344897	40805	39295	555234	2649	2417	3086863	28	2273	2604	1983	2699
38114	1086	2293	15195	4671	4553	3372	2863	0	0	0	0	0	12373	27401	2822	93	2738	84	2366	2645	372	93	20	299	15	2738	392	2738	3309	164	3145	2574	164	360102	43627	42033	593350	1862	2581	3141246	9793	5472	5829	4270	3396
541	10	0	8117	1930	1935	1611	2673	0	0	0	0	0	8100	10060	17	0	6	11	5	6	1	0	0	1	0	6	1	6	0	0	0	6	0	368224	43644	42039	593891	1862	2581	3289286	36	2265	2579	1976	2831
37692	1090	2275	15048	4571	4682	3283	2803	0	0	0	0	0	12257	27058	2791	105	2701	90	2311	2596	390	105	24	309	21	2701	414	2701	3275	137	3138	2564	137	383279	46435	44740	631584	1041	2718	3343658	9708	5407	5988	4200	3317
572	13	0	7991	2007	1960	1610	2466	0	0	0	0	0	7964	9899	27	1	10	17	8	9	2	1	0	1	0	10	2	10	0	0	0	10	0	391276	46462	44750	632156	1041	2718	3491707	31	2295	2551	1953	2611

processed_m4554_ME21_HV0_test40_SRCoff_170716_075502_TMBCounters.txt																																													
alct0 valid pattern flag received	alct1 valid pattern flag received	raw hits readout   	Pretrigger   	Pretrigger on CFEB0	Pretrigger on CFEB1	Pretrigger on CFEB2	Pretrigger on CFEB3	Pretrigger on CFEB4	Pretrigger on CFEB5	Pretrigger on CFEB6	Pretrigger on ME1A CFEB 4-6 only	Pretrigger on ME1B CFEBs 0-3 only	Discarded, CLCT0 invalid pattern after drift	BX pretrig waiting for triads to dissipate	clct0 sent to TMB matching section	clct1 sent to TMB matching section	TMB accepted alct	TMB match reject event  	Matching found one ALCT	Matching found one CLCT	Matching found two ALCTs	Matching found two CLCTs	ALCT0 copied into ALCT1 to make 2nd LCT	CLCT0 copied into CLCT1 to make 2nd LCT	LCT1 has higher quality than LCT0 	Transmitted LCT0 to MPC	Transmitted LCT1 to MPC	MPC rejected both LCT0 and LCT1	L1A received   	L1A received, TMB in L1A window	L1A received, no TMB in window	TMB triggered, no L1A in window	TMB readouts completed	Pretrigger counter   	CLCT counter   	TMB trigger counter	ALCTs received counter	L1As received counter 	Readout counter 	Orbit counter	CLCT pre-trigger and ALCT coincidence counter	CFEB0 active flag sent to DMB for readout	CFEB1 active flag sent to DMB for readout	CFEB2 active flag sent to DMB for readout	CFEB3 active flag sent to DMB for readout
51619	2259	3080	49687	17465	14614	10777	8419	0	0	0	0	0	16391	130656	33296	1028	33055	241	31277	32028	1778	1027	322	1073	218	33055	2100	33055	3096	2146	950	30909	2146	54341	33329	33076	51879	3096	2146	104936	42248	19867	18810	14087	9838
721	8	0	13685	3443	3234	2603	4478	0	0	0	0	0	13587	17216	98	3	51	47	48	48	3	3	2	2	0	51	5	51	0	0	0	51	0	68034	33427	33127	52600	3096	2146	252986	88	3928	4240	3164	4711
50901	2257	3034	48867	17280	14203	10572	8345	0	0	0	0	0	15966	128752	32901	1030	32656	245	30901	31629	1755	1027	352	1080	231	32656	2107	32656	3048	2121	927	30535	2121	116906	66329	65784	103505	2048	171	307362	41636	19555	18246	13711	9778
782	12	0	13622	3397	3215	2632	4451	0	0	0	0	0	13518	17049	104	0	62	42	59	62	3	0	0	3	0	62	3	62	0	0	0	62	0	130536	66433	65846	104287	2048	171	455401	107	3843	4223	3196	4639
50327	2245	3060	48542	17113	14186	10550	8241	0	0	0	0	0	15993	127670	32549	1038	32298	251	30566	31260	1732	1038	364	1058	226	32298	2096	32298	3078	2132	946	30166	2132	179091	98982	98144	154615	1030	2303	509784	41240	19396	18218	13773	9638
838	9	0	13563	3337	3191	2589	4525	0	0	0	0	0	13455	16948	108	1	49	59	48	48	1	1	0	0	0	49	1	49	0	0	0	49	0	192666	99090	98193	155453	1030	2303	657823	100	3795	4204	3190	4743
55100	2397	3300	52598	18594	15439	11455	8830	0	0	0	0	0	16816	139284	35782	1160	35527	255	33638	34370	1889	1157	398	1130	232	35527	2287	35527	3318	2298	1020	33229	2298	245270	134872	133720	210553	252	505	712197	45161	21033	19981	14935	10373
838	12	0	13562	3458	3228	2544	4431	0	0	0	0	0	13460	17048	102	1	49	53	47	48	2	1	0	1	0	49	2	49	0	0	0	49	0	258843	134974	133769	211391	252	505	860246	110	3922	4246	3133	4659
52108	2291	3103	49900	17692	14549	10914	8431	0	0	0	0	0	16298	131540	33602	1126	33369	233	31573	32244	1796	1125	363	1034	264	33369	2159	33369	3120	2145	975	31224	2145	308755	168576	167138	263499	3372	2650	914617	42536	20018	18919	14099	9839
754	12	0	13565	3312	3207	2588	4528	0	0	0	0	0	13467	16889	98	1	53	45	49	52	4	1	0	3	0	53	4	53	0	0	0	53	0	322331	168674	167191	264255	3372	2650	1062668	111	3812	4225	3152	4750
51991	2340	3122	50029	17717	14669	10951	8302	0	0	0	0	0	16165	132234	33864	1072	33623	241	31751	32552	1872	1071	328	1129	249	33623	2200	33623	3138	2165	973	31458	2165	372374	202538	200814	316247	2414	719	1117041	42547	20105	18868	14120	9790
804	8	0	13813	3392	3260	2683	4549	0	0	0	0	0	13712	17299	101	1	58	43	55	58	3	0	0	3	0	58	3	58	0	0	0	58	0	386203	202639	200872	317052	2414	719	1265091	124	3845	4319	3295	4782
50522	2217	3016	48700	17259	14213	10575	8231	0	0	0	0	0	16139	128093	32561	1036	32321	240	30608	31288	1713	1033	337	1017	203	32321	2050	32321	3032	2117	915	30204	2117	434918	235200	233193	367576	1350	2836	1319466	41390	19568	18372	13753	9654
774	9	0	13577	3451	3272	2620	4315	0	0	0	0	0	13458	16994	119	1	56	63	52	55	4	1	0	3	0	56	4	56	0	0	0	56	0	448505	235319	233249	368351	1350	2836	1467503	96	3915	4338	3248	4528
55521	2590	3295	52914	18993	15402	11479	8840	0	0	0	0	0	16987	140390	35927	1219	35676	251	33663	34458	2013	1218	388	1183	262	35676	2401	35676	3310	2265	1045	33411	2265	501428	271246	268925	423873	564	1005	1521887	45481	21455	19933	14910	10349
807	10	0	13730	3468	3186	2684	4472	0	0	0	0	0	13625	17210	105	3	56	49	54	53	2	3	1	0	1	56	3	56	0	0	0	56	0	515170	271351	268981	424681	564	1005	1669924	114	3937	4205	3279	4737
50589	2299	3120	48644	17150	14097	10713	8270	0	0	0	0	0	15885	128297	32759	1083	32518	241	30700	31435	1818	1083	344	1079	231	32518	2162	32518	3129	2164	965	30354	2164	563824	304110	301499	475271	3693	3169	1724310	41397	19390	18315	13943	9669
823	12	0	13718	3404	3267	2619	4498	0	0	0	0	0	13636	17223	82	2	48	34	43	46	5	2	0	3	0	48	5	48	0	0	0	48	0	577554	304192	301547	476094	3693	3169	1872349	132	3907	4249	3211	4731
53556	2266	3220	51074	17973	15032	11040	8665	0	0	0	0	0	16722	134698	34352	1070	34114	238	32395	33044	1719	1070	362	1011	219	34114	2081	34114	3226	2229	997	31885	2229	628643	338544	335661	529650	2823	1302	1926720	43696	20412	19269	14423	10158
802	15	0	13612	3328	3263	2638	4460	0	0	0	0	0	13499	16953	113	3	56	57	48	53	8	3	0	5	0	56	8	56	0	0	0	56	0	642266	338657	335717	530452	2823	1302	2074770	118	3812	4247	3173	4696
51284	2358	3101	49305	17557	14242	10746	8349	0	0	0	0	0	16208	129790	33097	1152	32858	239	31010	31707	1848	1151	377	1074	245	32858	2225	32858	3122	2202	920	30656	2202	691587	371754	368575	581736	1849	3504	2129143	41857	19817	18470	14003	9799
794	12	0	13635	3424	3287	2546	4455	0	0	0	0	0	13542	17116	93	1	52	41	50	51	2	1	0	1	0	52	2	52	0	0	0	52	0	705228	371847	368627	582531	1849	3504	2277194	100	3894	4332	3115	4689
52553	2265	3166	50340	17572	14722	11153	8480	0	0	0	0	0	16460	132940	33880	1077	33659	221	31897	32583	1762	1076	367	1053	239	33659	2129	33659	3182	2200	982	31459	2200	755579	405727	402286	635084	935	1608	2331568	43116	20002	18955	14491	9970
798	13	1	13639	3478	3198	2638	4390	0	0	0	0	0	13518	17135	121	2	69	52	65	68	4	1	0	3	1	69	4	69	1	0	1	69	0	769230	405848	402355	635882	936	1608	2479605	129	3951	4223	3182	4620

processed_m4555_ME21_HV0_test40_SRCoff_170716_080120_TMBCounters.txt																																													
alct0 valid pattern flag received	alct1 valid pattern flag received	raw hits readout   	Pretrigger   	Pretrigger on CFEB0	Pretrigger on CFEB1	Pretrigger on CFEB2	Pretrigger on CFEB3	Pretrigger on CFEB4	Pretrigger on CFEB5	Pretrigger on CFEB6	Pretrigger on ME1A CFEB 4-6 only	Pretrigger on ME1B CFEBs 0-3 only	Discarded, CLCT0 invalid pattern after drift	BX pretrig waiting for triads to dissipate	clct0 sent to TMB matching section	clct1 sent to TMB matching section	TMB accepted alct	TMB match reject event  	Matching found one ALCT	Matching found one CLCT	Matching found two ALCTs	Matching found two CLCTs	ALCT0 copied into ALCT1 to make 2nd LCT	CLCT0 copied into CLCT1 to make 2nd LCT	LCT1 has higher quality than LCT0 	Transmitted LCT0 to MPC	Transmitted LCT1 to MPC	MPC rejected both LCT0 and LCT1	L1A received   	L1A received, TMB in L1A window	L1A received, no TMB in window	TMB triggered, no L1A in window	TMB readouts completed	Pretrigger counter   	CLCT counter   	TMB trigger counter	ALCTs received counter	L1As received counter 	Readout counter 	Orbit counter	CLCT pre-trigger and ALCT coincidence counter	CFEB0 active flag sent to DMB for readout	CFEB1 active flag sent to DMB for readout	CFEB2 active flag sent to DMB for readout	CFEB3 active flag sent to DMB for readout
56695	2545	3442	56572	20480	16567	12231	9625	0	0	0	0	0	8946	167251	47626	1804	47339	287	45133	45536	2206	1803	632	1035	375	47339	2838	47339	3453	3290	163	44049	3290	61774	47677	47371	57008	3453	3290	104939	44982	23229	21276	16031	11219
788	8	0	15310	3836	3644	2887	5037	0	0	0	0	0	15162	19313	148	0	77	71	74	77	3	0	0	3	0	77	3	77	0	0	0	77	0	77126	47825	47448	57797	3453	3290	252976	136	4372	4775	3513	5282
52305	2436	3230	52406	19004	15222	11446	8978	0	0	0	0	0	8444	154900	43962	1784	43673	289	41527	41894	2146	1779	622	989	335	43673	2768	43673	3247	3084	163	40589	3084	129547	91787	91121	110102	2604	2278	307359	41251	21475	19654	14753	10449
840	16	0	15340	3810	3661	2900	5050	0	0	0	0	0	15204	19448	136	4	73	63	66	69	7	4	3	6	1	73	10	73	0	0	0	73	0	144895	91923	91194	110942	2604	2278	455400	134	4340	4778	3525	5282
53427	2465	3268	53614	19329	15586	11722	9137	0	0	0	0	0	8669	158363	44945	1772	44673	272	42540	42906	2133	1767	629	995	362	44673	2762	44673	3280	3118	162	41555	3118	198526	136868	135867	164369	1788	1300	509783	42507	21909	20187	15206	10714
812	9	0	15069	3697	3516	2883	5051	0	0	0	0	0	14947	18964	122	0	72	50	68	72	4	0	0	4	0	72	4	72	0	0	0	72	0	213605	136990	135939	165182	1788	1300	657821	118	4200	4603	3459	5303
56116	2708	3426	55868	20308	16336	11967	9633	0	0	0	0	0	8659	165512	47209	1916	46888	321	44521	44974	2367	1914	636	1089	370	46888	3003	46888	3436	3284	152	43604	3284	269485	184199	182827	221298	1128	488	712193	44340	23029	20985	15553	11200
857	13	0	15201	3819	3556	2890	5018	0	0	0	0	0	15063	19172	138	1	73	65	71	72	2	1	1	2	1	73	3	73	0	0	0	73	0	284696	184338	182901	222156	1128	488	860244	141	4305	4696	3539	5260
56858	2588	3438	56538	20366	16400	12406	9704	0	0	0	0	0	8778	167589	47760	1846	47457	303	45210	45614	2247	1843	658	1062	405	47457	2905	47457	3455	3274	181	44183	3274	341250	232098	230358	279014	487	3762	914616	45147	23042	21149	16206	11349
831	11	0	15389	3828	3615	2865	5168	0	0	0	0	0	15238	19291	151	0	81	70	79	81	2	0	0	2	0	81	2	81	0	0	0	81	0	356651	232249	230439	279846	487	3762	1062656	127	4376	4769	3497	5426
53199	2558	3282	53420	19307	15510	11791	9064	0	0	0	0	0	8597	157636	44823	1795	44527	296	42286	42734	2241	1793	589	1037	369	44527	2830	44527	3294	3154	140	41373	3154	410081	277072	274966	333046	3781	2820	1117039	42204	21808	19941	15281	10690
818	12	0	15514	3874	3549	3019	5143	0	0	0	0	0	15366	19480	148	4	81	67	75	77	6	4	1	3	1	81	7	81	0	0	0	81	0	425606	277220	275047	333865	3781	2820	1265081	132	4421	4700	3651	5401
53633	2538	3307	53683	19347	15280	11831	9355	0	0	0	0	0	8587	158411	45096	1774	44809	287	42607	43036	2202	1773	608	1037	351	44809	2810	44809	3324	3159	165	41650	3159	479301	322316	319856	387499	3009	1883	1319462	42194	21829	19822	15256	10915
842	15	0	15234	3796	3548	2860	5115	0	0	0	0	0	15085	19186	149	4	94	55	85	90	9	4	0	5	0	94	9	94	0	0	0	94	0	494550	322465	319950	388341	3009	1883	1467502	140	4329	4721	3506	5325
51477	2511	3143	51708	18856	14819	11300	8894	0	0	0	0	0	8443	152524	43265	1741	43004	261	40803	41265	2201	1739	591	1053	339	43004	2792	43004	3154	3016	138	39988	3016	546269	365730	362954	439818	2067	803	1521885	40677	21230	19091	14672	10417
840	9	0	15243	3822	3494	2861	5152	0	0	0	0	0	15097	19197	146	1	85	61	81	84	4	1	0	3	0	85	4	85	0	0	0	85	0	561524	365876	363039	440658	2067	803	1669924	126	4375	4674	3456	5367
55254	2545	3303	55229	20043	16285	11887	9376	0	0	0	0	0	8827	163236	46402	1823	46118	284	43958	44296	2160	1822	648	986	370	46118	2808	46118	3322	3160	162	42958	3160	616760	412278	409157	495912	1293	3963	1724298	43712	22735	20814	15489	10871
859	21	0	15337	3749	3687	2981	5006	0	0	0	0	0	15201	19340	136	4	86	50	80	82	6	4	3	5	2	86	9	86	0	0	0	86	0	632109	412414	409243	496772	1293	3963	1872348	126	4305	4778	3625	5246
54250	2569	3318	54227	19756	15785	11786	9287	0	0	0	0	0	8659	160196	45568	1833	45253	315	43022	43424	2231	1829	622	1024	383	45253	2853	45253	3333	3174	159	42079	3174	686346	457982	454496	551022	530	3041	1926720	43126	22419	20336	15408	10813
770	15	0	15033	3652	3500	2845	5121	0	0	0	0	0	14876	18985	157	1	66	91	62	65	4	1	0	3	0	66	4	66	0	0	0	66	0	701394	458139	454562	551792	530	3041	2074770	113	4136	4574	3476	5368
51425	2347	3142	51526	18650	14833	11275	8923	0	0	0	0	0	8379	152161	43147	1670	42867	280	40810	41199	2057	1668	550	939	353	42867	2607	42867	3156	3002	154	39865	3002	752927	501286	497429	603220	3686	1947	2129143	40680	21049	19163	14623	10390
833	20	0	15201	3788	3472	2918	5095	0	0	0	0	0	15074	19146	127	3	62	65	57	59	5	3	0	2	1	62	5	62	0	0	0	62	0	768142	501413	497491	604054	3686	1947	2277193	116	4292	4603	3550	5334
51311	2506	3029	51382	18507	14858	11560	8721	0	0	0	0	0	8502	151339	42880	1780	42608	272	40413	40829	2195	1779	631	1047	380	42608	2826	42608	3045	2901	144	39707	2901	819540	544293	540099	655367	2635	752	2331567	40463	20848	19208	15018	10263
830	14	0	15330	3806	3593	2950	5054	0	0	0	0	0	15181	19346	149	5	81	68	75	77	6	4	1	3	0	81	7	81	0	0	0	81	0	834880	544442	540180	656197	2635	752	2479606	119	4357	4739	3601	5334

processed_m4556_ME21_HV0_test40_SRCoff_170716_080805_TMBCounters.txt																																													
alct0 valid pattern flag received	alct1 valid pattern flag received	raw hits readout   	Pretrigger   	Pretrigger on CFEB0	Pretrigger on CFEB1	Pretrigger on CFEB2	Pretrigger on CFEB3	Pretrigger on CFEB4	Pretrigger on CFEB5	Pretrigger on CFEB6	Pretrigger on ME1A CFEB 4-6 only	Pretrigger on ME1B CFEBs 0-3 only	Discarded, CLCT0 invalid pattern after drift	BX pretrig waiting for triads to dissipate	clct0 sent to TMB matching section	clct1 sent to TMB matching section	TMB accepted alct	TMB match reject event  	Matching found one ALCT	Matching found one CLCT	Matching found two ALCTs	Matching found two CLCTs	ALCT0 copied into ALCT1 to make 2nd LCT	CLCT0 copied into CLCT1 to make 2nd LCT	LCT1 has higher quality than LCT0 	Transmitted LCT0 to MPC	Transmitted LCT1 to MPC	MPC rejected both LCT0 and LCT1	L1A received   	L1A received, TMB in L1A window	L1A received, no TMB in window	TMB triggered, no L1A in window	TMB readouts completed	Pretrigger counter   	CLCT counter   	TMB trigger counter	ALCTs received counter	L1As received counter 	Readout counter 	Orbit counter	CLCT pre-trigger and ALCT coincidence counter	CFEB0 active flag sent to DMB for readout	CFEB1 active flag sent to DMB for readout	CFEB2 active flag sent to DMB for readout	CFEB3 active flag sent to DMB for readout
57699	2588	3519	57841	21104	16802	12572	9952	0	0	0	0	0	8147	172621	49694	1976	49366	328	47095	47392	2271	1974	701	998	446	49366	2972	49366	3537	3443	94	45923	3443	63060	49741	49388	57986	3537	3443	104937	42146	23784	21503	16325	11561
855	17	0	15201	3861	3542	2925	4956	0	0	0	0	0	15065	19181	136	3	82	54	75	79	7	3	0	4	0	82	7	82	0	0	0	82	0	78515	49879	49470	58852	3537	3443	252978	121	4381	4687	3520	5216
53764	2461	3332	54228	19741	15808	11764	9342	0	0	0	0	0	8015	161215	46213	1852	45949	264	43782	44100	2167	1849	630	948	359	45949	2797	45949	3348	3254	94	42695	3254	132757	96092	95419	112617	2789	2601	307360	39422	22332	20365	15360	10944
814	13	0	15556	3845	3608	2982	5201	0	0	0	0	0	15412	19513	144	1	72	72	70	71	2	1	0	1	0	72	2	72	0	0	0	72	0	148330	96236	95491	113431	2789	2601	455400	121	4411	4764	3618	5463
53671	2526	3206	53897	19538	15696	11809	9254	0	0	0	0	0	7822	160448	46075	1894	45770	305	43551	43883	2219	1887	640	972	366	45770	2859	45770	3229	3147	82	42623	3147	202240	142311	141261	167102	1922	1652	509779	39289	22103	20147	15415	10842
832	9	0	15607	3934	3543	2935	5282	0	0	0	0	0	15476	19659	131	1	75	56	74	74	1	1	1	1	0	75	2	75	0	0	0	75	0	217853	142442	141336	167935	1922	1652	657832	113	4464	4767	3590	5512
53798	2677	3254	54050	19677	15634	11909	9355	0	0	0	0	0	7964	160705	46086	1948	45821	265	43483	43877	2338	1944	652	1046	367	45821	2990	45821	3276	3185	91	42636	3185	271917	188528	187157	221734	1102	741	712207	39231	22233	20020	15478	11003
791	6	0	15754	3930	3600	3025	5274	0	0	0	0	0	15613	19782	141	3	77	64	74	74	3	3	2	2	2	77	5	77	0	0	0	77	0	287688	188669	187234	222525	1102	741	860258	125	4444	4811	3652	5538
56176	2848	3454	56227	20453	16445	12387	9596	0	0	0	0	0	7945	168124	48282	2118	47948	334	45458	45834	2490	2114	706	1082	421	47948	3196	47948	3471	3373	98	44575	3373	343929	236951	235182	278701	477	18	914616	40986	23142	21156	16131	11164
867	13	0	15587	3785	3595	3003	5273	0	0	0	0	0	15443	19557	144	3	70	74	66	67	4	3	2	3	0	70	6	70	0	0	0	70	0	359528	237095	235252	279568	477	18	1062680	112	4251	4710	3662	5558
55534	2670	3436	55693	20400	16289	12103	9466	0	0	0	0	0	7988	165782	47705	1949	47418	287	45077	45473	2341	1945	652	1048	356	47418	2993	47418	3452	3342	110	44076	3342	415234	284800	282670	335104	3929	3360	1117040	40770	23140	20987	15733	11093
851	10	0	15436	3840	3487	2983	5201	0	0	0	0	0	15296	19367	140	3	73	67	67	70	6	3	1	4	0	73	7	73	0	0	0	73	0	430688	284940	282743	335955	3929	3360	1265091	130	4337	4672	3599	5428
54718	2544	3316	54735	19831	15826	12084	9445	0	0	0	0	0	7875	163256	46860	1863	46570	290	44318	44707	2252	1863	623	1012	335	46570	2875	46570	3339	3240	99	43330	3240	485443	331800	329313	390673	3172	2504	1319452	39919	22451	20364	15643	11005
798	12	0	15523	3782	3636	2995	5196	0	0	0	0	0	15373	19574	150	4	77	73	71	73	6	4	1	3	2	77	7	77	0	0	0	77	0	500978	331951	329390	391472	3172	2504	1467514	116	4311	4811	3601	5446
53136	2660	3110	53329	19305	15848	11506	9152	0	0	0	0	0	7817	158800	45512	1914	45215	297	42888	43302	2327	1913	611	1025	386	45215	2938	45215	3123	3038	85	42177	3038	554317	377464	374606	444609	2199	1446	1521876	38804	21752	20250	15011	10649
873	16	0	15673	3917	3580	2979	5291	0	0	0	0	0	15519	19670	154	3	94	60	88	91	6	3	0	3	1	94	6	94	0	0	0	94	0	570004	377618	374700	445483	2199	1446	1669926	153	4427	4692	3616	5547
57120	2754	3408	56986	20751	16548	12419	9856	0	0	0	0	0	8033	170329	48953	2061	48643	310	46208	46587	2435	2056	679	1058	384	48643	3114	48643	3427	3326	101	45317	3326	627005	426572	423344	502604	1530	676	1724309	41626	23440	21335	16155	11529
840	11	0	15506	3852	3625	2955	5157	0	0	0	0	0	15355	19603	151	3	75	76	70	73	5	2	1	4	1	75	6	75	0	0	0	75	0	642522	426723	423419	503445	1530	676	1872349	130	4329	4757	3602	5389
53439	2554	3236	53892	19529	15854	11735	9221	0	0	0	0	0	7934	160149	45958	1840	45676	282	43425	43840	2251	1836	627	1042	340	45676	2878	45676	3254	3159	95	42517	3159	696424	472681	469095	556884	688	3835	1926734	39346	22113	20357	15239	10782
834	17	0	15543	3822	3609	2900	5288	0	0	0	0	0	15389	19684	154	1	83	71	78	82	5	1	0	4	0	83	5	83	0	0	0	83	0	711974	472835	469178	557718	688	3835	2074783	126	4356	4784	3542	5512
53054	2549	3191	53533	19341	15651	11694	9232	0	0	0	0	0	8003	159001	45530	1901	45223	307	42969	43328	2254	1895	631	990	382	45223	2885	45223	3202	3110	92	42113	3110	765525	518365	514401	610773	3890	2849	2129157	38935	21823	20141	15345	10798
835	16	0	15579	3888	3542	2987	5232	0	0	0	0	0	15434	19586	145	3	81	64	74	78	7	3	0	4	0	81	7	81	0	0	0	81	0	781128	518510	514482	611608	3890	2849	2277184	108	4411	4692	3644	5497
58016	2768	3584	57949	21117	16748	12623	10114	0	0	0	0	0	8166	173110	49783	2047	49458	325	47001	47414	2457	2044	693	1106	418	49458	3150	49458	3598	3507	91	45951	3507	839085	568293	563940	669625	3392	2260	2331558	42437	23917	21520	16410	11820

processed_m4557_ME21_HV0_test40_SRCoff_170716_081417_TMBCounters.txt																																													
alct0 valid pattern flag received	alct1 valid pattern flag received	raw hits readout   	Pretrigger   	Pretrigger on CFEB0	Pretrigger on CFEB1	Pretrigger on CFEB2	Pretrigger on CFEB3	Pretrigger on CFEB4	Pretrigger on CFEB5	Pretrigger on CFEB6	Pretrigger on ME1A CFEB 4-6 only	Pretrigger on ME1B CFEBs 0-3 only	Discarded, CLCT0 invalid pattern after drift	BX pretrig waiting for triads to dissipate	clct0 sent to TMB matching section	clct1 sent to TMB matching section	TMB accepted alct	TMB match reject event  	Matching found one ALCT	Matching found one CLCT	Matching found two ALCTs	Matching found two CLCTs	ALCT0 copied into ALCT1 to make 2nd LCT	CLCT0 copied into CLCT1 to make 2nd LCT	LCT1 has higher quality than LCT0 	Transmitted LCT0 to MPC	Transmitted LCT1 to MPC	MPC rejected both LCT0 and LCT1	L1A received   	L1A received, TMB in L1A window	L1A received, no TMB in window	TMB triggered, no L1A in window	TMB readouts completed	Pretrigger counter   	CLCT counter   	TMB trigger counter	ALCTs received counter	L1As received counter 	Readout counter 	Orbit counter	CLCT pre-trigger and ALCT coincidence counter	CFEB0 active flag sent to DMB for readout	CFEB1 active flag sent to DMB for readout	CFEB2 active flag sent to DMB for readout	CFEB3 active flag sent to DMB for readout
52336	2454	3179	53092	19234	15503	11608	9295	0	0	0	0	0	7742	157439	45350	1854	45053	297	42881	43199	2172	1854	647	965	355	45053	2819	45053	3195	3139	56	41914	3139	58506	45399	45078	52626	3195	3139	104938	34292	21713	19878	15085	10842
836	17	0	15849	3877	3621	3037	5389	0	0	0	0	0	15721	20030	128	1	70	58	66	69	4	1	1	4	0	70	5	70	0	0	0	70	0	74375	45527	45148	53462	3195	3139	252976	110	4430	4829	3705	5656
55000	2710	3405	55486	20233	16130	12149	9630	0	0	0	0	0	7796	165456	47690	2061	47377	313	44963	45320	2414	2057	668	1025	401	47377	3082	47377	3425	3343	82	44034	3343	129874	93217	92525	108463	2524	2386	307359	36160	22843	20845	15801	11219
830	11	0	15788	3932	3614	2998	5338	0	0	0	0	0	15646	19833	142	6	78	64	75	72	3	6	3	0	0	78	6	78	0	0	0	78	0	145675	93359	92603	109294	2524	2386	455400	96	4419	4804	3687	5573
53165	2600	3215	53545	19524	15508	11760	9270	0	0	0	0	0	7586	159466	45959	2018	45690	269	43390	43672	2300	2018	687	969	396	45690	2987	45690	3224	3166	58	42524	3166	199228	139318	138293	162460	1652	1456	509782	34843	22002	19891	15282	10876
876	11	0	15996	3970	3706	2967	5438	0	0	0	0	0	15860	20172	136	2	77	59	76	75	1	2	2	1	0	77	3	77	0	0	0	77	0	215236	139454	138370	163337	1652	1456	657821	116	4489	4846	3628	5683
55863	2652	3360	56181	20553	16269	12197	9799	0	0	0	0	0	7942	167568	48239	1988	47922	317	45564	45937	2358	1985	661	1034	409	47922	3019	47922	3370	3295	75	44627	3295	271429	187693	186292	219200	926	655	712194	36474	23130	20981	15922	11354
861	17	0	15991	3985	3634	3046	5422	0	0	0	0	0	15852	20265	139	3	76	63	72	73	4	3	2	3	0	76	6	76	0	0	0	76	0	287437	187833	186368	220061	926	655	860244	110	4517	4804	3724	5672
57944	2695	3628	57980	21332	16912	12597	9887	0	0	0	0	0	7876	173332	50104	2044	49771	333	47363	47728	2408	2043	725	1090	365	49771	3133	49771	3654	3568	86	46203	3568	345430	237937	236139	278005	484	127	914617	37745	24024	21752	16490	11531
857	15	0	16103	3997	3608	3075	5522	0	0	0	0	0	15956	20443	147	4	81	66	77	79	4	2	0	2	0	81	4	81	0	0	0	81	0	361546	238084	236220	278863	484	127	1062666	108	4492	4817	3775	5773
54965	2678	3219	55326	20026	16183	12118	9648	0	0	0	0	0	7643	164965	47683	2042	47364	319	44978	45325	2386	2039	655	1002	402	47364	3041	47364	3237	3158	79	44206	3158	416883	285767	283584	333828	3721	3285	1117041	36094	22660	20785	15797	11296
833	20	0	16238	4028	3674	3040	5587	0	0	0	0	0	16086	20347	152	5	79	73	74	74	5	5	2	2	2	79	7	79	0	0	0	79	0	433140	285919	283663	334661	3721	3285	1265089	97	4571	4839	3730	5831
54556	2592	3325	54955	20109	15897	11961	9552	0	0	0	0	0	7700	163768	47255	1996	46959	296	44664	44967	2295	1992	682	985	365	46959	2977	46959	3344	3276	68	43683	3276	488111	333174	330622	389217	2969	2465	1319463	35720	22706	20535	15523	11102
812	5	0	15845	3824	3709	2951	5451	0	0	0	0	0	15712	19972	133	1	74	59	73	74	1	0	0	1	0	74	1	74	0	0	0	74	0	503970	333307	330696	390030	2969	2465	1467503	108	4342	4860	3568	5712
53597	2672	3195	54191	19895	15585	11736	9513	0	0	0	0	0	7741	161120	46450	1983	46148	302	43769	44168	2379	1980	624	1023	397	46148	3003	46148	3211	3146	65	43002	3146	558174	379757	376844	443627	2084	1515	1521886	35064	22445	20219	15316	11100
861	13	0	16068	3926	3723	2966	5549	0	0	0	0	0	15910	20300	158	4	86	72	83	83	3	3	2	2	0	86	5	86	0	0	0	86	0	574250	379915	376930	444489	2084	1515	1669924	126	4460	4874	3594	5802
52181	2525	3089	52785	19302	15222	11494	9246	0	0	0	0	0	7520	157030	45265	1889	44984	281	42731	43101	2253	1883	623	993	368	44984	2876	44984	3107	3047	60	41937	3047	627045	425180	421914	496671	1095	466	1724297	34144	21733	19746	14955	10792
818	13	0	16133	3971	3719	2992	5529	0	0	0	0	0	15989	20420	144	3	82	62	79	79	3	3	2	2	2	82	5	82	0	0	0	82	0	643194	425324	421996	497492	1095	466	1872348	113	4520	4842	3675	5772
50550	2474	3008	51317	18720	14849	11022	9108	0	0	0	0	0	7484	152266	43833	1868	43572	261	41384	41706	2188	1866	604	926	349	43572	2792	43572	3024	2977	47	40595	2977	694525	469158	465568	548043	23	3443	1926720	33018	21251	19101	14327	10588
833	11	0	15711	3875	3549	2925	5460	0	0	0	0	0	15583	19813	128	3	69	59	66	66	3	3	2	2	0	69	5	69	0	0	0	69	0	710248	469286	465637	548877	23	3443	2074771	111	4384	4656	3507	5700
52066	2537	3349	52847	19439	15241	11450	9259	0	0	0	0	0	7635	156986	45212	1956	44923	289	42676	42970	2247	1953	655	949	352	44923	2902	44923	3363	3293	70	41630	3293	763102	514498	510560	600943	3386	2640	2129143	34316	21934	19609	14982	10816
871	15	0	15870	3872	3682	3009	5399	0	0	0	0	0	15723	20019	147	2	74	73	71	72	3	2	1	2	0	74	4	74	0	0	0	74	0	778982	514645	510634	601814	3386	2640	2277194	110	4439	4837	3608	5649
55241	2657	3360	55761	20388	16212	12225	9598	0	0	0	0	0	7746	166032	48015	2028	47716	299	45353	45688	2363	2028	662	997	411	47716	3025	47716	3378	3321	57	44395	3321	834757	562660	558350	657056	2668	1865	2331566	36371	23004	20930	15849	11201
781	15	0	16118	3918	3686	3058	5530	0	0	0	0	0	15974	20262	144	5	73	71	68	69	5	4	1	2	1	73	6	73	0	0	0	73	0	850891	562804	558423	657837	2668	1865	2479605	106	4447	4847	3779	5793

processed_m4558_ME21_HV0_test40_SRCoff_170716_084741_TMBCounters.txt																																													
alct0 valid pattern flag received	alct1 valid pattern flag received	raw hits readout   	Pretrigger   	Pretrigger on CFEB0	Pretrigger on CFEB1	Pretrigger on CFEB2	Pretrigger on CFEB3	Pretrigger on CFEB4	Pretrigger on CFEB5	Pretrigger on CFEB6	Pretrigger on ME1A CFEB 4-6 only	Pretrigger on ME1B CFEBs 0-3 only	Discarded, CLCT0 invalid pattern after drift	BX pretrig waiting for triads to dissipate	clct0 sent to TMB matching section	clct1 sent to TMB matching section	TMB accepted alct	TMB match reject event  	Matching found one ALCT	Matching found one CLCT	Matching found two ALCTs	Matching found two CLCTs	ALCT0 copied into ALCT1 to make 2nd LCT	CLCT0 copied into CLCT1 to make 2nd LCT	LCT1 has higher quality than LCT0 	Transmitted LCT0 to MPC	Transmitted LCT1 to MPC	MPC rejected both LCT0 and LCT1	L1A received   	L1A received, TMB in L1A window	L1A received, no TMB in window	TMB triggered, no L1A in window	TMB readouts completed	Pretrigger counter   	CLCT counter   	TMB trigger counter	ALCTs received counter	L1As received counter 	Readout counter 	Orbit counter	CLCT pre-trigger and ALCT coincidence counter	CFEB0 active flag sent to DMB for readout	CFEB1 active flag sent to DMB for readout	CFEB2 active flag sent to DMB for readout	CFEB3 active flag sent to DMB for readout
4636	196	267	9822	2976	2502	1992	2569	0	0	0	0	0	5990	19893	3832	147	3769	63	3598	3622	171	147	48	72	35	3769	219	3769	269	265	4	3504	265	15383	3870	3789	4937	269	265	104937	2623	3369	3243	2521	2777
2399	28	0	44359	10748	10156	8373	15346	0	0	0	0	0	43954	56013	405	8	234	171	227	227	7	7	4	4	0	234	11	234	0	0	0	234	0	59754	4275	4023	7336	269	265	509380	306	12237	13428	10151	16089
4770	228	301	9977	3035	2548	1932	2725	0	0	0	0	0	6008	20469	3969	170	3919	50	3715	3749	204	170	55	89	37	3919	259	3919	301	297	4	3622	297	69740	8244	7942	12107	570	562	563763	2711	3436	3286	2429	2927
2386	41	0	44362	10913	10066	8156	15475	0	0	0	0	0	43942	56105	420	10	225	195	212	216	13	9	3	7	3	225	16	225	0	0	0	225	0	114117	8664	8167	14494	570	562	968204	315	12407	13303	9916	16198
54053	2586	3355	54659	19900	15948	11884	9546	0	0	0	0	0	7604	162514	47055	1989	46776	279	44516	44788	2260	1988	675	947	358	46776	2935	46776	3370	3318	52	43458	3318	168788	55720	54944	68549	3940	3880	1022576	30993	22582	20401	15408	11076
2407	36	0	44587	10944	10183	8353	15346	0	0	0	0	0	44210	56125	377	8	209	168	195	202	14	7	4	11	0	209	18	209	0	0	0	209	0	213399	56098	55154	70957	3940	3880	1427016	278	12464	13516	10112	16034
54786	2575	3284	55225	20249	15972	12132	9550	0	0	0	0	0	7557	164323	47668	1987	47353	315	45089	45371	2264	1982	691	973	378	47353	2955	47353	3307	3252	55	44101	3252	268639	103767	102507	125743	3151	3036	1481401	31613	22814	20683	15816	11099
2521	42	0	44147	10863	10123	8209	15183	0	0	0	0	0	43756	55699	391	8	240	151	223	232	17	8	4	13	1	240	21	240	0	0	0	240	0	312797	104159	102748	128265	3151	3036	1885843	311	12386	13380	10061	15865
56496	2758	3511	56828	20670	16530	12388	10018	0	0	0	0	0	7652	169462	49176	2103	48856	320	46406	46759	2450	2097	732	1085	389	48856	3182	48856	3524	3467	57	45389	3467	369639	153335	151604	184761	2579	2407	1940215	32521	23389	21252	16053	11586
2407	27	0	44292	10955	10166	8341	15062	0	0	0	0	0	43870	56013	422	5	222	200	213	220	9	2	0	7	0	222	9	222	0	0	0	222	0	413940	153757	151826	187169	2579	2407	2344669	292	12440	13444	10143	15777
56507	2705	3512	56944	20895	16575	12467	9842	0	0	0	0	0	7667	169777	49277	2116	48998	279	46619	46884	2379	2114	737	1002	389	48998	3116	48998	3527	3458	69	45540	3458	470893	203034	200824	243676	2010	1769	2399040	32851	23503	21335	16131	11481
2420	42	0	44446	10954	10160	8382	15198	0	0	0	0	0	44033	56069	413	6	214	199	202	209	12	5	2	9	2	214	14	214	0	0	0	214	0	515352	203447	201038	246096	2010	1769	2803482	307	12449	13462	10128	15928
56544	2703	3465	56814	20750	16548	12465	9839	0	0	0	0	0	7605	169485	49209	2080	48902	307	46520	46825	2382	2077	718	1023	389	48902	3100	48902	3481	3424	57	45478	3424	572173	252656	249940	302640	1395	1097	2857865	32666	23496	21370	16131	11539
2332	37	0	44108	10865	9951	8329	15213	0	0	0	0	0	43732	55721	376	9	200	176	192	192	8	8	3	3	2	200	11	200	0	0	0	200	0	616296	253032	250140	304973	1395	1097	3262308	283	12324	13174	10052	15905
54916	2641	3313	55394	20209	16077	12060	9741	0	0	0	0	0	7515	165004	47879	2027	47597	282	45222	45573	2375	2024	665	1016	379	47597	3040	47597	3327	3277	50	44320	3277	671698	300911	297737	359889	626	278	3316679	31757	22740	20725	15745	11300
2358	32	0	44047	10823	10083	8194	15198	0	0	0	0	0	43622	55597	425	3	241	184	229	238	12	3	0	9	0	241	12	241	0	0	0	241	0	715761	301336	297978	362249	626	278	3721121	274	12300	13207	10009	15882
59265	2806	3513	59313	21487	17494	12982	10317	0	0	0	0	0	7771	177271	51542	2211	51196	346	48703	48988	2493	2208	756	1041	403	51196	3249	51196	3527	3470	57	47726	3470	775084	352878	349174	421514	57	3748	3775496	34386	24345	22420	16920	12025
2343	32	0	44255	10823	10202	8169	15282	0	0	0	0	0	43863	55783	392	4	211	181	199	207	12	4	1	9	0	211	13	211	0	0	0	211	0	819348	353270	349385	423857	57	3748	4179946	275	12350	13512	9958	15946
53401	2589	3188	54081	19677	15747	11843	9460	0	0	0	0	0	7695	160477	46386	2028	46117	269	43809	44092	2308	2025	708	991	364	46117	3016	46117	3206	3139	67	42978	3139	873442	399656	395502	477259	3263	2791	4234320	31012	22224	20383	15359	10996
2402	46	0	44262	11051	9983	8243	15272	0	0	0	0	0	43839	55966	423	7	248	175	228	241	20	7	1	14	2	248	21	248	0	0	0	248	0	917712	400079	395750	479661	3263	2791	4638759	290	12502	13213	9979	15971
58240	2864	3392	58446	21338	17084	12770	10200	0	0	0	0	0	7794	174468	50652	2210	50321	331	47774	48113	2547	2208	758	1097	428	50321	3305	50321	3408	3353	55	46968	3353	976167	450731	446071	537901	2575	2048	4693143	33501	24052	22027	16686	11826
2325	27	0	44214	10881	10077	8168	15334	0	0	0	0	0	43793	55798	421	13	230	191	217	221	13	9	4	8	4	230	17	230	0	0	0	230	0	1020402	451152	446301	540226	2575	2048	5097586	295	12344	13259	9960	16004
51501	2524	3114	52338	18923	15312	11467	9247	0	0	0	0	0	7565	155117	44773	1973	44481	292	42254	42510	2227	1971	680	936	385	44481	2907	44481	3130	3078	52	41403	3078	1072748	495925	490782	591729	1609	1030	5151957	29809	21421	19636	14985	10797
2349	27	0	44215	10775	10107	8284	15290	0	0	0	0	0	43825	55931	390	9	224	166	215	216	9	8	5	6	1	224	14	224	0	0	0	224	0	1116978	496315	491006	594080	1609	1030	5556412	283	12264	13379	10048	15987
54673	2639	3328	55098	20098	16129	12001	9618	0	0	0	0	0	7643	163956	47455	2032	47174	281	44839	45143	2335	2031	695	999	389	47174	3030	47174	3345	3289	56	43885	3289	1172087	543770	538180	648753	858	223	5610783	31494	22683	20718	15619	11219
2489	39	0	44221	10801	10070	8339	15266	0	0	0	0	0	43800	55989	421	7	238	183	220	231	18	7	1	12	1	238	19	238	0	0	0	238	0	1216326	544191	538418	651242	858	223	6015224	300	12281	13294	10120	15984

processed_m4559_ME21_HV0_test40_SRCoff_170716_085956_TMBCounters.txt																																													
alct0 valid pattern flag received	alct1 valid pattern flag received	raw hits readout   	Pretrigger   	Pretrigger on CFEB0	Pretrigger on CFEB1	Pretrigger on CFEB2	Pretrigger on CFEB3	Pretrigger on CFEB4	Pretrigger on CFEB5	Pretrigger on CFEB6	Pretrigger on ME1A CFEB 4-6 only	Pretrigger on ME1B CFEBs 0-3 only	Discarded, CLCT0 invalid pattern after drift	BX pretrig waiting for triads to dissipate	clct0 sent to TMB matching section	clct1 sent to TMB matching section	TMB accepted alct	TMB match reject event  	Matching found one ALCT	Matching found one CLCT	Matching found two ALCTs	Matching found two CLCTs	ALCT0 copied into ALCT1 to make 2nd LCT	CLCT0 copied into CLCT1 to make 2nd LCT	LCT1 has higher quality than LCT0 	Transmitted LCT0 to MPC	Transmitted LCT1 to MPC	MPC rejected both LCT0 and LCT1	L1A received   	L1A received, TMB in L1A window	L1A received, no TMB in window	TMB triggered, no L1A in window	TMB readouts completed	Pretrigger counter   	CLCT counter   	TMB trigger counter	ALCTs received counter	L1As received counter 	Readout counter 	Orbit counter	CLCT pre-trigger and ALCT coincidence counter	CFEB0 active flag sent to DMB for readout	CFEB1 active flag sent to DMB for readout	CFEB2 active flag sent to DMB for readout	CFEB3 active flag sent to DMB for readout
56626	2691	3472	56720	20774	16470	12406	9880	0	0	0	0	0	7324	169276	49396	2139	49069	327	46675	46931	2394	2138	748	1004	422	49069	3142	49069	3491	3442	49	45627	3442	61811	49439	49097	56902	3491	3442	104937	28266	23406	21189	16146	11459
2380	32	0	40809	9816	9216	7567	14451	0	0	0	0	0	40373	51886	436	9	245	191	229	237	16	8	4	12	2	245	20	245	0	0	0	245	0	102660	49875	49342	59283	3491	3442	509400	275	11161	12139	9162	15072
54793	2605	3332	55046	20248	16081	11885	9607	0	0	0	0	0	7078	164283	47968	2005	47643	325	45338	45641	2305	2002	699	1002	380	47643	3004	47643	3342	3294	48	44349	3294	157723	97843	96985	114077	2737	2640	563762	27477	22786	20614	15617	11275
2315	30	0	40877	9905	9323	7672	14163	0	0	0	0	0	40481	51737	396	7	213	183	204	207	9	6	4	7	0	213	13	213	0	0	0	213	0	198615	98240	97198	116392	2737	2640	968215	248	11275	12329	9296	14792
53906	2584	3289	54116	19930	15606	11681	9587	0	0	0	0	0	7107	161144	47009	2019	46706	303	44443	44690	2263	2016	719	966	358	46706	2982	46706	3302	3264	38	43442	3264	252744	145249	143904	170298	1943	1808	1022598	26990	22513	20202	15201	11219
2381	31	0	40971	10006	9264	7432	14488	0	0	0	0	0	40567	51734	404	11	224	180	214	214	10	10	4	4	3	224	14	224	0	0	0	224	0	293730	145653	144128	172679	1943	1808	1427027	246	11392	12221	9024	15121
55608	2657	3383	55758	20520	16222	12009	9729	0	0	0	0	0	7123	166425	48635	2072	48316	319	45964	46246	2352	2070	698	980	382	48316	3050	48316	3397	3347	50	44969	3347	349506	194289	192445	228289	1244	1059	1481400	27754	23238	20719	15655	11352
2385	45	0	40809	9916	9274	7476	14360	0	0	0	0	0	40395	51656	414	8	239	175	223	233	16	6	1	11	1	239	17	239	0	0	0	239	0	390326	194703	192684	230674	1244	1059	1885841	279	11303	12156	9174	15026
54346	2656	3328	54684	20146	16055	11784	9492	0	0	0	0	0	7079	163042	47605	2008	47291	314	44924	45285	2367	2006	673	1034	382	47291	3040	47291	3347	3292	55	43999	3292	445023	242308	239975	285021	495	255	1940226	27289	22764	20746	15324	11009
2317	34	0	40828	9824	9312	7479	14445	0	0	0	0	0	40381	51873	447	10	253	194	240	243	13	10	4	7	4	253	17	253	0	0	0	253	0	485866	242755	240228	287338	495	255	2344666	262	11161	12270	9160	15072
51887	2445	3181	52237	18840	15203	11510	9241	0	0	0	0	0	6882	155643	45355	1902	45094	261	42922	43193	2172	1901	666	937	342	45094	2838	45094	3194	3146	48	41948	3146	538116	288111	285323	339226	3689	3401	2399039	25978	21281	19548	14921	10763
854	8	0	14854	3492	3391	2727	5334	0	0	0	0	0	14705	18777	149	0	80	69	76	80	4	0	0	4	0	80	4	80	0	0	0	80	0	552981	288262	285404	340082	3689	3401	2547089	92	3993	4439	3315	5583
72474	3625	4518	70866	26127	20735	15558	12132	0	0	0	0	0	7718	214669	63148	2776	62802	346	59585	60030	3217	2772	919	1364	516	62802	4136	62802	4535	4460	75	58342	4460	623855	351410	348206	412556	32	3765	2601462	36218	29502	26681	20302	14225
837	11	0	15028	3712	3349	2764	5285	0	0	0	0	0	14888	19017	140	2	78	62	75	76	3	2	2	3	1	78	5	78	0	0	0	78	0	638897	351550	348284	413394	32	3765	2749513	102	4175	4459	3371	5511
66322	3230	4025	65179	23724	19048	14480	11254	0	0	0	0	0	7348	196677	57831	2456	57469	362	54574	55016	2895	2453	806	1248	464	57469	3701	57469	4038	3988	50	53481	3988	704087	409381	405753	479716	4070	3657	2803885	33267	26833	24455	18922	13226
853	11	0	15052	3736	3341	2795	5256	0	0	0	0	0	14900	19102	152	2	84	68	81	83	3	1	0	2	0	84	3	84	0	0	0	84	0	719150	409533	405837	480569	4070	3657	2951925	101	4234	4470	3403	5481
64715	3091	3943	63999	23519	18777	13926	11022	0	0	0	0	0	7461	192520	56538	2459	56191	347	53425	53735	2766	2456	819	1129	476	56191	3585	56191	3960	3909	51	52282	3909	783160	466071	462028	545284	3934	3470	3006316	32528	26582	24172	18122	12866
823	6	0	15072	3702	3379	2796	5289	0	0	0	0	0	14920	19011	152	3	88	64	84	85	4	3	1	2	1	88	5	88	0	0	0	88	0	798244	466223	462116	546109	3934	3470	3154358	85	4190	4453	3378	5534
67770	3273	4180	66682	24728	19478	14586	11347	0	0	0	0	0	7556	201145	59126	2571	58772	354	55851	56206	2921	2566	875	1230	452	58772	3796	58772	4210	4139	71	54633	4139	864943	525349	520888	613879	4048	3513	3208732	33960	27891	25101	19050	13292
854	11	0	15101	3644	3429	2833	5262	0	0	0	0	0	14951	19177	150	2	88	62	83	87	5	1	1	5	1	88	6	88	0	0	0	88	0	880056	525499	520976	614733	4048	3513	3356772	96	4146	4524	3484	5518
54979	2629	3391	55129	20277	15993	12112	9588	0	0	0	0	0	7132	164523	47997	2087	47668	329	45342	45586	2326	2082	690	934	397	47668	3016	47668	3414	3361	53	44307	3361	935199	573496	568644	669714	3366	2778	3411143	27443	22928	20588	15730	11177

processed_m4560_ME21_HV0_test40_SRCoff_170716_090804_TMBCounters.txt																																													
alct0 valid pattern flag received	alct1 valid pattern flag received	raw hits readout   	Pretrigger   	Pretrigger on CFEB0	Pretrigger on CFEB1	Pretrigger on CFEB2	Pretrigger on CFEB3	Pretrigger on CFEB4	Pretrigger on CFEB5	Pretrigger on CFEB6	Pretrigger on ME1A CFEB 4-6 only	Pretrigger on ME1B CFEBs 0-3 only	Discarded, CLCT0 invalid pattern after drift	BX pretrig waiting for triads to dissipate	clct0 sent to TMB matching section	clct1 sent to TMB matching section	TMB accepted alct	TMB match reject event  	Matching found one ALCT	Matching found one CLCT	Matching found two ALCTs	Matching found two CLCTs	ALCT0 copied into ALCT1 to make 2nd LCT	CLCT0 copied into CLCT1 to make 2nd LCT	LCT1 has higher quality than LCT0 	Transmitted LCT0 to MPC	Transmitted LCT1 to MPC	MPC rejected both LCT0 and LCT1	L1A received   	L1A received, TMB in L1A window	L1A received, no TMB in window	TMB triggered, no L1A in window	TMB readouts completed	Pretrigger counter   	CLCT counter   	TMB trigger counter	ALCTs received counter	L1As received counter 	Readout counter 	Orbit counter	CLCT pre-trigger and ALCT coincidence counter	CFEB0 active flag sent to DMB for readout	CFEB1 active flag sent to DMB for readout	CFEB2 active flag sent to DMB for readout	CFEB3 active flag sent to DMB for readout
49116	2365	2953	50323	18367	14520	10910	9161	0	0	0	0	0	7365	147003	42958	1840	42690	268	40563	40854	2127	1836	573	864	322	42690	2700	42690	2967	2941	26	39749	2941	56013	43010	42718	49423	2967	2941	104938	12773	20788	18658	14184	10575
881	11	0	16128	3782	3667	2903	5876	0	0	0	0	0	15980	20398	148	2	81	67	79	79	2	2	1	1	0	81	3	81	0	0	0	81	0	72155	43158	42799	50305	2967	2941	252987	67	4353	4828	3544	6121
52340	2629	3140	53341	19542	15543	11612	9536	0	0	0	0	0	7400	156818	45941	1993	45631	310	43278	43641	2353	1990	644	1007	342	45631	2997	45631	3153	3123	30	42508	3123	125507	89099	88430	102645	2024	1968	307358	13331	22066	19921	15086	10995
958	15	0	16123	3799	3626	2981	5818	0	0	0	0	0	15947	20500	176	3	95	81	87	92	8	3	2	7	2	95	10	95	0	0	0	95	0	141642	89275	88525	103603	2024	1968	455408	74	4326	4813	3666	6076
53103	2576	3159	54010	19634	15703	11884	9673	0	0	0	0	0	7474	158685	46536	1964	46265	271	43965	44303	2300	1962	650	988	334	46265	2950	46265	3176	3138	38	43127	3138	195668	135811	134790	156707	1104	1010	509781	13696	22202	20166	15328	11273
927	13	0	16280	3854	3710	2922	5898	0	0	0	0	0	16120	20587	160	4	87	73	83	84	4	3	1	2	2	87	5	87	0	0	0	87	0	211966	135971	134877	157634	1104	1010	657823	68	4435	4858	3598	6142
51136	2482	3022	52060	19114	15029	11254	9415	0	0	0	0	0	7284	153066	44776	1900	44492	284	42291	42595	2201	1897	655	959	327	44492	2856	44492	3036	3003	33	41489	3003	264052	180747	179369	208770	44	4013	712204	13045	21546	19345	14738	10936
952	4	0	16521	3882	3743	2943	6049	0	0	0	0	0	16377	20956	144	2	86	58	84	84	2	2	1	1	1	86	3	86	0	0	0	86	0	280584	180891	179455	209723	44	4013	860246	78	4423	4972	3645	6338
49681	2411	2967	50726	18446	14771	11164	9080	0	0	0	0	0	7263	148595	43463	1873	43185	278	41045	41313	2140	1872	619	887	343	43185	2759	43185	2976	2946	30	40239	2946	331330	224354	222640	259406	3020	2863	914617	12769	20829	19140	14429	10556
906	8	0	16138	3859	3671	2907	5782	0	0	0	0	0	15966	20558	172	3	103	69	101	101	2	2	1	1	1	103	3	103	0	0	0	103	0	347477	224526	222743	260313	3020	2863	1062666	85	4445	4800	3552	6058
51773	2519	2989	52667	19246	15358	11385	9521	0	0	0	0	0	7256	154966	45411	2001	45117	294	42855	43118	2262	1999	689	952	387	45117	2951	45117	2999	2964	35	42153	2964	400162	269937	267860	312086	1923	1731	1117039	13188	21835	19759	14755	11031
961	12	0	16176	3777	3584	2968	5947	0	0	0	0	0	16029	20553	147	4	87	60	84	84	3	3	2	2	1	87	5	87	0	0	0	87	0	416354	270084	267947	313048	1923	1731	1265090	67	4316	4768	3638	6196
50845	2438	3014	51731	19025	15134	11185	9190	0	0	0	0	0	7254	151838	44477	1954	44198	279	42016	42246	2182	1952	679	909	341	44198	2861	44198	3030	2990	40	41208	2990	468095	314561	312145	363893	857	625	1319465	13086	21476	19435	14592	10667
971	13	0	16151	3911	3630	2968	5727	0	0	0	0	0	15994	20464	157	1	86	71	83	85	3	1	0	2	0	86	3	86	0	0	0	86	0	484261	314718	312231	364865	857	625	1467512	83	4489	4835	3633	5960
50192	2476	2981	51192	18603	14943	11227	9168	0	0	0	0	0	7147	150453	44045	1949	43774	271	41594	41827	2180	1947	638	871	358	43774	2818	43774	2991	2961	30	40813	2961	535469	358763	356005	415059	3848	3586	1521885	12868	21048	19193	14516	10613
952	20	0	16426	4004	3640	2862	6018	0	0	0	0	0	16258	20807	168	3	97	71	87	94	10	3	0	7	0	97	10	97	0	0	0	97	0	551902	358931	356102	416014	3848	3586	1669935	92	4630	4820	3547	6284
48176	2315	2854	49411	17926	14328	10940	8901	0	0	0	0	0	7247	144568	42164	1873	41874	290	39809	40003	2065	1871	658	852	307	41874	2723	41874	2865	2829	36	39045	2829	601336	401095	397976	464191	2617	2319	1724311	12346	20334	18524	14170	10336
914	15	0	16469	3828	3782	3025	5934	0	0	0	0	0	16293	20864	176	4	105	71	101	101	4	4	2	2	2	105	6	105	0	0	0	105	0	617817	401271	398081	465105	2617	2319	1872346	80	4431	4954	3703	6178
48131	2387	2950	49535	18012	14378	10725	9090	0	0	0	0	0	7331	144846	42204	1907	41925	279	39790	40019	2135	1906	639	868	346	41925	2774	41925	2958	2922	36	39003	2922	667369	443475	440006	513236	1479	1145	1926731	12148	20394	18485	13983	10564
953	16	0	16072	3766	3637	2918	5855	0	0	0	0	0	15909	20388	163	3	79	84	73	77	6	2	0	4	0	79	6	79	0	0	0	79	0	683450	443638	440085	514191	1479	1145	2074771	80	4290	4793	3585	6110
49500	2396	2981	50607	18390	14616	11109	9193	0	0	0	0	0	7211	148411	43396	1880	43117	279	40972	41239	2145	1878	653	920	324	43117	2798	43117	3000	2967	33	40150	2967	734068	487034	483202	563691	383	16	2129143	12574	20735	18781	14390	10654
1005	13	0	15962	3811	3602	2846	5784	0	0	0	0	0	15792	20233	170	1	93	77	88	93	5	0	0	5	0	93	5	93	0	0	0	93	0	750049	487204	483295	564697	383	16	2277192	89	4357	4781	3507	6049
47308	2326	2777	48801	17660	14194	10687	8756	0	0	0	0	0	7243	142653	41558	1776	41273	285	39226	39500	2047	1773	590	864	302	41273	2637	41273	2789	2760	29	38513	2760	798872	528762	524568	612006	3172	2776	2331567	12106	20006	18281	13780	10178
942	16	0	16417	3879	3730	3005	5899	0	0	0	0	0	16278	20711	139	1	76	63	73	75	3	1	0	2	0	76	3	76	0	0	0	76	0	815305	528902	524644	612949	3172	2776	2479617	73	4464	4880	3649	6170
48678	2401	2874	49870	17985	14499	10991	9003	0	0	0	0	0	7161	146153	42709	1775	42422	287	40287	40649	2135	1773	568	930	311	42422	2703	42422	2893	2854	39	39568	2854	865188	571611	567066	661627	1969	1534	2533988	12396	20391	18756	14241	10429
960	21	0	16156	3890	3612	2861	5883	0	0	0	0	0	15993	20449	163	3	95	68	89	92	6	3	0	3	0	95	6	95	0	0	0	95	0	881349	571774	567161	662587	1969	1534	2682039	83	4402	4713	3518	6138

processed_m4561_ME21_HV0_test40_SRCoff_170716_091507_TMBCounters.txt																																													
alct0 valid pattern flag received	alct1 valid pattern flag received	raw hits readout   	Pretrigger   	Pretrigger on CFEB0	Pretrigger on CFEB1	Pretrigger on CFEB2	Pretrigger on CFEB3	Pretrigger on CFEB4	Pretrigger on CFEB5	Pretrigger on CFEB6	Pretrigger on ME1A CFEB 4-6 only	Pretrigger on ME1B CFEBs 0-3 only	Discarded, CLCT0 invalid pattern after drift	BX pretrig waiting for triads to dissipate	clct0 sent to TMB matching section	clct1 sent to TMB matching section	TMB accepted alct	TMB match reject event  	Matching found one ALCT	Matching found one CLCT	Matching found two ALCTs	Matching found two CLCTs	ALCT0 copied into ALCT1 to make 2nd LCT	CLCT0 copied into CLCT1 to make 2nd LCT	LCT1 has higher quality than LCT0 	Transmitted LCT0 to MPC	Transmitted LCT1 to MPC	MPC rejected both LCT0 and LCT1	L1A received   	L1A received, TMB in L1A window	L1A received, no TMB in window	TMB triggered, no L1A in window	TMB readouts completed	Pretrigger counter   	CLCT counter   	TMB trigger counter	ALCTs received counter	L1As received counter 	Readout counter 	Orbit counter	CLCT pre-trigger and ALCT coincidence counter	CFEB0 active flag sent to DMB for readout	CFEB1 active flag sent to DMB for readout	CFEB2 active flag sent to DMB for readout	CFEB3 active flag sent to DMB for readout
46202	2260	2716	48361	17720	14029	10417	8789	0	0	0	0	0	7928	139408	40433	1788	40129	304	38114	38343	2015	1786	619	848	316	40129	2634	40129	2731	2698	33	37431	2698	54584	40532	40166	46560	2731	2698	104938	8985	19966	18141	13502	10207
936	7	0	18494	4175	4119	3488	6807	0	0	0	0	0	18223	23662	271	2	75	196	74	73	1	2	2	1	0	75	3	75	0	0	0	75	0	73124	40803	40241	47497	2731	2698	252978	44	4814	5432	4254	7291
49586	2421	2958	51368	18574	15006	11117	9468	0	0	0	0	0	7970	148980	43398	1884	43089	309	40929	41207	2160	1882	658	936	328	43089	2818	43089	2971	2939	32	40150	2939	124502	84202	83331	97084	1606	1541	307361	9822	21053	19237	14475	10976
1007	16	0	18632	4240	4205	3472	6820	0	0	0	0	0	18370	23842	262	2	87	175	83	85	4	2	2	4	1	87	6	87	0	0	0	87	0	143149	84464	83418	98091	1606	1541	455399	52	4893	5634	4316	7274
48477	2330	2970	50288	17966	14546	11088	9362	0	0	0	0	0	7856	145566	42432	1856	42149	283	40067	40293	2082	1856	655	881	321	42149	2737	42149	2988	2945	43	39204	2945	193457	126897	125568	146569	498	390	509772	9574	20414	18560	14433	10932
989	17	0	18488	4327	4097	3407	6769	0	0	0	0	0	18214	23744	274	4	84	190	77	80	7	4	0	3	0	84	7	84	0	0	0	84	0	211962	127171	125652	147558	498	390	657821	52	4995	5420	4177	7248
45440	2151	2727	47652	17069	13822	10353	8974	0	0	0	0	0	7922	137341	39730	1714	39515	215	37586	37801	1929	1714	572	787	296	39515	2501	39515	2740	2715	25	36800	2715	259631	166901	165167	192999	3238	3105	712194	9006	19353	17665	13493	10417
1010	22	0	18261	4181	4117	3451	6623	0	0	0	0	0	18021	23330	240	2	83	157	76	81	7	2	0	5	2	83	7	83	0	0	0	83	0	277903	167141	165250	194009	3238	3105	860244	50	4822	5500	4252	7068
49963	2551	3017	51817	18850	14958	11320	9519	0	0	0	0	0	7996	150423	43821	1952	43530	291	41284	41582	2246	1948	647	945	311	43530	2893	43530	3029	3003	26	40527	3003	329732	210962	208780	243973	2171	2012	914617	9921	21364	19231	14612	11122
956	17	0	18513	4164	4186	3417	6863	0	0	0	0	0	18246	23756	267	4	96	171	89	92	7	4	3	6	2	96	10	96	0	0	0	96	0	348253	211229	208876	244930	2171	2012	1062669	46	4807	5550	4240	7329
48551	2349	2951	50536	18262	14608	11123	9244	0	0	0	0	0	8133	146045	42403	1821	42119	284	40033	40298	2086	1821	638	903	307	42119	2724	42119	2964	2929	35	39190	2929	398806	253632	250995	293481	1039	845	1117040	9494	20708	18764	14387	10787
955	10	0	18475	4184	4102	3471	6825	0	0	0	0	0	18214	23717	261	4	87	174	84	85	3	2	1	2	1	87	4	87	0	0	0	87	0	417293	253893	251082	294438	1039	845	1265078	52	4840	5437	4281	7321
48140	2298	2870	50176	18205	14610	10798	9248	0	0	0	0	0	8136	144970	42040	1809	41728	312	39711	39919	2017	1809	656	864	324	41728	2673	41728	2885	2843	42	38885	2843	467481	295933	292810	342578	3924	3688	1319463	9406	20650	18770	13997	10753
976	6	0	18579	4278	4270	3352	6777	0	0	0	0	0	18339	23706	240	1	84	156	83	83	1	1	1	1	0	84	2	84	0	0	0	84	0	486077	296173	292894	343554	3924	3688	1467501	53	4987	5623	4231	7241
48844	2440	2988	50697	18221	14657	11269	9289	0	0	0	0	0	7975	146735	42722	1874	42408	314	40243	40539	2165	1869	642	938	345	42408	2807	42408	3003	2974	29	39434	2974	536791	338895	335302	392398	2831	2566	1521875	9532	20632	18924	14550	10759
992	12	0	18463	4300	4063	3366	6844	0	0	0	0	0	18184	23573	279	3	98	181	95	95	3	3	2	2	1	98	5	98	0	0	0	98	0	555268	339174	335400	393391	2831	2566	1669924	59	4920	5428	4150	7286
50543	2433	2995	52395	18882	15082	11505	9746	0	0	0	0	0	8019	152346	44376	1903	44067	309	41886	42164	2181	1903	666	944	315	44067	2847	44067	3007	2971	36	41096	2971	607679	383550	379467	443934	1742	1441	1724299	9990	21310	19398	14952	11249
983	17	0	18465	4249	4144	3499	6685	0	0	0	0	0	18225	23614	240	4	83	157	77	79	6	4	0	2	2	83	6	83	0	0	0	83	0	626165	383790	379550	444919	1742	1441	1872349	48	4924	5528	4248	7153
48859	2392	2941	50981	18307	14717	11167	9505	0	0	0	0	0	8097	147306	42884	1828	42594	290	40474	40766	2120	1828	614	906	337	42594	2734	42594	2958	2920	38	39674	2920	677163	426676	422144	493779	604	265	1926720	9738	20654	18950	14513	11030
956	15	0	18600	4317	4089	3477	6828	0	0	0	0	0	18360	23774	240	1	84	156	78	83	6	1	0	5	0	84	6	84	0	0	0	84	0	695776	426917	422229	494738	604	265	2074770	57	4969	5455	4253	7278
48646	2430	2835	50586	18296	14627	11205	9202	0	0	0	0	0	7979	146464	42607	1888	42325	282	40168	40441	2157	1884	635	908	329	42325	2792	42325	2842	2817	25	39508	2817	746376	469524	464554	543384	3446	3082	2129145	9572	20707	18914	14454	10720
975	15	0	18692	4311	4229	3365	6903	0	0	0	0	0	18424	23799	268	3	84	184	77	81	7	3	1	5	0	84	8	84	0	0	0	84	0	765085	469793	464639	544363	3446	3082	2277182	47	4991	5503	4152	7366
47553	2274	2824	49391	17800	14199	10972	9035	0	0	0	0	0	7754	143050	41637	1785	41337	300	39330	39554	2007	1783	620	844	296	41337	2627	41337	2836	2812	24	38525	2812	814491	511431	505977	591917	2186	1798	2331568	9353	20151	18238	14113	10486
997	20	0	18522	4288	4162	3379	6816	0	0	0	0	0	18266	23869	256	4	95	161	88	91	7	4	0	3	1	95	7	95	0	0	0	95	0	833022	511687	506072	592917	2186	1798	2479605	56	4961	5461	4211	7286
47703	2441	2846	49585	17899	14429	10736	9234	0	0	0	0	0	7911	143620	41674	1849	41389	285	39225	39543	2164	1846	575	893	332	41389	2739	41389	2860	2831	29	38558	2831	882614	553361	547461	640621	950	533	2533991	9333	20217	18530	14061	10772
996	7	0	18362	4200	4229	3379	6674	0	0	0	0	0	18110	23461	252	4	98	154	92	94	6	4	1	3	0	98	7	98	0	0	0	98	0	900992	553613	547559	641617	950	533	2682028	55	4894	5535	4192	7115

processed_m4562_ME21_HV0_test40_SRCoff_170716_092219_TMBCounters.txt																																													
alct0 valid pattern flag received	alct1 valid pattern flag received	raw hits readout   	Pretrigger   	Pretrigger on CFEB0	Pretrigger on CFEB1	Pretrigger on CFEB2	Pretrigger on CFEB3	Pretrigger on CFEB4	Pretrigger on CFEB5	Pretrigger on CFEB6	Pretrigger on ME1A CFEB 4-6 only	Pretrigger on ME1B CFEBs 0-3 only	Discarded, CLCT0 invalid pattern after drift	BX pretrig waiting for triads to dissipate	clct0 sent to TMB matching section	clct1 sent to TMB matching section	TMB accepted alct	TMB match reject event  	Matching found one ALCT	Matching found one CLCT	Matching found two ALCTs	Matching found two CLCTs	ALCT0 copied into ALCT1 to make 2nd LCT	CLCT0 copied into CLCT1 to make 2nd LCT	LCT1 has higher quality than LCT0 	Transmitted LCT0 to MPC	Transmitted LCT1 to MPC	MPC rejected both LCT0 and LCT1	L1A received   	L1A received, TMB in L1A window	L1A received, no TMB in window	TMB triggered, no L1A in window	TMB readouts completed	Pretrigger counter   	CLCT counter   	TMB trigger counter	ALCTs received counter	L1As received counter 	Readout counter 	Orbit counter	CLCT pre-trigger and ALCT coincidence counter	CFEB0 active flag sent to DMB for readout	CFEB1 active flag sent to DMB for readout	CFEB2 active flag sent to DMB for readout	CFEB3 active flag sent to DMB for readout
45917	2250	2634	50373	17757	14384	11127	9791	0	0	0	0	0	10007	141466	40366	1755	39923	443	37930	38168	1993	1755	594	832	312	39923	2587	39923	2644	2615	29	37308	2615	58758	40616	39955	46299	2644	2615	104927	4920	20151	18399	14441	11633
1100	12	0	24055	5142	5254	4968	8881	0	0	0	0	0	23278	32039	777	4	76	701	71	73	5	3	1	3	1	76	6	76	0	0	0	76	0	82861	41394	40031	47402	2644	2615	252977	26	5969	6904	6308	10284
44067	2111	2643	48745	16893	14243	10827	9411	0	0	0	0	0	9787	136576	38958	1693	38491	467	36605	36799	1886	1692	566	760	292	38491	2452	38491	2658	2626	32	35865	2626	131626	80352	78522	91470	1206	1145	307349	4829	19270	18208	14108	11172
1141	22	0	24311	5117	5517	5076	8826	0	0	0	0	0	23493	32547	818	2	107	711	97	106	10	1	0	9	0	107	10	107	0	0	0	107	0	155960	81170	78629	92611	1206	1145	455387	39	5984	7249	6427	10182
49619	2418	2959	53514	18844	15347	11971	10301	0	0	0	0	0	9971	151420	43543	1901	43063	480	40921	41164	2142	1899	643	886	322	43063	2785	43063	2966	2937	29	40126	2937	209497	124713	121692	142231	76	4082	509772	5245	21294	19783	15462	12144
1115	8	0	24094	5026	5531	4983	8745	0	0	0	0	0	23336	31946	758	3	85	673	82	83	3	2	0	1	1	85	3	85	0	0	0	85	0	233611	125471	121777	143347	76	4082	657810	33	5888	7226	6306	10033
47020	2267	2777	51157	17986	14672	11369	9841	0	0	0	0	0	9797	144148	41360	1784	40887	473	38838	39104	2049	1783	578	844	339	40887	2627	40887	2797	2754	43	38133	2754	284785	166832	162664	190369	2873	2740	712195	5105	20367	18873	14726	11614
1042	14	0	24184	5102	5492	4993	8791	0	0	0	0	0	23442	32241	742	2	83	659	80	82	3	1	1	3	0	83	4	83	0	0	0	83	0	308986	167574	162747	191412	2873	2740	860233	29	5972	7235	6363	10141
49140	2461	2807	52983	18585	15471	11698	10165	0	0	0	0	0	9723	150354	43260	1956	42769	491	40592	40817	2177	1952	657	882	331	42769	2834	42769	2817	2785	32	39984	2785	361990	210834	205516	240553	1594	1429	914616	5241	21081	19804	15308	12024
1093	13	0	23862	5011	5484	4993	8573	0	0	0	0	0	23086	31785	776	4	94	682	89	91	5	3	0	2	2	94	5	94	0	0	0	94	0	385870	211611	205610	241647	1594	1429	1062658	42	5856	7196	6349	9963
50765	2480	2988	54545	19417	15656	12290	10214	0	0	0	0	0	9846	155015	44699	1989	44195	504	41980	42209	2215	1986	670	899	366	44195	2885	44195	3006	2963	43	41232	2963	440436	256310	249805	292412	504	296	1117039	5390	21936	20183	15915	12149
1163	15	0	24151	5121	5430	5066	8751	0	0	0	0	0	23387	32199	764	3	86	678	81	83	5	3	1	3	0	86	6	86	0	0	0	86	0	464602	257076	249891	293575	504	296	1265092	40	6007	7144	6393	10171
46607	2274	2838	50874	17850	14627	11240	9852	0	0	0	0	0	9877	143357	40997	1819	40515	482	38495	38698	2020	1817	603	806	320	40515	2623	40515	2846	2818	28	37697	2818	515497	298074	290406	340184	3350	3114	1319462	4912	20192	18784	14583	11662
1082	13	0	24209	5046	5546	5153	8672	0	0	0	0	0	23476	32339	733	4	77	656	74	77	3	0	0	3	0	77	3	77	0	0	0	77	0	539726	298807	290483	341266	3350	3114	1467515	35	5942	7220	6527	10061
43995	2141	2668	48365	16955	13887	10692	9361	0	0	0	0	0	9688	135538	38677	1651	38242	435	36354	36591	1888	1651	555	792	298	38242	2443	38242	2689	2646	43	35596	2646	588113	337484	328725	385261	1943	1664	1521874	4799	19272	17877	13964	11032
1134	15	0	24404	5148	5558	5075	8823	0	0	0	0	0	23634	32548	770	1	90	680	87	89	3	1	0	2	0	90	3	90	0	0	0	90	0	612548	338255	328815	386396	1943	1664	1669938	36	6032	7203	6500	10204
49900	2444	3027	53794	19008	15531	11906	10290	0	0	0	0	0	9947	152474	43847	1913	43356	491	41169	41446	2187	1910	618	895	374	43356	2805	43356	3051	3015	36	40341	3015	666366	382102	372171	436297	898	583	1724297	5387	21593	19949	15445	12159
1167	15	0	24184	5181	5384	5034	8801	0	0	0	0	0	23434	32127	750	7	89	661	81	86	8	3	0	5	0	89	8	89	0	0	0	89	0	690569	382852	372260	437466	898	583	1872338	27	5995	7129	6385	10134
46198	2241	2783	50448	17729	14273	11243	9878	0	0	0	0	0	9842	142214	40606	1803	40121	485	38122	38321	1999	1800	617	816	318	40121	2616	40121	2797	2766	31	37355	2766	741039	423459	412381	483664	3695	3349	1926711	5044	20026	18413	14538	11669
1166	15	0	24304	5185	5378	4970	8970	0	0	0	0	0	23544	32362	760	4	99	661	96	96	3	3	2	2	0	99	5	99	0	0	0	99	0	765355	424219	412480	484830	3695	3349	2074769	34	6011	7101	6309	10314
49112	2474	2893	53028	18802	15085	11814	10227	0	0	0	0	0	9790	150277	43238	1921	42770	468	40552	40849	2218	1921	601	898	336	42770	2819	42770	2917	2880	37	39890	2880	818411	467458	455250	533943	2516	2133	2129133	5304	21290	19539	15267	12061
1118	12	0	24419	5084	5449	5083	9015	0	0	0	0	0	23685	32462	734	3	91	643	85	89	6	2	0	4	1	91	6	91	0	0	0	91	0	842845	468192	455341	535061	2516	2133	2277195	45	5967	7184	6344	10389
45216	2223	2624	49470	17358	14327	10852	9516	0	0	0	0	0	9730	139008	39740	1704	39270	470	37290	37567	1980	1703	550	827	303	39270	2530	39270	2640	2613	27	36657	2613	892338	507933	494611	580277	1060	650	2331566	4825	19715	18433	14152	11277
1166	23	0	24280	5094	5504	5091	8818	0	0	0	0	0	23517	32274	763	7	105	658	99	99	6	6	2	2	0	105	8	105	0	0	0	105	0	916632	508696	494716	581444	1060	650	2479708	43	5959	7206	6481	10169
47825	2295	2860	51799	18166	15033	11363	9970	0	0	0	0	0	9770	146443	42029	1841	41508	521	39456	39668	2052	1840	643	855	351	41508	2695	41508	2875	2841	34	38667	2841	968454	550725	536224	629269	3935	3491	2533977	5164	20619	19206	14892	11835
1136	20	0	24022	5088	5523	5107	8561	0	0	0	0	0	23271	32150	751	1	83	668	79	83	4	0	0	4	0	83	4	83	0	0	0	83	0	992500	551476	536307	630405	3935	3491	2682016	32	5959	7211	6436	9939
46809	2252	2767	51003	17992	14636	11393	9682	0	0	0	0	0	9763	143859	41240	1785	40756	484	38761	38973	1995	1783	585	797	310	40756	2580	40756	2782	2747	35	38009	2747	1043516	592716	577063	677215	2621	2142	2736400	5048	20365	18900	14790	11530
1125	14	0	24223	5017	5474	5158	8773	0	0	0	0	0	23465	32209	758	3	77	681	74	76	3	1	0	2	0	77	3	77	0	0	0	77	0	1067763	593474	577140	678341	2621	2142	2884439	39	5866	7215	6550	10179

