processed_m4250_ME11_HV0_test40_SRCoff_170709_013857_TMBCounters.txt																																													
alct0 valid pattern flag received	alct1 valid pattern flag received	raw hits readout   	Pretrigger   	Pretrigger on CFEB0	Pretrigger on CFEB1	Pretrigger on CFEB2	Pretrigger on CFEB3	Pretrigger on CFEB4	Pretrigger on CFEB5	Pretrigger on CFEB6	Pretrigger on ME1A CFEB 4-6 only	Pretrigger on ME1B CFEBs 0-3 only	Discarded, CLCT0 invalid pattern after drift	BX pretrig waiting for triads to dissipate	clct0 sent to TMB matching section	clct1 sent to TMB matching section	TMB accepted alct	TMB match reject event  	Matching found one ALCT	Matching found one CLCT	Matching found two ALCTs	Matching found two CLCTs	ALCT0 copied into ALCT1 to make 2nd LCT	CLCT0 copied into CLCT1 to make 2nd LCT	LCT1 has higher quality than LCT0 	Transmitted LCT0 to MPC	Transmitted LCT1 to MPC	MPC rejected both LCT0 and LCT1	L1A received   	L1A received, TMB in L1A window	L1A received, no TMB in window	TMB triggered, no L1A in window	TMB readouts completed	Pretrigger counter   	CLCT counter   	TMB trigger counter	ALCTs received counter	L1As received counter 	Readout counter 	Orbit counter	CLCT pre-trigger and ALCT coincidence counter	CFEB0 active flag sent to DMB for readout	CFEB1 active flag sent to DMB for readout	CFEB2 active flag sent to DMB for readout	CFEB3 active flag sent to DMB for readout
25050	693	2048	20435	7678	6922	6298	0	258	259	244	710	19713	546	64890	19889	498	19839	50	19235	19341	604	498	173	279	89	19839	777	19839	2050	2047	3	17792	2047	20455	19900	19847	25141	2050	2047	104813	0	0	0	0	0
723	8	0	115	28	33	29	0	10	11	8	28	87	69	275	46	0	38	8	36	38	2	0	0	2	0	38	2	38	0	0	0	38	0	20570	19946	19885	25864	2050	2047	509265	0	0	0	0	0
24196	673	1869	19618	7242	6661	6117	0	236	233	247	673	18929	536	62257	19082	495	19037	45	18467	18542	570	495	184	259	63	19037	754	19037	1874	1869	5	17168	1869	40188	39028	38922	50060	3924	3916	563637	0	0	0	0	0
750	8	0	116	29	32	35	0	11	5	9	23	91	67	298	49	1	38	11	38	37	0	1	1	0	0	38	1	38	0	0	0	38	0	40304	39077	38960	50810	3924	3916	968078	0	0	0	0	0
23449	640	1921	19176	7214	6522	5848	0	237	240	204	649	18523	530	60690	18646	472	18596	50	18020	18124	576	472	173	277	67	18596	749	18596	1925	1921	4	16675	1921	59480	57723	57556	74259	1753	1741	1022451	0	0	0	0	0
781	14	0	122	22	40	38	0	9	8	7	24	98	71	305	51	1	41	10	40	40	1	1	1	1	1	41	2	41	0	0	0	41	0	59602	57774	57597	75040	1753	1741	1426903	0	0	0	0	0
24027	643	1964	19508	7265	6593	6040	0	243	236	240	665	18823	541	61974	18967	451	18916	51	18363	18465	553	451	169	271	57	18916	722	18916	1972	1964	8	16952	1964	79110	76741	76513	99067	3725	3705	1481276	0	0	0	0	0
732	14	0	119	30	43	25	0	9	8	8	25	94	76	289	43	1	36	7	34	35	2	1	1	2	0	36	3	36	0	0	0	36	0	79229	76784	76549	99799	3725	3705	1885719	0	0	0	0	0
23784	683	1888	19204	7203	6552	5940	0	229	222	242	641	18553	512	60999	18692	481	18654	38	18056	18173	598	481	155	272	75	18654	753	18654	1892	1887	5	16767	1887	98433	95476	95203	123583	1521	1496	1940102	0	0	0	0	0
694	8	0	105	28	23	36	0	6	7	9	21	84	61	255	44	0	36	8	36	36	0	0	0	0	0	36	0	36	0	0	0	36	0	98538	95520	95239	124277	1521	1496	2344543	0	0	0	0	0
24478	646	2014	19818	7431	6700	6100	0	250	271	238	719	19087	490	62996	19328	453	19283	45	18712	18830	571	453	135	253	75	19283	706	19283	2018	2008	10	17275	2008	118356	114848	114522	148755	3539	3504	2398917	0	0	0	0	0
732	10	0	132	33	40	37	0	9	9	9	26	106	80	331	52	6	45	7	41	39	4	6	2	0	1	45	6	45	0	0	0	45	0	118488	114900	114567	149487	3539	3504	2803357	0	0	0	0	0
24361	680	1967	19750	7449	6768	6015	0	259	208	249	674	19065	531	62576	19219	471	19163	56	18564	18692	599	471	167	295	73	19163	766	19163	1974	1966	8	17197	1966	138238	134119	133730	173848	1417	1374	2857733	0	0	0	0	0
732	12	0	101	32	22	29	0	8	7	5	19	81	62	248	39	0	30	9	28	30	2	0	0	2	0	30	2	30	0	0	0	30	0	138339	134158	133760	174580	1417	1374	3262181	0	0	0	0	0
24280	657	2020	19696	7314	6715	6094	0	236	230	249	672	19009	514	62633	19182	497	19137	45	18558	18640	579	497	173	255	67	19137	752	19137	2023	2017	6	17120	2017	158035	153340	152897	198860	3440	3391	3316554	0	0	0	0	0
793	9	0	138	34	47	31	0	11	10	7	28	110	88	330	50	0	38	12	37	38	1	0	0	1	0	38	1	38	0	0	0	38	0	158173	153390	152935	199653	3440	3391	3721007	0	0	0	0	0
23651	664	1973	19130	7154	6533	5918	0	210	235	253	648	18466	484	60783	18646	474	18602	44	18016	18128	586	474	155	267	74	18602	741	18602	1977	1972	5	16630	1972	177303	172036	171537	223305	1321	1267	3775380	0	0	0	0	0
723	8	0	120	26	33	42	0	15	4	5	22	97	68	296	52	2	45	7	43	43	2	2	0	0	1	45	2	45	0	0	0	45	0	177423	172088	171582	224028	1321	1267	4179822	0	0	0	0	0
23295	701	1837	18848	7058	6369	5821	0	203	228	234	620	18217	483	59839	18365	471	18320	45	17720	17849	600	471	155	284	83	18320	755	18320	1839	1834	5	16486	1834	196271	190453	189902	247323	3160	3101	4234193	0	0	0	0	0
717	8	0	104	25	29	36	0	4	10	3	17	87	65	272	39	1	33	6	32	32	1	1	0	0	0	33	1	33	0	0	0	33	0	196375	190492	189935	248040	3160	3101	4638646	0	0	0	0	0
24373	695	2030	19791	7404	6691	6192	0	241	210	226	644	19131	539	62663	19252	487	19196	56	18595	18710	601	486	157	272	75	19196	758	19196	2036	2028	8	17168	2028	216166	209744	209131	272413	1100	1033	4693019	0	0	0	0	0
743	12	0	116	26	29	37	0	9	11	6	25	91	70	287	46	0	34	12	31	34	3	0	0	3	0	34	3	34	0	0	0	34	0	216282	209790	209165	273156	1100	1033	5097461	0	0	0	0	0
24268	661	1953	19710	7458	6682	6089	0	211	236	227	636	19069	522	62587	19188	464	19137	51	18567	18673	570	464	158	264	79	19137	728	19137	1959	1952	7	17185	1952	235992	228978	228302	297424	3059	2985	5151845	0	0	0	0	0
738	8	0	103	28	24	27	0	9	7	10	26	77	52	280	51	1	40	11	38	39	2	1	0	1	0	40	2	40	0	0	0	40	0	236095	229029	228342	298162	3059	2985	5556285	0	0	0	0	0
24234	716	1919	19733	7602	6591	5996	0	231	231	265	674	19044	523	62639	19210	555	19151	59	18534	18597	617	554	226	289	75	19151	843	19151	1924	1917	7	17234	1917	255829	248239	247493	322396	887	806	5610658	0	0	0	0	0
721	14	0	118	26	25	40	0	11	8	12	31	87	77	276	41	2	30	11	27	28	3	2	0	1	0	30	3	30	0	0	0	30	0	255947	248280	247523	323117	887	806	6015100	0	0	0	0	0
23406	636	1849	19115	7149	6486	5907	0	233	224	228	646	18461	492	60610	18623	447	18580	43	18030	18133	550	447	137	240	60	18580	687	18580	1849	1846	3	16734	1846	275062	266903	266103	346523	2736	2652	6069484	0	0	0	0	0
764	10	0	106	25	23	33	0	11	8	7	26	80	59	250	47	1	36	11	33	35	3	1	0	2	0	36	3	36	0	0	0	36	0	275168	266950	266139	347287	2736	2652	6473926	0	0	0	0	0
23447	652	1858	19048	7022	6464	5955	0	224	215	240	633	18396	459	60461	18589	484	18535	54	17956	18051	579	484	160	255	66	18535	739	18535	1864	1856	8	16679	1856	294216	285539	284674	370735	504	412	6528297	0	0	0	0	0
733	6	0	108	23	40	30	0	5	5	10	20	88	56	273	52	2	41	11	38	39	3	2	1	2	0	41	4	41	0	0	0	41	0	294324	285591	284715	371468	504	412	6932750	0	0	0	0	0
22799	642	1869	18639	6934	6414	5752	0	223	223	229	636	17991	516	59070	18123	478	18071	52	17508	17593	563	478	168	253	63	18071	731	18071	1874	1868	6	16203	1868	312963	303714	302786	394267	2378	2280	6987123	0	0	0	0	0
715	10	0	115	32	36	33	0	7	11	4	20	95	64	279	51	1	37	14	35	36	2	1	1	2	0	37	3	37	0	0	0	37	0	313078	303765	302823	394983	2378	2280	7391565	0	0	0	0	0
23746	685	1908	19297	7202	6583	6030	0	213	233	220	628	18659	522	61202	18775	495	18726	49	18133	18231	593	495	170	268	63	18726	763	18726	1909	1907	2	16819	1907	332375	322540	321549	418729	191	91	7445937	0	0	0	0	0
767	13	0	105	27	26	36	0	6	5	8	19	86	57	269	48	0	36	12	33	36	3	0	0	3	0	36	3	36	0	0	0	36	0	332480	322588	321585	419497	191	91	7850379	0	0	0	0	0
23763	627	1918	19206	7198	6571	5842	0	248	245	243	671	18513	482	60978	18724	449	18670	54	18136	18222	534	448	158	244	78	18670	692	18670	1922	1918	4	16752	1918	351686	341312	340255	443260	2113	2009	7904764	0	0	0	0	0
711	13	0	128	40	26	37	0	11	7	11	27	100	83	309	45	0	33	12	31	33	2	0	0	2	0	33	2	33	0	0	0	33	0	351814	341357	340288	443971	2113	2009	8309204	0	0	0	0	0
23405	628	1967	18958	7128	6416	5884	0	205	228	236	629	18320	493	60265	18465	431	18410	55	17849	17979	561	431	140	270	70	18410	701	18410	1970	1965	5	16445	1965	370772	359822	358698	467376	4083	3974	8363577	0	0	0	0	0
736	13	0	125	36	36	37	0	8	9	6	22	102	73	306	52	3	45	7	41	42	4	3	2	3	0	45	6	45	0	0	0	45	0	370898	359875	358744	468113	4083	3974	8768028	0	0	0	0	0
23646	700	1930	19137	7150	6613	5883	0	223	220	196	600	18529	518	60795	18619	491	18571	48	17950	18080	621	491	177	307	78	18571	798	18571	1933	1929	4	16642	1929	390035	378494	377315	491759	1920	1807	8822402	0	0	0	0	0
677	7	0	107	28	35	26	0	7	9	6	21	86	61	273	46	0	38	8	36	38	2	0	0	2	0	38	2	38	0	0	0	38	0	390142	378540	377353	492436	1920	1807	9226843	0	0	0	0	0

processed_m4251_ME11_2600_test40_SRCoff_170709_021830_TMBCounters.txt																																													
alct0 valid pattern flag received	alct1 valid pattern flag received	raw hits readout   	Pretrigger   	Pretrigger on CFEB0	Pretrigger on CFEB1	Pretrigger on CFEB2	Pretrigger on CFEB3	Pretrigger on CFEB4	Pretrigger on CFEB5	Pretrigger on CFEB6	Pretrigger on ME1A CFEB 4-6 only	Pretrigger on ME1B CFEBs 0-3 only	Discarded, CLCT0 invalid pattern after drift	BX pretrig waiting for triads to dissipate	clct0 sent to TMB matching section	clct1 sent to TMB matching section	TMB accepted alct	TMB match reject event  	Matching found one ALCT	Matching found one CLCT	Matching found two ALCTs	Matching found two CLCTs	ALCT0 copied into ALCT1 to make 2nd LCT	CLCT0 copied into CLCT1 to make 2nd LCT	LCT1 has higher quality than LCT0 	Transmitted LCT0 to MPC	Transmitted LCT1 to MPC	MPC rejected both LCT0 and LCT1	L1A received   	L1A received, TMB in L1A window	L1A received, no TMB in window	TMB triggered, no L1A in window	TMB readouts completed	Pretrigger counter   	CLCT counter   	TMB trigger counter	ALCTs received counter	L1As received counter 	Readout counter 	Orbit counter	CLCT pre-trigger and ALCT coincidence counter	CFEB0 active flag sent to DMB for readout	CFEB1 active flag sent to DMB for readout	CFEB2 active flag sent to DMB for readout	CFEB3 active flag sent to DMB for readout
1843	43	150	862	298	347	231	0	4	5	6	14	848	549	1846	313	3	311	2	292	308	19	3	2	18	1	311	21	311	155	48	107	263	48	865	315	313	1917	155	48	104801	0	0	0	0	0
195	1	0	7	2	2	1	0	1	0	1	2	5	5	10	2	0	1	1	1	1	0	0	0	0	0	1	0	1	0	0	0	1	0	872	317	314	2112	155	48	252851	0	0	0	0	0
2278	43	201	1069	348	426	327	0	4	8	5	16	1053	692	2260	377	3	376	1	364	373	12	3	0	9	0	376	12	376	204	73	131	303	73	1941	694	690	4390	359	121	307224	0	0	0	0	0
219	3	0	7	0	4	3	0	0	0	0	0	7	6	15	1	0	0	1	0	0	0	0	0	0	0	0	0	0	0	0	0	0	0	1948	695	690	4609	359	121	455261	0	0	0	0	0
21931	530	1868	10781	3676	4213	3032	0	50	76	71	189	10592	7001	22678	3780	67	3753	27	3523	3686	230	67	17	180	17	3753	247	3753	1923	559	1364	3194	559	12729	4475	4443	26540	2282	680	509638	0	0	0	0	0
220	5	0	8	3	1	3	0	0	0	2	2	6	4	21	4	0	1	3	1	1	0	0	0	0	0	1	0	1	0	0	0	1	0	12737	4479	4444	26760	2282	680	657686	0	0	0	0	0
22460	498	1899	10763	3716	4137	3068	0	42	94	75	201	10560	7095	22480	3668	60	3644	24	3457	3584	187	60	12	139	11	3644	199	3644	1964	573	1391	3071	573	23500	8147	8088	49221	150	1253	712059	0	0	0	0	0
250	1	0	9	1	4	3	0	1	0	0	1	8	8	14	1	0	1	0	1	1	0	0	0	0	0	1	0	1	0	0	0	1	0	23509	8148	8089	49471	150	1253	860107	0	0	0	0	0
22731	504	1972	10983	3835	4178	3136	0	45	81	66	182	10797	7229	23081	3754	61	3729	25	3525	3668	204	61	14	157	4	3729	218	3729	2041	584	1457	3145	584	34492	11902	11818	72202	2191	1837	914481	0	0	0	0	0
225	3	0	15	3	5	5	0	0	1	1	2	13	12	28	3	0	2	1	2	2	0	0	0	0	0	2	0	2	0	0	0	2	0	34507	11905	11820	72427	2191	1837	1062530	0	0	0	0	0
23553	506	1986	11302	3985	4348	3199	0	48	68	56	165	11135	7394	23736	3908	83	3875	33	3666	3792	209	83	14	140	18	3875	223	3875	2055	588	1467	3287	588	45809	15813	15695	95980	150	2425	1116904	0	0	0	0	0
210	1	0	7	2	3	1	0	0	2	0	2	5	6	20	1	0	1	0	1	1	0	0	0	0	0	1	0	1	0	0	0	1	0	45816	15814	15696	96190	150	2425	1264944	0	0	0	0	0
23242	524	2055	11292	3862	4386	3252	0	51	74	71	190	11101	7411	23675	3881	53	3859	22	3665	3806	194	53	18	159	10	3859	212	3859	2132	636	1496	3223	636	57108	19695	19555	119432	2282	3061	1319327	0	0	0	0	0
202	0	0	9	2	4	2	0	0	1	0	1	8	8	17	1	0	1	0	1	1	0	0	0	0	0	1	0	1	0	0	0	1	0	57117	19696	19556	119635	2282	3061	1467366	0	0	0	0	0
23316	521	2023	11319	3919	4267	3253	0	65	91	85	234	11084	7485	23724	3834	64	3796	38	3581	3732	215	64	9	160	8	3796	224	3796	2077	594	1483	3202	594	68436	23530	23352	142951	263	3655	1521750	0	0	0	0	0
248	4	0	17	4	7	6	0	0	0	1	1	16	13	39	4	0	3	1	3	3	0	0	0	0	0	3	0	3	0	0	0	3	0	68453	23534	23355	143199	263	3655	1669788	0	0	0	0	0
26133	542	2216	12578	4281	4904	3603	0	64	95	80	224	12354	8353	26357	4225	66	4204	21	4013	4138	191	66	11	136	16	4204	202	4204	2269	639	1630	3565	639	81031	27759	27559	169332	2532	198	1724163	0	0	0	0	0
223	3	0	6	0	2	3	0	1	0	0	1	5	4	14	2	0	2	0	2	2	0	0	0	0	0	2	0	2	0	0	0	2	0	81037	27761	27561	169555	2532	198	1872211	0	0	0	0	0
26480	590	2245	12778	4335	5039	3626	0	62	96	76	223	12554	8362	26905	4416	82	4389	27	4150	4307	239	82	18	175	20	4389	257	4389	2300	685	1615	3704	685	93815	32177	31950	196036	736	883	1926584	0	0	0	0	0
239	2	0	11	3	4	1	0	1	1	1	3	8	7	25	4	0	2	2	2	2	0	0	0	0	0	2	0	2	0	0	0	2	0	93826	32181	31952	196275	736	883	2074634	0	0	0	0	0
24861	518	2153	11911	4105	4658	3363	0	45	73	80	191	11719	7766	25068	4145	59	4121	24	3927	4062	194	59	14	149	8	4121	208	4121	2214	636	1578	3485	636	105737	36326	36073	221136	2950	1519	2129007	0	0	0	0	0
225	0	0	12	1	4	6	0	0	1	0	1	11	7	26	5	0	3	2	3	3	0	0	0	0	0	3	0	3	0	0	0	3	0	105749	36331	36076	221361	2950	1519	2277057	0	0	0	0	0
25475	562	2270	12384	4230	4786	3570	0	59	93	83	229	12154	8093	26044	4291	81	4266	25	4022	4185	244	81	23	186	14	4266	267	4266	2332	674	1658	3592	674	118133	40622	40342	246836	1186	2193	2331430	0	0	0	0	0
205	2	0	3	0	0	2	0	1	0	0	1	2	2	7	1	0	1	0	1	1	0	0	0	0	0	1	0	1	0	0	0	1	0	118136	40623	40343	247042	1186	2193	2479480	0	0	0	0	0
25298	574	2153	12379	4289	4763	3491	0	49	83	86	210	12169	8148	25977	4231	70	4201	30	3974	4131	227	70	16	173	9	4201	243	4201	2213	640	1573	3561	640	130515	44854	44544	272340	3399	2833	2533853	0	0	0	0	0
225	4	0	9	2	5	1	0	2	0	1	3	6	6	20	3	0	1	2	0	1	1	0	0	1	0	1	1	1	0	0	0	1	0	130524	44857	44545	272565	3399	2833	2681903	0	0	0	0	0
25825	581	2222	12508	4283	4741	3699	0	47	85	75	200	12305	8190	26277	4318	64	4284	34	4051	4220	233	64	23	192	17	4284	256	4284	2284	688	1596	3596	688	143032	49175	48829	298391	1587	3521	2736276	0	0	0	0	0
205	1	0	8	0	5	2	0	1	0	0	1	7	3	20	5	0	3	2	3	3	0	0	0	0	0	3	0	3	0	0	0	3	0	143040	49180	48832	298596	1587	3521	2884315	0	0	0	0	0
25785	624	2207	12569	4249	4870	3668	0	53	85	69	198	12371	8232	26339	4337	80	4306	31	4065	4226	241	80	22	183	14	4306	263	4306	2269	661	1608	3645	661	155609	53517	53138	324381	3856	86	2938687	0	0	0	0	0
237	2	0	8	2	4	2	0	0	0	1	1	7	7	16	1	0	1	0	1	1	0	0	0	0	0	1	0	1	0	0	0	1	0	155617	53518	53139	324618	3856	86	3086738	0	0	0	0	0
24747	603	2127	12116	4180	4623	3500	0	50	90	85	217	11899	8014	25337	4102	71	4071	31	3849	4000	222	71	15	166	14	4071	237	4071	2186	638	1548	3433	638	167733	57620	57210	349365	1946	724	3141111	0	0	0	0	0
210	3	0	11	5	2	2	0	1	1	0	2	9	8	21	3	0	1	2	1	1	0	0	0	0	0	1	0	1	0	0	0	1	0	167744	57623	57211	349575	1946	724	3289161	0	0	0	0	0
26299	580	2285	12876	4459	4940	3683	0	60	84	77	217	12659	8450	27044	4426	84	4395	31	4157	4311	238	84	22	176	9	4395	260	4395	2341	689	1652	3706	689	180620	62049	61606	375874	191	1413	3343545	0	0	0	0	0
202	1	0	10	1	4	4	0	0	1	0	1	9	9	19	1	0	1	0	1	1	0	0	0	0	0	1	0	1	0	0	0	1	0	180630	62050	61607	376076	191	1413	3491584	0	0	0	0	0
26647	599	2198	12960	4541	4948	3658	0	64	91	80	231	12729	8529	27263	4431	83	4403	28	4167	4320	236	83	23	176	14	4403	259	4403	2254	656	1598	3747	656	193590	66481	66010	402723	2445	2069	3545957	0	0	0	0	0
233	2	0	7	0	6	1	0	0	0	0	0	7	6	12	1	0	1	0	1	1	0	0	0	0	0	1	0	1	0	0	0	1	0	193597	66482	66011	402956	2445	2069	3693995	0	0	0	0	0
25337	593	2152	12340	4272	4702	3547	0	59	104	80	231	12107	8156	25914	4184	82	4153	31	3923	4071	230	82	19	167	15	4153	249	4153	2208	653	1555	3500	653	205937	70666	70164	428293	557	2722	3748380	0	0	0	0	0
233	0	0	9	2	4	1	0	1	1	0	2	7	7	18	2	0	0	2	0	0	0	0	0	0	0	0	0	0	0	0	0	0	0	205946	70668	70164	428526	557	2722	3896418	0	0	0	0	0
26013	618	2174	12615	4394	4856	3621	0	58	71	72	196	12417	8269	26432	4346	75	4321	25	4090	4246	231	75	15	171	16	4321	246	4321	2248	640	1608	3681	640	218561	75014	74485	454539	2805	3362	3950790	0	0	0	0	0
235	3	0	8	2	3	2	0	0	0	1	1	7	7	12	1	0	1	0	1	1	0	0	0	0	0	1	0	1	0	0	0	1	0	218569	75015	74486	454774	2805	3362	4098851	0	0	0	0	0

processed_m4253_ME11_2650_test40_SRCoff_170709_023512_TMBCounters.txt																																													
alct0 valid pattern flag received	alct1 valid pattern flag received	raw hits readout   	Pretrigger   	Pretrigger on CFEB0	Pretrigger on CFEB1	Pretrigger on CFEB2	Pretrigger on CFEB3	Pretrigger on CFEB4	Pretrigger on CFEB5	Pretrigger on CFEB6	Pretrigger on ME1A CFEB 4-6 only	Pretrigger on ME1B CFEBs 0-3 only	Discarded, CLCT0 invalid pattern after drift	BX pretrig waiting for triads to dissipate	clct0 sent to TMB matching section	clct1 sent to TMB matching section	TMB accepted alct	TMB match reject event  	Matching found one ALCT	Matching found one CLCT	Matching found two ALCTs	Matching found two CLCTs	ALCT0 copied into ALCT1 to make 2nd LCT	CLCT0 copied into CLCT1 to make 2nd LCT	LCT1 has higher quality than LCT0 	Transmitted LCT0 to MPC	Transmitted LCT1 to MPC	MPC rejected both LCT0 and LCT1	L1A received   	L1A received, TMB in L1A window	L1A received, no TMB in window	TMB triggered, no L1A in window	TMB readouts completed	Pretrigger counter   	CLCT counter   	TMB trigger counter	ALCTs received counter	L1As received counter 	Readout counter 	Orbit counter	CLCT pre-trigger and ALCT coincidence counter	CFEB0 active flag sent to DMB for readout	CFEB1 active flag sent to DMB for readout	CFEB2 active flag sent to DMB for readout	CFEB3 active flag sent to DMB for readout
28359	711	2256	20366	7330	7056	6188	0	166	189	207	532	19823	7757	51258	12609	210	12565	44	12109	12355	456	210	66	312	31	12565	522	12565	2265	1572	693	10993	1572	20370	12610	12565	28448	2265	1572	104824	0	0	0	0	0
276	3	0	29	8	8	8	0	1	4	1	6	23	19	67	10	0	10	0	9	10	1	0	0	1	0	10	1	10	0	0	0	10	0	20399	12620	12575	28724	2265	1572	252862	0	0	0	0	0
27901	699	2202	20009	7248	6986	6025	0	149	190	184	511	19496	7742	50319	12267	213	12229	38	11790	12016	439	213	71	297	46	12229	510	12229	2209	1543	666	10686	1543	40408	24887	24804	56625	378	3115	307236	0	0	0	0	0
226	2	0	16	7	4	3	0	0	3	0	3	13	13	26	3	0	3	0	3	3	0	0	0	0	0	3	0	3	0	0	0	3	0	40424	24890	24807	56851	378	3115	455285	0	0	0	0	0
28034	718	2287	20185	7147	7170	6108	0	145	178	185	478	19698	7681	50831	12504	218	12480	24	12029	12262	451	218	78	311	27	12480	529	12480	2289	1559	730	10921	1559	60609	37394	37287	84885	2667	578	509659	0	0	0	0	0
228	1	0	23	9	7	4	0	0	2	1	3	20	16	51	7	0	3	4	3	3	0	0	0	0	0	3	0	3	0	0	0	3	0	60632	37401	37290	85113	2667	578	657708	0	0	0	0	0
28157	724	2300	20195	7201	7093	6041	0	173	190	177	520	19673	7603	51019	12592	196	12555	37	12085	12359	470	196	47	321	34	12555	517	12555	2309	1614	695	10941	1614	80827	49993	49845	113270	880	2192	712093	0	0	0	0	0
235	3	0	22	6	6	5	0	1	0	4	5	17	11	51	11	0	6	5	6	6	0	0	0	0	0	6	0	6	0	0	0	6	0	80849	50004	49851	113505	880	2192	860122	0	0	0	0	0
28847	701	2330	20644	7521	7210	6150	0	134	191	199	504	20136	7736	52274	12908	195	12873	35	12412	12678	461	195	66	332	28	12873	527	12873	2338	1628	710	11245	1628	101493	62912	62724	142352	3218	3820	914505	0	0	0	0	0
201	4	0	19	5	3	8	0	2	0	1	3	16	13	42	6	0	2	4	2	2	0	0	0	0	0	2	0	2	0	0	0	2	0	101512	62918	62726	142553	3218	3820	1062543	0	0	0	0	0
29585	751	2411	21150	7657	7405	6295	0	148	216	218	559	20590	8009	53420	13141	215	13113	28	12648	12898	465	215	62	312	44	13113	527	13113	2419	1669	750	11444	1669	122662	76059	75839	172138	1541	1393	1116928	0	0	0	0	0
246	4	0	21	7	8	4	0	1	1	1	3	18	16	46	5	0	4	1	4	4	0	0	0	0	0	4	0	4	0	0	0	4	0	122683	76064	75843	172384	1541	1393	1264966	0	0	0	0	0
29256	713	2319	21022	7532	7355	6329	0	145	216	206	546	20473	8075	52905	12947	251	12915	32	12460	12664	455	251	84	288	45	12915	539	12915	2323	1631	692	11284	1631	143705	89011	88758	201640	3864	3024	1319339	0	0	0	0	0
246	2	0	13	6	4	4	0	0	0	0	0	13	12	20	1	0	0	1	0	0	0	0	0	0	0	0	0	0	0	0	0	0	0	143718	89012	88758	201886	3864	3024	1467389	0	0	0	0	0
28433	728	2299	20285	7279	7151	6046	0	179	187	185	531	19748	7596	51307	12689	202	12648	41	12192	12446	456	202	73	327	42	12648	529	12648	2309	1634	675	11014	1634	164003	101701	101406	230319	2077	562	1521762	0	0	0	0	0
258	2	0	16	3	7	3	0	0	3	0	3	13	11	33	5	0	4	1	3	4	1	0	0	1	0	4	1	4	0	0	0	4	0	164019	101706	101410	230580	2077	562	1669802	0	0	0	0	0
29204	746	2380	20941	7687	7300	6158	0	147	222	174	527	20411	7939	52867	13002	214	12974	28	12506	12760	468	214	69	323	52	12974	537	12974	2386	1633	753	11341	1633	184960	114708	114384	259784	367	2195	1724185	0	0	0	0	0
240	7	0	17	4	4	8	0	0	2	1	3	14	11	39	6	0	6	0	5	6	1	0	0	1	0	6	1	6	0	0	0	6	0	184977	114714	114390	260024	367	2195	1872224	0	0	0	0	0
29073	749	2393	20876	7541	7366	6217	0	157	196	194	530	20342	7933	52579	12943	204	12900	43	12435	12697	465	203	68	330	41	12900	533	12900	2401	1669	732	11231	1669	205853	127657	127290	289097	2768	3864	1926600	0	0	0	0	0
279	3	0	18	5	3	7	0	0	2	1	3	15	12	40	6	0	4	2	4	4	0	0	0	0	0	4	0	4	0	0	0	4	0	205871	127663	127294	289376	2768	3864	2074647	0	0	0	0	0
29139	775	2480	20786	7532	7270	6201	0	147	191	206	525	20257	7913	52540	12873	239	12841	32	12362	12602	479	239	69	309	37	12841	548	12841	2492	1686	806	11155	1686	226658	140537	140136	318516	1164	1454	2129031	0	0	0	0	0
231	2	0	21	5	5	8	0	2	0	1	3	18	14	49	7	0	2	5	2	2	0	0	0	0	0	2	0	2	0	0	0	2	0	226679	140544	140138	318747	1164	1454	2277070	0	0	0	0	0
28921	701	2371	20745	7465	7310	6180	0	143	177	212	516	20227	7848	52360	12897	214	12866	31	12405	12652	461	214	64	311	37	12866	525	12866	2374	1669	705	11197	1669	247424	153441	153004	347668	3538	3123	2331443	0	0	0	0	0
246	2	0	20	6	6	5	0	1	2	0	3	17	11	45	9	0	7	2	7	7	0	0	0	0	0	7	0	7	0	0	0	7	0	247444	153450	153011	347914	3538	3123	2479493	0	0	0	0	0
28575	707	2378	20443	7378	7297	6021	0	144	208	185	518	19921	7746	51639	12697	204	12676	21	12235	12472	441	204	64	301	35	12676	505	12676	2384	1636	748	11040	1636	267887	166147	165687	376490	1826	663	2533866	0	0	0	0	0
246	1	0	14	2	5	4	0	0	1	2	3	11	7	29	7	0	5	2	5	5	0	0	0	0	0	5	0	5	0	0	0	5	0	267901	166154	165692	376737	1826	663	2681916	0	0	0	0	0
28738	677	2380	20521	7350	7269	6130	0	175	181	183	524	19995	7862	51658	12659	204	12623	36	12185	12419	438	204	64	298	34	12623	502	12623	2384	1647	737	10976	1647	288422	178813	178315	405475	114	2310	2736289	0	0	0	0	0
243	3	0	23	6	7	8	0	0	0	2	2	21	18	41	5	0	5	0	5	5	0	0	0	0	0	5	0	5	0	0	0	5	0	288445	178818	178320	405718	114	2310	2884339	0	0	0	0	0
29158	743	2372	21073	7677	7333	6265	0	147	212	206	551	20519	8146	53014	12927	217	12889	38	12447	12672	442	217	73	298	47	12889	515	12889	2378	1679	699	11210	1679	309518	191745	191209	434876	2492	3989	2938712	0	0	0	0	0
243	4	0	22	7	5	8	0	1	1	1	3	19	15	48	7	0	6	1	5	6	1	0	0	1	0	6	1	6	0	0	0	6	0	309540	191752	191215	435119	2492	3989	3086750	0	0	0	0	0
29196	735	2390	20851	7563	7389	6166	0	153	207	182	525	20324	7986	52757	12865	222	12826	39	12342	12604	484	222	65	327	47	12826	549	12826	2395	1659	736	11167	1659	330391	204617	204041	464315	791	1552	3141135	0	0	0	0	0
255	7	0	21	7	4	8	0	1	1	0	2	19	18	39	3	0	3	0	3	3	0	0	0	0	0	3	0	3	0	0	0	3	0	330412	204620	204044	464570	791	1552	3289173	0	0	0	0	0
28235	754	2311	20318	7254	7053	6146	0	177	191	229	585	19730	7688	51307	12630	226	12598	32	12121	12372	477	226	70	321	43	12598	547	12598	2315	1614	701	10984	1614	350730	217250	216642	492805	3106	3166	3343547	0	0	0	0	0
237	2	0	18	6	5	5	0	0	2	1	2	15	9	40	9	0	7	2	7	7	0	0	0	0	0	7	0	7	0	0	0	7	0	350748	217259	216649	493042	3106	3166	3491596	0	0	0	0	0

processed_m4255_ME11_2700_test40_SRCoff_170709_031858_TMBCounters.txt																																													
alct0 valid pattern flag received	alct1 valid pattern flag received	raw hits readout   	Pretrigger   	Pretrigger on CFEB0	Pretrigger on CFEB1	Pretrigger on CFEB2	Pretrigger on CFEB3	Pretrigger on CFEB4	Pretrigger on CFEB5	Pretrigger on CFEB6	Pretrigger on ME1A CFEB 4-6 only	Pretrigger on ME1B CFEBs 0-3 only	Discarded, CLCT0 invalid pattern after drift	BX pretrig waiting for triads to dissipate	clct0 sent to TMB matching section	clct1 sent to TMB matching section	TMB accepted alct	TMB match reject event  	Matching found one ALCT	Matching found one CLCT	Matching found two ALCTs	Matching found two CLCTs	ALCT0 copied into ALCT1 to make 2nd LCT	CLCT0 copied into CLCT1 to make 2nd LCT	LCT1 has higher quality than LCT0 	Transmitted LCT0 to MPC	Transmitted LCT1 to MPC	MPC rejected both LCT0 and LCT1	L1A received   	L1A received, TMB in L1A window	L1A received, no TMB in window	TMB triggered, no L1A in window	TMB readouts completed	Pretrigger counter   	CLCT counter   	TMB trigger counter	ALCTs received counter	L1As received counter 	Readout counter 	Orbit counter	CLCT pre-trigger and ALCT coincidence counter	CFEB0 active flag sent to DMB for readout	CFEB1 active flag sent to DMB for readout	CFEB2 active flag sent to DMB for readout	CFEB3 active flag sent to DMB for readout
2788	65	236	2130	783	725	609	0	29	20	34	79	2050	286	6308	1844	30	1842	2	1793	1812	49	30	12	31	11	1842	61	1842	238	227	11	1615	227	2142	1847	1844	2858	238	227	104813	0	0	0	0	0
661	10	0	92	29	16	28	0	7	1	12	19	73	57	200	35	1	29	6	27	28	2	1	0	1	0	29	2	29	0	0	0	29	0	2234	1882	1873	3519	238	227	509253	0	0	1	0	0
32090	898	2677	25449	9391	8679	7651	0	215	310	234	731	24713	3349	75408	22100	427	22055	45	21336	21628	719	427	122	414	77	22055	841	22055	2686	2508	178	19547	2508	27683	23982	23928	35609	2924	2735	563626	0	0	1	0	0
693	6	0	86	16	36	26	0	5	3	4	12	74	55	192	31	0	20	11	18	20	2	0	0	2	0	20	2	20	0	0	0	20	0	27769	24013	23948	36302	2924	2735	968079	0	0	1	0	0
31875	861	2552	25237	9252	8668	7608	0	263	246	292	772	24456	3221	74944	22016	452	21978	38	21290	21526	688	452	143	379	91	21978	831	21978	2559	2432	127	19546	2432	53006	46029	45926	68177	1387	1071	1022452	0	0	1	0	0
654	9	0	69	10	28	22	0	1	2	6	9	60	53	154	16	1	12	4	11	11	1	1	0	0	0	12	1	12	0	0	0	12	0	53075	46045	45938	68831	1387	1071	1426893	0	0	1	0	0
31322	827	2533	24761	9065	8406	7551	0	248	270	263	756	23997	3181	73389	21580	423	21558	22	20914	21135	644	423	124	345	83	21558	768	21558	2537	2390	147	19168	2390	77836	67625	67496	100153	3924	3461	1481276	0	0	1	0	0
720	3	0	100	25	31	25	0	7	5	10	22	78	67	225	33	0	25	8	25	25	0	0	0	0	0	25	0	25	0	0	0	25	0	77936	67658	67521	100873	3924	3461	1885718	0	0	1	0	0
32219	847	2626	25580	9391	8722	7722	0	278	304	271	822	24752	3339	75758	22241	467	22185	56	21508	21718	677	467	147	357	98	22185	824	22185	2635	2442	193	19743	2442	103516	89899	89706	133093	2463	1807	1940091	0	0	1	0	0
613	9	0	72	22	20	18	0	2	5	5	12	60	45	159	27	1	23	4	21	22	2	1	0	1	0	23	2	23	0	0	0	23	0	103588	89926	89729	133706	2463	1807	2344532	0	0	1	0	0
31537	874	2638	25101	9218	8591	7550	0	243	279	287	783	24311	3330	74332	21771	458	21733	38	21024	21275	709	458	159	410	90	21733	868	21733	2644	2478	166	19255	2478	128689	111697	111462	165243	1011	189	2398908	0	0	1	0	0
671	8	0	79	18	21	26	0	5	4	6	15	64	47	188	32	1	25	7	22	24	3	1	1	3	0	25	4	25	0	0	0	25	0	128768	111729	111487	165914	1011	189	2803357	0	0	1	0	0
32583	857	2729	25791	9350	8969	7739	0	252	316	283	818	24966	3271	76770	22520	485	22469	51	21778	21984	691	485	161	367	84	22469	852	22469	2743	2580	163	19889	2580	154559	134249	133956	198497	3754	2769	2857730	0	0	1	0	0
717	13	0	71	13	24	26	0	3	4	6	13	58	44	165	27	2	17	10	15	15	2	2	1	1	0	17	3	17	0	0	0	17	0	154630	134276	133973	199215	3754	2769	3262183	0	0	1	0	0
32944	943	2757	26012	9666	8783	7874	0	263	264	278	772	25235	3385	77254	22627	457	22592	35	21827	22135	765	457	143	451	87	22592	908	22592	2763	2599	164	19993	2599	180642	156903	156565	232159	2421	1272	3316556	0	0	1	0	0
699	8	0	79	24	25	22	0	3	7	1	11	68	57	180	22	0	17	5	16	17	1	0	0	1	0	17	1	17	0	0	0	17	0	180721	156925	156582	232858	2421	1272	3720996	0	0	1	0	0
32215	848	2669	25481	9417	8841	7546	0	247	287	279	777	24692	3420	75663	22061	447	22020	41	21348	21574	672	446	150	376	103	22020	822	22020	2674	2505	169	19515	2505	206202	178986	178602	265073	999	3777	3775370	0	0	1	0	0
698	10	0	91	28	27	27	0	0	5	10	15	76	56	205	35	0	26	9	22	26	4	0	0	4	0	26	4	26	0	0	0	26	0	206293	179021	178628	265772	999	3777	4179823	0	0	1	0	0
32151	871	2612	25421	9356	8700	7621	0	256	291	260	763	24645	3360	75406	22061	459	22014	47	21326	21556	688	458	161	391	91	22014	849	22014	2619	2448	171	19566	2448	231714	201082	200642	297923	3618	2129	4234195	0	0	1	0	0
706	6	0	73	15	28	21	0	4	3	2	9	64	47	158	26	1	21	5	20	20	1	1	0	0	0	21	1	21	0	0	0	21	0	231787	201108	200663	298629	3618	2129	4638636	0	0	1	0	0
31740	841	2717	25124	9098	8676	7651	0	247	323	280	811	24303	3271	74499	21853	454	21803	50	21110	21349	693	454	141	380	82	21803	834	21803	2721	2551	170	19252	2551	256911	222961	222466	330369	2243	584	4693021	0	0	1	0	0
709	8	0	68	16	19	18	0	4	6	7	17	51	52	135	16	0	12	4	12	12	0	0	0	0	0	12	0	12	0	0	0	12	0	256979	222977	222478	331078	2243	584	5097461	0	0	1	0	0
32762	870	2689	26097	9561	8861	7940	0	277	323	271	833	25251	3455	77287	22642	468	22598	44	21904	22130	694	468	157	383	107	22598	851	22598	2694	2520	174	20078	2520	283076	245619	245076	363840	841	3104	5151834	0	0	1	0	0
644	7	0	84	15	35	19	0	4	8	5	17	67	59	178	25	0	14	11	11	14	3	0	0	3	0	14	3	14	0	0	0	14	0	283160	245644	245090	364484	841	3104	5556275	0	0	1	0	0
31720	888	2555	25252	9286	8654	7654	0	245	262	267	750	24492	3330	74987	21922	453	21877	45	21165	21424	712	453	135	394	85	21877	847	21877	2563	2383	180	19494	2383	308414	267567	266968	396206	3404	1391	5610660	0	0	1	0	0
699	7	0	70	18	18	21	0	3	6	6	15	55	40	161	30	0	24	6	24	24	0	0	0	0	0	24	0	24	0	0	0	24	0	308484	267597	266992	396905	3404	1391	6015101	0	0	1	0	0
32195	847	2705	25333	9313	8589	7721	0	253	288	291	801	24521	3359	75109	21974	455	21938	36	21270	21483	668	455	140	353	77	21938	808	21938	2711	2537	174	19401	2537	333817	289571	288930	429100	2019	3928	6069473	0	0	1	0	0
662	7	0	82	17	30	19	0	3	7	8	18	64	48	181	34	0	26	8	25	26	1	0	0	1	0	26	1	26	0	0	0	26	0	333899	289605	288956	429762	2019	3928	6473926	0	0	1	0	0
32869	886	2654	25899	9515	8770	7891	0	278	286	302	833	25056	3490	76613	22409	474	22361	48	21666	21887	695	474	154	375	97	22361	849	22361	2662	2471	191	19890	2471	359798	312014	311317	462631	585	2303	6528299	0	0	1	0	0
710	7	0	83	25	20	21	0	5	7	7	19	64	49	186	34	0	24	10	23	24	1	0	0	1	0	24	1	24	0	0	0	24	0	359881	312048	311341	463341	585	2303	6932740	0	0	1	0	0
31477	878	2523	24843	9188	8524	7415	0	242	291	302	797	24037	3108	73988	21735	465	21689	46	20975	21224	714	465	155	404	78	21689	869	21689	2527	2379	148	19310	2379	384724	333783	333030	494818	3112	586	6987114	0	0	1	0	0
627	5	0	73	19	21	22	0	3	5	5	12	61	48	156	25	0	16	9	16	16	0	0	0	0	0	16	0	16	0	0	0	16	0	384797	333808	333046	495445	3112	586	7391565	0	0	1	0	0

processed_m4257_ME11_2750_test40_SRCoff_170709_035617_TMBCounters.txt																																													
alct0 valid pattern flag received	alct1 valid pattern flag received	raw hits readout   	Pretrigger   	Pretrigger on CFEB0	Pretrigger on CFEB1	Pretrigger on CFEB2	Pretrigger on CFEB3	Pretrigger on CFEB4	Pretrigger on CFEB5	Pretrigger on CFEB6	Pretrigger on ME1A CFEB 4-6 only	Pretrigger on ME1B CFEBs 0-3 only	Discarded, CLCT0 invalid pattern after drift	BX pretrig waiting for triads to dissipate	clct0 sent to TMB matching section	clct1 sent to TMB matching section	TMB accepted alct	TMB match reject event  	Matching found one ALCT	Matching found one CLCT	Matching found two ALCTs	Matching found two CLCTs	ALCT0 copied into ALCT1 to make 2nd LCT	CLCT0 copied into CLCT1 to make 2nd LCT	LCT1 has higher quality than LCT0 	Transmitted LCT0 to MPC	Transmitted LCT1 to MPC	MPC rejected both LCT0 and LCT1	L1A received   	L1A received, TMB in L1A window	L1A received, no TMB in window	TMB triggered, no L1A in window	TMB readouts completed	Pretrigger counter   	CLCT counter   	TMB trigger counter	ALCTs received counter	L1As received counter 	Readout counter 	Orbit counter	CLCT pre-trigger and ALCT coincidence counter	CFEB0 active flag sent to DMB for readout	CFEB1 active flag sent to DMB for readout	CFEB2 active flag sent to DMB for readout	CFEB3 active flag sent to DMB for readout
27309	740	2224	21951	8255	7441	6580	0	240	268	273	742	21197	908	69626	21043	492	21002	41	20363	20510	639	492	158	305	98	21002	797	21002	2233	2212	21	18790	2212	21960	21046	21004	27407	2233	2212	104801	0	0	0	0	0
247	5	0	33	7	8	11	0	3	4	3	8	25	20	76	13	0	10	3	9	10	1	0	0	1	0	10	1	10	0	0	0	10	0	21993	21059	21014	27654	2233	2212	252840	0	0	0	0	0
26329	711	2123	21318	7864	7185	6581	0	216	240	280	694	20610	890	67544	20428	479	20379	49	19765	19900	614	479	181	316	84	20379	795	20379	2129	2112	17	18267	2112	43311	41487	41393	53983	266	228	307223	0	0	0	0	0
257	6	0	39	8	17	9	0	4	4	0	7	31	21	93	18	1	14	4	12	13	2	1	0	1	0	14	2	14	0	0	0	14	0	43350	41505	41407	54240	266	228	455263	0	0	0	0	0
25745	701	2056	20647	7670	6996	6280	0	193	243	249	657	19982	950	65487	19697	449	19662	35	19060	19213	602	449	165	318	86	19662	767	19662	2060	2038	22	17624	2038	63997	61202	61069	79985	2326	2266	509636	0	0	0	0	0
291	1	0	44	13	13	10	0	4	1	3	8	36	29	103	15	0	13	2	13	13	0	0	0	0	0	13	0	13	0	0	0	13	0	64041	61217	61082	80276	2326	2266	657686	0	0	0	0	0
26510	709	2188	21290	7885	7323	6371	0	262	268	268	752	20526	916	67582	20374	457	20340	34	19735	19883	605	457	158	306	88	20340	763	20340	2191	2169	22	18171	2169	85331	81591	81422	106786	421	339	712058	0	0	0	0	0
277	1	0	32	3	10	14	0	0	3	3	6	26	22	71	10	0	8	2	8	8	0	0	0	0	0	8	0	8	0	0	0	8	0	85363	81601	81430	107063	421	339	860109	0	0	0	0	0
26361	754	2116	21163	7927	7160	6389	0	261	227	241	695	20457	993	66997	20170	471	20126	44	19505	19655	621	471	161	311	90	20126	782	20126	2123	2099	24	18027	2099	106526	101771	101556	133425	2544	2438	914481	0	0	0	0	0
255	4	0	31	10	6	8	0	2	3	2	7	24	19	71	12	0	7	5	7	7	0	0	0	0	0	7	0	7	0	0	0	7	0	106557	101783	101563	133681	2544	2438	1062530	0	0	0	0	0
26495	724	2181	21309	7943	7170	6423	0	225	281	265	741	20560	869	67603	20440	473	20396	44	19779	19923	617	473	160	304	82	20396	777	20396	2187	2166	21	18230	2166	127866	122223	121959	160176	635	508	1116904	0	0	0	0	0
225	2	0	27	10	5	10	0	0	0	2	2	25	16	58	11	0	7	4	6	7	1	0	0	1	0	7	1	7	0	0	0	7	0	127893	122234	121966	160401	635	508	1264943	0	0	0	0	0
27091	799	2178	21704	8082	7427	6610	0	237	242	270	704	20986	974	68897	20730	491	20688	42	20000	20198	688	490	154	352	95	20688	842	20688	2181	2166	15	18522	2166	149597	142964	142654	187492	2816	2674	1319327	0	0	0	0	0
257	6	0	41	13	9	10	0	2	2	6	9	31	23	100	18	0	10	8	8	10	2	0	0	2	0	10	2	10	0	0	0	10	0	149638	142982	142664	187749	2816	2674	1467366	0	0	0	0	0
27173	703	2182	21894	8090	7368	6648	0	273	263	304	791	21089	950	69417	20944	459	20894	50	20289	20436	605	458	163	310	87	20894	768	20894	2185	2169	16	18725	2169	171532	163926	163558	214922	905	747	1521751	0	0	0	0	0
243	7	0	25	5	7	8	0	1	4	2	7	18	17	58	8	2	8	0	6	6	2	2	0	0	0	8	2	8	0	0	0	8	0	171557	163934	163566	215165	905	747	1669789	0	0	0	0	0
25974	704	2154	20991	7868	7074	6361	0	226	241	237	671	20309	928	66456	20063	456	20019	44	19413	19563	606	456	150	300	81	20019	756	20019	2156	2132	24	17887	2132	192548	183997	183585	241139	3061	2879	1724163	0	0	0	0	0
276	0	0	35	9	8	17	0	2	0	1	3	32	21	85	14	0	11	3	11	11	0	0	0	0	0	11	0	11	0	0	0	11	0	192583	184011	183596	241415	3061	2879	1872211	0	0	0	0	0
26927	725	2205	21581	8018	7327	6576	0	232	252	246	701	20872	973	68346	20608	454	20571	37	19975	20118	596	453	173	316	103	20571	769	20571	2213	2186	27	18385	2186	214164	204619	204167	268342	1178	969	1926586	0	0	0	0	0
241	4	0	30	5	10	9	0	2	2	2	6	24	19	68	11	0	6	5	6	6	0	0	0	0	0	6	0	6	0	0	0	6	0	214194	204630	204173	268584	1178	969	2074635	0	0	0	0	0
26652	725	2071	21509	8059	7270	6444	0	223	278	249	711	20787	938	68200	20571	444	20529	42	19910	20085	619	444	141	316	86	20529	760	20529	2073	2058	15	18471	2058	235703	225201	224702	295236	3251	3027	2129009	0	0	0	0	0
233	5	0	27	9	5	8	0	2	2	4	7	20	21	68	6	0	2	4	2	2	0	0	0	0	0	2	0	2	0	0	0	2	0	235730	225207	224704	295469	3251	3027	2277058	0	0	0	0	0
26272	746	2235	21115	7832	7287	6334	0	227	255	280	721	20386	917	67020	20198	501	20163	35	19528	19662	635	501	177	311	84	20163	812	20163	2239	2222	17	17941	2222	256846	245406	244868	321742	1394	1153	2331430	0	0	0	0	0
273	4	0	28	10	5	9	0	3	0	1	4	24	18	68	10	0	9	1	9	9	0	0	0	0	0	9	0	9	0	0	0	9	0	256874	245416	244877	322015	1394	1153	2479470	0	0	0	0	0
25796	701	2042	20737	7864	6979	6223	0	211	223	252	638	20093	893	65758	19844	456	19804	40	19202	19348	602	456	141	287	90	19804	743	19804	2045	2027	18	17777	2027	277611	265260	264681	347812	3439	3180	2533853	0	0	0	0	0
246	0	0	33	11	13	5	0	1	2	2	5	28	24	77	9	0	4	5	4	4	0	0	0	0	0	4	0	4	0	0	0	4	0	277644	265269	264685	348058	3439	3180	2681892	0	0	0	0	0
26722	695	2166	21451	8038	7280	6481	0	244	244	267	722	20719	889	67950	20562	478	20516	46	19926	20039	590	477	162	275	90	20516	752	20516	2170	2147	23	18369	2147	299095	285831	285201	374780	1513	1231	2736266	0	0	0	0	0
247	2	0	35	9	9	12	0	4	3	1	8	27	21	77	14	0	12	2	12	12	0	0	0	0	0	12	0	12	0	0	0	12	0	299130	285845	285213	375027	1513	1231	2884316	0	0	0	0	0
26486	764	2188	21263	7826	7250	6493	0	253	242	254	709	20544	947	67417	20316	498	20270	46	19612	19773	658	497	172	333	78	20270	830	20270	2192	2170	22	18100	2170	320393	306161	305483	401513	3705	3401	2938688	0	0	0	0	0
275	4	0	40	12	6	7	0	6	4	5	15	25	24	87	16	0	15	1	14	15	1	0	0	1	0	15	1	15	0	0	0	15	0	320433	306177	305498	401789	3705	3401	3086737	0	0	0	0	0
26307	741	2187	21287	7923	7189	6409	0	259	248	266	742	20538	856	67674	20431	464	20380	51	19744	19916	636	464	147	319	88	20380	783	20380	2191	2177	14	18203	2177	341720	326608	325878	428096	1800	1482	3141111	0	0	0	0	0
228	1	0	30	6	11	7	0	5	1	2	8	22	18	66	12	0	11	1	10	11	1	0	0	1	0	11	1	11	0	0	0	11	0	341750	326620	325889	428324	1800	1482	3289161	0	0	0	0	0
27331	791	2119	21939	8118	7470	6665	0	247	277	251	740	21191	910	69609	21029	534	20970	59	20299	20436	671	534	164	301	91	20970	835	20970	2127	2090	37	18880	2090	363689	347649	346859	455655	3927	3572	3343532	0	0	0	0	0
257	3	0	31	9	10	9	0	2	1	1	4	27	19	72	12	0	10	2	9	10	1	0	0	1	0	10	1	10	0	0	0	10	0	363720	347661	346869	455912	3927	3572	3491572	0	0	0	0	0
26682	735	2081	21477	8032	7323	6464	0	248	290	227	720	20745	965	68066	20512	468	20454	58	19823	19986	631	468	155	318	99	20454	786	20454	2086	2060	26	18394	2060	385197	368173	367323	482594	1917	1536	3545955	0	0	0	0	0
264	5	0	45	9	13	19	0	1	2	3	6	39	25	108	20	1	14	6	12	13	2	1	0	1	0	14	2	14	0	0	0	14	0	385242	368193	367337	482858	1917	1536	3693994	0	0	0	0	0

processed_m4259_ME11_2800_test40_SRCoff_170709_041329_TMBCounters.txt																																													
alct0 valid pattern flag received	alct1 valid pattern flag received	raw hits readout   	Pretrigger   	Pretrigger on CFEB0	Pretrigger on CFEB1	Pretrigger on CFEB2	Pretrigger on CFEB3	Pretrigger on CFEB4	Pretrigger on CFEB5	Pretrigger on CFEB6	Pretrigger on ME1A CFEB 4-6 only	Pretrigger on ME1B CFEBs 0-3 only	Discarded, CLCT0 invalid pattern after drift	BX pretrig waiting for triads to dissipate	clct0 sent to TMB matching section	clct1 sent to TMB matching section	TMB accepted alct	TMB match reject event  	Matching found one ALCT	Matching found one CLCT	Matching found two ALCTs	Matching found two CLCTs	ALCT0 copied into ALCT1 to make 2nd LCT	CLCT0 copied into CLCT1 to make 2nd LCT	LCT1 has higher quality than LCT0 	Transmitted LCT0 to MPC	Transmitted LCT1 to MPC	MPC rejected both LCT0 and LCT1	L1A received   	L1A received, TMB in L1A window	L1A received, no TMB in window	TMB triggered, no L1A in window	TMB readouts completed	Pretrigger counter   	CLCT counter   	TMB trigger counter	ALCTs received counter	L1As received counter 	Readout counter 	Orbit counter	CLCT pre-trigger and ALCT coincidence counter	CFEB0 active flag sent to DMB for readout	CFEB1 active flag sent to DMB for readout	CFEB2 active flag sent to DMB for readout	CFEB3 active flag sent to DMB for readout
27965	780	2248	22606	8431	7714	6875	0	246	279	264	740	21854	597	72560	22009	556	21954	55	21281	21398	673	556	199	316	85	21954	872	21954	2254	2248	6	19706	2248	22622	22016	21960	28053	2254	2248	104813	0	0	0	0	0
283	6	0	34	9	7	9	0	3	4	2	9	25	23	77	11	0	8	3	8	8	0	0	0	0	0	8	0	8	0	0	0	8	0	22657	22028	21969	28337	2254	2248	252863	0	0	0	0	0
28036	763	2273	22611	8467	7639	6901	0	273	285	276	792	21811	671	72457	21940	546	21901	39	21253	21355	648	546	179	281	86	21901	827	21901	2278	2268	10	19633	2268	45268	43968	43870	56373	436	420	307238	0	0	0	0	0
259	1	0	42	10	15	14	0	1	2	2	5	37	24	99	18	1	14	4	13	13	1	1	0	0	1	14	1	14	0	0	0	14	0	45310	43986	43884	56633	436	420	455286	0	0	0	0	0
27855	787	2276	22536	8459	7639	6915	0	234	287	289	764	21757	637	72294	21899	550	21864	35	21181	21314	683	550	184	317	102	21864	867	21864	2283	2273	10	19591	2273	67846	65885	65748	84489	2719	2693	509659	0	0	0	0	0
256	4	0	45	11	13	13	0	2	3	3	8	37	27	101	18	0	13	5	12	13	1	0	0	1	0	13	1	13	0	0	0	13	0	67891	65903	65761	84745	2719	2693	657709	0	0	0	0	0
27754	768	2264	22427	8425	7652	6814	0	266	263	265	744	21672	624	71923	21803	535	21737	66	21066	21202	671	535	183	319	73	21737	854	21737	2267	2260	7	19477	2260	90318	87706	87498	112499	890	857	712082	0	0	0	0	0
264	5	0	47	12	17	13	0	2	3	3	8	39	27	113	20	1	15	5	13	14	2	1	0	1	1	15	2	15	0	0	0	15	0	90365	87726	87513	112763	890	857	860121	0	0	0	0	0
26997	728	2175	21817	8071	7492	6605	0	275	258	264	751	21050	632	70024	21185	501	21145	40	20505	20644	640	501	185	324	84	21145	825	21145	2179	2168	11	18977	2168	112182	108911	108658	139760	3069	3025	914505	0	0	0	0	0
233	3	0	30	10	10	4	0	1	4	1	6	24	21	71	9	0	6	3	6	6	0	0	0	0	0	6	0	6	0	0	0	6	0	112212	108920	108664	139993	3069	3025	1062544	0	0	0	0	0
28079	786	2324	22695	8462	7699	6960	0	230	266	266	720	21970	665	72812	22030	503	21990	40	21318	21487	672	503	162	331	77	21990	834	21990	2332	2322	10	19668	2322	134907	130950	130654	168072	1305	1251	1116917	0	0	0	0	0
282	3	0	40	8	12	8	0	5	4	4	13	27	27	93	13	0	11	2	11	11	0	0	0	0	0	11	0	11	0	0	0	11	0	134947	130963	130665	168354	1305	1251	1264967	0	0	0	0	0
27795	800	2274	22412	8265	7670	6887	0	245	259	245	721	21686	617	71920	21795	522	21742	53	21037	21220	705	522	150	333	85	21742	855	21742	2279	2270	9	19472	2270	157359	152758	152407	196149	3584	3521	1319340	0	0	0	0	0
271	3	0	43	9	11	19	0	1	4	1	6	37	23	101	20	1	16	4	15	15	1	1	1	1	0	16	2	16	0	0	0	16	0	157402	152778	152423	196420	3584	3521	1467390	0	0	0	0	0
27681	777	2219	22374	8240	7612	6892	0	279	270	260	763	21599	605	71906	21769	540	21722	47	21060	21183	662	539	178	301	96	21722	840	21722	2226	2215	11	19507	2215	179776	174547	174145	224101	1714	1640	1521763	0	0	0	0	0
283	3	0	40	10	9	17	0	3	2	0	5	35	23	95	17	0	15	2	15	15	0	0	0	0	0	15	0	15	0	0	0	15	0	179816	174564	174160	224384	1714	1640	1669812	0	0	0	0	0
28363	810	2319	22781	8524	7711	6967	0	263	286	284	778	21993	628	73151	22153	544	22112	41	21408	21568	704	544	190	350	76	22112	894	22112	2324	2316	8	19796	2316	202597	196717	196272	252748	4038	3956	1724186	0	0	0	0	0
275	3	0	55	14	12	21	0	2	2	4	8	47	34	134	21	0	17	4	16	17	1	0	0	1	0	17	1	17	0	0	0	17	0	202652	196738	196289	253023	4038	3956	1872224	0	0	0	0	0
28495	755	2303	23042	8630	7730	7112	0	266	285	258	768	22263	646	73800	22396	527	22360	36	21719	21833	641	527	193	307	88	22360	834	22360	2311	2299	12	20061	2299	225694	219134	218649	281518	2253	2159	1926609	0	0	0	0	0
264	2	0	25	7	5	5	0	5	3	0	8	17	14	55	11	0	8	3	8	8	0	0	0	0	0	8	0	8	0	0	0	8	0	225719	219145	218657	281782	2253	2159	2074647	0	0	0	0	0
27295	757	2169	22070	8363	7346	6704	0	264	293	298	816	21239	663	70761	21407	545	21353	54	20680	20808	673	545	188	316	87	21353	861	21353	2174	2165	9	19188	2165	247789	240552	240010	309077	331	228	2129032	0	0	0	0	0
261	3	0	46	11	5	19	0	1	4	8	12	34	22	115	24	1	19	5	19	18	0	1	1	0	0	19	1	19	0	0	0	19	0	247836	240576	240029	309340	331	228	2277070	0	0	0	0	0
26758	752	2148	21631	8099	7403	6508	0	281	246	247	729	20886	591	69419	21040	518	20992	48	20332	20474	660	518	176	318	92	20992	836	20992	2149	2148	1	18844	2148	269467	261616	261021	336098	2480	2376	2331443	0	0	0	0	0
275	1	0	40	12	15	8	0	2	3	2	6	33	23	92	17	1	15	2	14	14	1	1	0	0	1	15	1	15	0	0	0	15	0	269507	261633	261036	336373	2480	2376	2479492	0	0	0	0	0
27042	714	2282	21950	8190	7548	6686	0	227	275	269	727	21215	582	70458	21368	519	21306	62	20679	20787	627	519	189	297	87	21306	816	21306	2285	2282	3	19024	2282	291457	283001	282342	363415	669	562	2533866	0	0	0	0	0
258	2	0	51	14	11	14	0	4	3	5	12	39	32	117	19	0	15	4	14	15	1	0	0	1	0	15	1	15	0	0	0	15	0	291508	283020	282357	363673	669	562	2681915	0	0	0	0	0
28308	793	2237	22858	8574	7778	6955	0	250	263	256	735	22115	627	73275	22231	538	22171	60	21479	21633	692	538	179	333	98	22171	871	22171	2238	2235	3	19936	2235	314366	305251	304528	391981	2907	2797	2736289	0	0	0	0	0
246	3	0	37	6	11	9	0	3	7	1	11	26	24	81	13	0	8	5	6	8	2	0	0	2	0	8	2	8	0	0	0	8	0	314403	305264	304536	392227	2907	2797	2884326	0	0	0	0	0
27798	760	2257	22370	8346	7688	6845	0	233	266	258	711	21645	620	71769	21750	521	21704	46	21044	21183	660	521	169	308	79	21704	829	21704	2262	2251	11	19453	2251	336773	327014	326240	420026	1073	952	2938703	0	0	0	0	0
264	5	0	41	13	6	10	0	7	4	1	12	29	23	99	18	0	16	2	15	16	1	0	0	1	0	16	1	16	0	0	0	16	0	336814	327032	326256	420290	1073	952	3086751	0	0	0	0	0
28887	776	2242	23336	8686	7901	7170	0	242	330	268	798	22525	652	74818	22684	545	22627	57	21934	22083	693	544	193	342	90	22627	886	22627	2247	2240	7	20387	2240	360150	349716	348883	449177	3320	3192	3141134	0	0	0	0	0
249	1	0	31	10	10	6	0	3	2	2	7	24	15	80	16	0	11	5	11	11	0	0	0	0	0	11	0	11	0	0	0	11	0	360181	349732	348894	449427	3320	3192	3289174	0	0	0	0	0
27875	733	2326	22524	8490	7558	6970	0	268	243	254	724	21790	676	72291	21848	517	21801	47	21162	21284	639	517	182	304	79	21801	821	21801	2333	2322	11	19479	2322	382705	371580	370695	477303	1557	1418	3343546	0	0	0	0	0
277	3	0	45	9	11	16	0	7	1	1	9	36	24	108	21	0	17	4	16	17	1	0	0	1	0	17	1	17	0	0	0	17	0	382750	371601	370712	477580	1557	1418	3491595	0	0	0	0	0

processed_m4261_ME11_2850_test40_SRCoff_170709_043004_TMBCounters.txt																																													
alct0 valid pattern flag received	alct1 valid pattern flag received	raw hits readout   	Pretrigger   	Pretrigger on CFEB0	Pretrigger on CFEB1	Pretrigger on CFEB2	Pretrigger on CFEB3	Pretrigger on CFEB4	Pretrigger on CFEB5	Pretrigger on CFEB6	Pretrigger on ME1A CFEB 4-6 only	Pretrigger on ME1B CFEBs 0-3 only	Discarded, CLCT0 invalid pattern after drift	BX pretrig waiting for triads to dissipate	clct0 sent to TMB matching section	clct1 sent to TMB matching section	TMB accepted alct	TMB match reject event  	Matching found one ALCT	Matching found one CLCT	Matching found two ALCTs	Matching found two CLCTs	ALCT0 copied into ALCT1 to make 2nd LCT	CLCT0 copied into CLCT1 to make 2nd LCT	LCT1 has higher quality than LCT0 	Transmitted LCT0 to MPC	Transmitted LCT1 to MPC	MPC rejected both LCT0 and LCT1	L1A received   	L1A received, TMB in L1A window	L1A received, no TMB in window	TMB triggered, no L1A in window	TMB readouts completed	Pretrigger counter   	CLCT counter   	TMB trigger counter	ALCTs received counter	L1As received counter 	Readout counter 	Orbit counter	CLCT pre-trigger and ALCT coincidence counter	CFEB0 active flag sent to DMB for readout	CFEB1 active flag sent to DMB for readout	CFEB2 active flag sent to DMB for readout	CFEB3 active flag sent to DMB for readout
28657	834	2303	23213	8751	7865	7082	0	280	309	283	825	22376	590	74075	22623	560	22569	54	21830	22009	739	560	164	343	85	22569	903	22569	2315	2300	15	20269	2300	23232	22632	22577	28754	2315	2300	104836	0	0	0	0	0
262	3	0	50	16	16	13	0	3	2	5	10	40	24	122	26	1	18	8	17	17	1	1	1	1	1	18	2	18	0	0	0	18	0	23282	22658	22595	29016	2315	2300	252862	0	0	0	0	0
28955	858	2249	23497	9001	7963	7113	0	271	267	278	759	22723	632	74936	22865	569	22811	54	22063	22242	748	569	182	361	89	22811	930	22811	2257	2248	9	20563	2248	46779	45523	45406	57971	476	452	307246	0	0	0	0	0
268	3	0	38	8	14	10	0	4	2	3	7	31	26	89	12	0	9	3	9	9	0	0	0	0	0	9	0	9	0	0	0	9	0	46817	45535	45415	58239	476	452	455286	0	0	0	0	0
27882	752	2325	22563	8316	7775	7026	0	257	273	271	750	21803	553	72067	22010	567	21957	53	21291	21390	666	567	197	296	74	21957	863	21957	2333	2324	9	19633	2324	69380	67545	67372	86121	2809	2776	509658	0	0	0	0	0
287	3	0	48	18	6	13	0	3	5	7	15	33	23	121	25	0	20	5	19	20	1	0	0	1	0	20	1	20	0	0	0	20	0	69428	67570	67392	86408	2809	2776	657719	0	0	0	0	0
28748	854	2349	23269	8670	8002	7199	0	256	255	260	701	22550	607	74189	22662	571	22601	61	21848	22030	753	571	189	371	72	22601	942	22601	2354	2347	7	20254	2347	92697	90232	89993	115157	1067	1027	712103	0	0	0	0	0
254	4	0	37	10	15	9	0	2	0	2	4	33	23	87	14	0	11	3	11	11	0	0	0	0	0	11	0	11	0	0	0	11	0	92734	90246	90004	115411	1067	1027	860131	0	0	0	0	0
28648	797	2332	23242	8812	7988	7100	0	245	238	283	719	22510	591	74078	22651	587	22596	55	21900	22009	696	587	202	311	83	22596	898	22596	2337	2332	5	20264	2332	115976	112897	112600	144059	3404	3359	914504	0	0	0	0	0
252	0	0	41	8	14	12	0	2	2	3	7	34	26	100	15	0	13	2	13	13	0	0	0	0	0	13	0	13	0	0	0	13	0	116017	112912	112613	144311	3404	3359	1062542	0	0	0	0	0
28802	788	2297	23321	8815	7898	7091	0	262	292	259	771	22535	614	74391	22707	556	22645	62	21973	22089	672	556	192	308	101	22645	864	22645	2301	2295	6	20350	2295	139338	135619	135258	173114	1609	1558	1116938	0	0	0	0	0
280	3	0	34	6	8	15	0	2	3	0	5	29	19	83	15	0	9	6	8	9	1	0	0	1	0	9	1	9	0	0	0	9	0	139372	135634	135267	173394	1609	1558	1264965	0	0	0	0	0
29218	785	2377	23586	8999	8002	7114	0	255	285	277	781	22791	660	75179	22926	546	22879	47	22184	22334	695	545	208	358	85	22879	903	22879	2383	2375	8	20504	2375	162958	158560	158146	202612	3992	3933	1319340	0	0	0	0	0
260	1	0	43	12	10	12	0	4	3	3	10	33	22	112	21	0	15	6	15	15	0	0	0	0	0	15	0	15	0	0	0	15	0	163001	158581	158161	202872	3992	3933	1467400	0	0	0	0	0
27875	769	2262	22611	8567	7782	6768	0	235	295	264	748	21855	557	72215	22054	560	21993	61	21341	21433	652	560	202	294	87	21993	854	21993	2268	2261	7	19732	2261	185612	180635	180154	230747	2164	2098	1521770	0	0	0	0	0
260	4	0	32	7	14	6	0	2	4	0	6	26	14	82	18	0	14	4	13	14	1	0	0	1	0	14	1	14	0	0	0	14	0	185644	180653	180168	231009	2164	2098	1669814	0	0	0	0	0
29039	801	2347	23547	8979	7927	7199	0	263	279	289	775	22753	626	75171	22921	583	22856	65	22162	22273	694	583	201	312	98	22856	895	22856	2352	2344	8	20512	2344	209191	203574	203024	260048	420	346	1724184	0	0	0	0	0
268	5	0	43	15	10	10	0	2	3	4	9	34	19	112	24	0	20	4	18	20	2	0	0	2	0	20	2	20	0	0	0	20	0	209234	203598	203044	260316	420	346	1872234	0	0	0	0	0
29019	760	2380	23559	8866	8034	7235	0	283	279	273	782	22764	598	75003	22961	539	22924	37	22251	22386	673	538	181	316	76	22924	854	22924	2383	2378	5	20546	2378	232793	226559	225968	289335	2803	2724	1926607	0	0	0	0	0
232	3	0	39	10	11	15	0	1	2	1	4	35	24	95	15	0	15	0	15	15	0	0	0	0	0	15	0	15	0	0	0	15	0	232832	226574	225983	289568	2803	2724	2074657	0	0	0	0	0
29298	810	2384	23844	9005	8049	7250	0	279	246	328	811	23021	612	76067	23232	548	23164	68	22458	22616	706	548	186	344	73	23164	892	23164	2389	2383	6	20781	2383	256676	249806	249147	318866	1096	1011	2129030	0	0	0	0	0
241	4	0	39	12	8	13	0	3	2	3	7	32	25	95	14	2	13	1	10	11	3	2	0	1	1	13	3	13	0	0	0	13	0	256715	249820	249160	319107	1096	1011	2277069	0	0	0	0	0
29033	766	2304	23457	8831	7911	7267	0	262	259	294	771	22675	627	74810	22830	522	22768	62	22125	22247	643	521	200	322	81	22768	843	22768	2313	2304	9	20464	2304	280172	272650	271928	348141	3409	3315	2331453	0	0	0	0	0
264	3	0	35	12	9	6	0	3	2	4	9	26	19	83	16	0	14	2	13	14	1	0	0	1	0	14	1	14	0	0	0	14	0	280207	272666	271942	348405	3409	3315	2479492	0	0	0	0	0
28489	785	2317	23167	8758	7877	7125	0	276	264	276	774	22376	585	74006	22582	612	22515	67	21839	21903	676	612	214	278	87	22515	890	22515	2323	2312	11	20203	2312	303374	295248	294457	376894	1636	1531	2533876	0	0	0	0	0
252	4	0	43	14	15	9	0	3	4	2	8	35	27	102	16	1	15	1	14	14	1	1	1	1	0	15	2	15	0	0	0	15	0	303417	295264	294472	377146	1636	1531	2681915	0	0	0	0	0
28761	772	2345	23264	8818	7854	7097	0	266	279	263	755	22497	593	74207	22671	569	22622	49	21947	22053	675	569	203	309	77	22622	878	22622	2349	2344	5	20278	2344	326681	317935	317094	405907	3985	3875	2736288	0	0	0	0	0
239	2	0	45	15	12	10	0	2	4	3	8	37	24	111	21	0	14	7	14	14	0	0	0	0	0	14	0	14	0	0	0	14	0	326726	317956	317108	406146	3985	3875	2884349	0	0	0	0	0
29084	851	2303	23582	8795	7961	7436	0	264	265	254	740	22832	600	75294	22982	587	22935	47	22187	22348	748	587	179	340	80	22935	927	22935	2308	2299	9	20636	2299	350308	340938	340043	435231	2197	2078	2938711	0	0	0	0	0
255	6	0	46	13	10	11	0	4	5	7	14	32	26	119	20	2	17	3	14	15	3	2	1	2	1	17	4	17	0	0	0	17	0	350354	340958	340060	435486	2197	2078	3086761	0	0	0	0	0
28538	803	2367	23264	8705	7968	7171	0	279	300	266	776	22469	566	74426	22698	597	22648	50	21950	22052	698	596	205	307	85	22648	903	22648	2370	2366	4	20282	2366	373618	363656	362708	464024	471	348	3141135	0	0	0	0	0
274	3	0	41	15	10	10	0	2	3	3	8	33	26	92	15	0	8	7	7	8	1	0	0	1	0	8	1	8	0	0	0	8	0	373659	363671	362716	464298	471	348	3289172	0	0	0	0	0
29101	821	2279	23603	8895	8009	7217	0	247	275	294	763	22819	627	75223	22976	565	22907	69	22193	22343	714	564	201	351	93	22907	915	22907	2284	2277	7	20630	2277	397262	386647	385623	493399	2755	2625	3343556	0	0	0	0	0
266	3	0	38	8	16	10	0	2	4	1	7	31	26	90	12	0	10	2	10	10	0	0	0	0	0	10	0	10	0	0	0	10	0	397300	386659	385633	493665	2755	2625	3491594	0	0	0	0	0

processed_m4263_ME11_2900_test40_SRCoff_170709_044919_TMBCounters.txt																																													
alct0 valid pattern flag received	alct1 valid pattern flag received	raw hits readout   	Pretrigger   	Pretrigger on CFEB0	Pretrigger on CFEB1	Pretrigger on CFEB2	Pretrigger on CFEB3	Pretrigger on CFEB4	Pretrigger on CFEB5	Pretrigger on CFEB6	Pretrigger on ME1A CFEB 4-6 only	Pretrigger on ME1B CFEBs 0-3 only	Discarded, CLCT0 invalid pattern after drift	BX pretrig waiting for triads to dissipate	clct0 sent to TMB matching section	clct1 sent to TMB matching section	TMB accepted alct	TMB match reject event  	Matching found one ALCT	Matching found one CLCT	Matching found two ALCTs	Matching found two CLCTs	ALCT0 copied into ALCT1 to make 2nd LCT	CLCT0 copied into CLCT1 to make 2nd LCT	LCT1 has higher quality than LCT0 	Transmitted LCT0 to MPC	Transmitted LCT1 to MPC	MPC rejected both LCT0 and LCT1	L1A received   	L1A received, TMB in L1A window	L1A received, no TMB in window	TMB triggered, no L1A in window	TMB readouts completed	Pretrigger counter   	CLCT counter   	TMB trigger counter	ALCTs received counter	L1As received counter 	Readout counter 	Orbit counter	CLCT pre-trigger and ALCT coincidence counter	CFEB0 active flag sent to DMB for readout	CFEB1 active flag sent to DMB for readout	CFEB2 active flag sent to DMB for readout	CFEB3 active flag sent to DMB for readout
28896	788	2340	23463	8824	7948	7250	0	277	267	269	757	22695	592	74329	22871	583	22801	70	22117	22218	684	583	204	305	90	22801	888	22801	2343	2341	2	20460	2341	23481	22878	22807	29000	2343	2341	104824	0	0	0	0	0
272	5	0	41	14	12	7	0	2	4	4	9	32	24	102	17	0	16	1	16	16	0	0	0	0	0	16	0	16	0	0	0	16	0	23522	22895	22823	29272	2343	2341	252864	0	0	0	0	0
28592	793	2278	23231	8707	7877	7297	0	270	289	268	769	22441	593	73510	22638	558	22579	59	21893	22021	686	558	195	323	76	22579	881	22579	2281	2276	5	20303	2276	46753	45533	45402	57864	528	521	307237	0	0	0	0	0
225	1	0	39	7	11	16	0	2	1	2	5	34	24	98	15	1	12	3	11	11	1	1	0	0	0	12	1	12	0	0	0	12	0	46792	45548	45414	58089	528	521	455287	0	0	0	0	0
29465	828	2361	23932	9072	8100	7336	0	247	286	318	798	23122	618	75735	23314	562	23249	65	22551	22687	698	562	188	324	88	23249	886	23249	2366	2360	6	20889	2360	70725	68863	68664	87555	2894	2881	509660	0	0	0	0	0
255	1	0	38	12	12	10	0	2	0	2	4	34	17	102	21	0	15	6	15	15	0	0	0	0	0	15	0	15	0	0	0	15	0	70763	68884	68679	87810	2894	2881	657710	0	0	0	0	0
28148	788	2302	22823	8776	7773	6937	0	246	273	255	719	22092	606	72216	22217	601	22146	71	21473	21545	673	601	211	283	88	22146	884	22146	2304	2297	7	19849	2297	93586	91101	90825	115958	1102	1082	712082	0	0	0	0	0
276	2	0	57	12	18	17	0	6	2	4	12	45	32	146	25	0	22	3	21	22	1	0	0	1	0	22	1	22	0	0	0	22	0	93643	91126	90847	116235	1102	1082	860124	0	0	0	0	0
29546	800	2332	23983	9029	8136	7399	0	283	302	298	820	23143	656	75993	23327	612	23266	61	22562	22654	704	612	229	321	97	23266	933	23266	2339	2331	8	20935	2331	117626	114453	114113	145781	3441	3413	914505	0	0	0	0	0
242	6	0	36	12	9	10	0	5	1	2	7	29	25	92	11	0	9	2	8	9	1	0	0	1	0	9	1	9	0	0	0	9	0	117662	114464	114122	146023	3441	3413	1062544	0	0	0	0	0
28346	791	2335	23031	8700	7912	7031	0	272	270	282	771	22243	634	72807	22397	585	22327	70	21647	21742	680	585	224	319	93	22327	904	22327	2343	2333	10	19994	2333	140693	136861	136449	174369	1688	1650	1116928	0	0	0	0	0
261	1	0	49	18	11	10	0	6	2	3	11	38	29	124	20	1	18	2	17	17	1	1	0	0	0	18	1	18	0	0	0	18	0	140742	136881	136467	174631	1688	1650	1264967	0	0	0	0	0
29050	853	2358	23643	8910	8237	7219	0	293	273	241	751	22878	630	74920	23013	626	22952	61	22204	22326	748	626	210	332	98	22952	958	22952	2361	2357	4	20595	2357	164385	159894	159419	203681	4049	4007	1319339	0	0	0	0	0
282	7	0	43	12	12	14	0	3	3	2	8	35	23	103	20	1	18	2	16	17	2	1	0	1	0	18	2	18	0	0	0	18	0	164428	159914	159437	203963	4049	4007	1467390	0	0	0	0	0
29624	804	2311	24195	9123	8237	7445	0	296	306	312	846	23329	632	76670	23563	600	23510	53	22812	22910	698	600	224	322	97	23510	922	23510	2317	2310	7	21200	2310	188623	183477	182947	233587	2270	2221	1521762	0	0	0	0	0
231	5	0	36	11	11	8	0	3	1	2	6	30	27	92	9	1	7	2	5	6	2	1	0	1	0	7	2	7	0	0	0	7	0	188659	183486	182954	233818	2270	2221	1669812	0	0	0	0	0
29262	775	2374	23856	8930	8195	7307	0	255	293	277	775	23070	626	75526	23230	575	23154	76	22473	22579	681	575	187	293	87	23154	868	23154	2384	2373	11	20781	2373	212515	206716	206108	263080	558	498	1724185	0	0	0	0	0
264	5	0	43	17	10	11	0	1	2	3	6	37	32	103	11	0	9	2	9	9	0	0	0	0	0	9	0	9	0	0	0	9	0	212558	206727	206117	263344	558	498	1872225	0	0	0	0	0
28673	794	2370	23355	8813	7944	7198	0	248	309	275	765	22573	604	73904	22751	586	22685	66	22002	22099	683	586	213	310	89	22685	896	22685	2378	2368	10	20317	2368	235913	229478	228802	292018	2936	2866	1926608	0	0	0	0	0
272	3	0	46	10	17	11	0	6	2	4	10	35	26	117	20	1	19	1	18	18	1	1	0	0	0	19	1	19	0	0	0	19	0	235959	229498	228821	292290	2936	2866	2074647	0	0	0	0	0
28939	852	2304	23509	8976	7921	7210	0	291	262	272	775	22718	583	74533	22926	643	22879	47	22121	22237	758	642	219	335	88	22879	977	22879	2310	2303	7	20576	2303	259468	252424	251700	321229	1150	1073	2129031	0	0	0	0	0
277	7	0	43	10	10	14	0	4	2	6	12	31	20	103	23	2	18	5	14	16	4	2	0	2	1	18	4	18	0	0	0	18	0	259512	252447	251718	321506	1150	1073	2277071	0	0	0	0	0
29107	761	2404	23750	8957	8184	7260	0	299	262	294	800	22926	599	75168	23151	572	23085	66	22409	22513	676	572	214	318	94	23085	890	23085	2408	2402	6	20683	2402	283262	275598	274803	350613	3558	3475	2331443	0	0	0	0	0
260	6	0	38	9	14	12	0	4	1	1	4	33	18	91	20	1	16	4	13	15	3	1	0	2	0	16	3	16	0	0	0	16	0	283300	275618	274819	350873	3558	3475	2479493	0	0	0	0	0
29217	869	2325	23817	8991	8022	7455	0	279	297	256	777	23025	590	75429	23227	595	23169	58	22431	22574	738	595	195	338	88	23169	933	23169	2331	2320	11	20849	2320	307117	298845	297988	380090	1793	1699	2533866	0	0	0	0	0
257	0	0	46	13	4	20	0	2	8	1	11	35	37	103	9	0	6	3	6	6	0	0	0	0	0	6	0	6	0	0	0	6	0	307163	298854	297994	380347	1793	1699	2681916	0	0	0	0	0
28530	791	2345	23183	8809	7816	7158	0	266	266	260	745	22423	614	73444	22569	582	22512	57	21824	21930	688	582	187	293	79	22512	875	22512	2348	2343	5	20169	2343	330346	321423	320506	408878	45	4042	2736289	0	0	0	0	0
260	5	0	43	11	13	10	0	4	4	2	10	33	19	104	24	0	20	4	19	20	1	0	0	1	0	20	1	20	0	0	0	20	0	330389	321447	320526	409138	45	4042	2884338	0	0	0	0	0
28071	761	2334	22868	8547	7773	7120	0	251	280	293	776	22077	563	72369	22305	582	22247	58	21573	21665	674	582	213	305	88	22247	887	22247	2336	2332	4	19915	2332	353257	343752	342773	437209	2381	2278	2938731	0	0	0	0	0
249	3	0	40	13	11	9	0	1	4	2	7	33	25	92	15	0	11	4	11	11	0	0	0	0	0	11	0	11	0	0	0	11	0	353297	343767	342784	437458	2381	2278	3086750	0	0	0	0	0
28399	804	2285	23023	8670	7917	7087	0	263	286	275	765	22240	634	72825	22389	542	22325	64	21635	21783	690	542	179	327	80	22325	869	22325	2292	2283	9	20042	2283	376320	366156	365109	465857	577	465	3141133	0	0	0	0	0
255	5	0	36	12	10	10	0	4	2	1	7	29	21	94	15	2	11	4	10	9	1	2	1	0	0	11	2	11	0	0	0	11	0	376356	366171	365120	466113	577	465	3289173	0	0	0	0	0
28507	794	2358	23240	8744	7885	7240	0	263	274	263	762	22461	590	73602	22650	570	22596	54	21898	22026	698	570	204	332	84	22596	902	22596	2364	2356	8	20240	2356	399596	388821	387716	494620	2941	2821	3343558	0	0	0	0	0
253	5	0	32	8	7	11	0	2	3	1	6	26	16	85	16	1	11	5	11	10	0	1	1	0	1	11	1	11	0	0	0	11	0	399628	388837	387727	494873	2941	2821	3491596	0	0	0	0	0

processed_m4265_ME11_2950_test40_SRCoff_170709_050616_TMBCounters.txt																																													
alct0 valid pattern flag received	alct1 valid pattern flag received	raw hits readout   	Pretrigger   	Pretrigger on CFEB0	Pretrigger on CFEB1	Pretrigger on CFEB2	Pretrigger on CFEB3	Pretrigger on CFEB4	Pretrigger on CFEB5	Pretrigger on CFEB6	Pretrigger on ME1A CFEB 4-6 only	Pretrigger on ME1B CFEBs 0-3 only	Discarded, CLCT0 invalid pattern after drift	BX pretrig waiting for triads to dissipate	clct0 sent to TMB matching section	clct1 sent to TMB matching section	TMB accepted alct	TMB match reject event  	Matching found one ALCT	Matching found one CLCT	Matching found two ALCTs	Matching found two CLCTs	ALCT0 copied into ALCT1 to make 2nd LCT	CLCT0 copied into CLCT1 to make 2nd LCT	LCT1 has higher quality than LCT0 	Transmitted LCT0 to MPC	Transmitted LCT1 to MPC	MPC rejected both LCT0 and LCT1	L1A received   	L1A received, TMB in L1A window	L1A received, no TMB in window	TMB triggered, no L1A in window	TMB readouts completed	Pretrigger counter   	CLCT counter   	TMB trigger counter	ALCTs received counter	L1As received counter 	Readout counter 	Orbit counter	CLCT pre-trigger and ALCT coincidence counter	CFEB0 active flag sent to DMB for readout	CFEB1 active flag sent to DMB for readout	CFEB2 active flag sent to DMB for readout	CFEB3 active flag sent to DMB for readout
29124	833	2383	23750	8984	8062	7409	0	295	246	266	764	22975	658	74727	23092	593	23006	86	22274	22413	732	593	205	344	79	23006	937	23006	2388	2379	9	20627	2379	23757	23095	23008	29204	2388	2379	104815	0	0	0	0	0
289	6	0	47	8	15	13	0	3	3	8	13	33	28	115	19	1	15	4	12	14	3	1	0	2	1	15	3	15	0	0	0	15	0	23804	23114	23023	29493	2388	2379	252852	0	0	0	0	0
28503	793	2320	23086	8741	7797	7179	0	266	285	274	765	22304	656	72550	22430	566	22366	64	21688	21802	678	564	215	329	88	22366	893	22366	2326	2319	7	20047	2319	46890	45544	45389	57996	618	602	307237	0	0	0	0	0
326	4	0	44	13	11	14	0	2	2	2	6	38	26	114	18	0	16	2	14	16	2	0	0	2	0	16	2	16	0	0	0	16	0	46934	45562	45405	58322	618	602	455274	0	0	0	0	0
28562	785	2250	23416	8936	7847	7218	0	281	278	292	791	22599	637	73620	22779	591	22690	89	22011	22100	679	590	203	292	87	22690	882	22690	2258	2248	10	20442	2248	70350	68341	68095	86884	2876	2850	509660	0	0	0	0	0
281	6	0	47	13	14	18	0	2	2	2	6	41	27	117	20	1	13	7	11	12	2	1	0	1	0	13	2	13	0	0	0	13	0	70397	68361	68108	87165	2876	2850	657697	0	0	0	0	0
29348	827	2391	24023	9196	8162	7296	0	270	303	307	823	23185	639	75545	23384	596	23287	97	22557	22691	730	596	206	340	85	23287	936	23287	2393	2390	3	20897	2390	94420	91745	91395	116513	1173	1144	712071	0	0	0	0	0
250	7	0	34	11	9	10	0	1	3	3	6	28	25	79	9	0	6	3	5	6	1	0	0	1	0	6	1	6	0	0	0	6	0	94454	91754	91401	116763	1173	1144	860120	0	0	0	0	0
30273	816	2385	24797	9384	8446	7662	0	297	302	304	833	23939	722	77734	24075	602	23986	89	23272	23385	714	601	216	329	87	23986	930	23986	2390	2387	3	21599	2387	119251	115829	115387	147036	3563	3531	914494	0	0	0	0	0
279	1	0	41	15	8	10	0	2	3	5	10	31	26	108	15	0	12	3	12	12	0	0	0	0	0	12	0	12	0	0	0	12	0	119292	115844	115399	147315	3563	3531	1062543	0	0	0	0	0
29227	830	2400	23859	9099	8111	7339	0	279	279	289	794	23051	642	74918	23217	597	23138	79	22419	22541	719	597	203	325	97	23138	922	23138	2403	2400	3	20738	2400	143151	139061	138537	176542	1870	1835	1116917	0	0	0	0	0
229	2	0	42	11	13	11	0	6	3	1	9	33	22	106	20	0	12	8	10	12	2	0	0	2	0	12	2	12	0	0	0	12	0	143193	139081	138549	176771	1870	1835	1264955	0	0	0	0	0
29494	777	2358	24046	9095	8171	7420	0	292	314	311	854	23174	626	75669	23420	578	23326	94	22652	22748	674	578	237	333	83	23326	911	23326	2365	2356	9	20970	2356	167240	162501	161875	206265	139	95	1319338	0	0	0	0	0
256	2	0	39	10	10	14	0	3	1	1	5	34	24	93	15	0	9	6	9	9	0	0	0	0	0	9	0	9	0	0	0	9	0	167279	162516	161884	206521	139	95	1467378	0	0	0	0	0
29611	770	2387	24159	9137	8260	7512	0	270	288	284	785	23359	679	75812	23480	595	23399	81	22732	22804	667	595	225	297	101	23399	892	23399	2393	2387	6	21012	2387	191438	185996	185283	236133	2532	2482	1521761	0	0	0	0	0
272	3	0	45	12	10	15	0	4	2	2	8	37	25	114	20	1	17	3	16	16	1	1	0	0	0	17	1	17	0	0	0	17	0	191483	186016	185300	236405	2532	2482	1669801	0	0	0	0	0
29005	811	2311	23646	8965	8004	7263	0	290	275	283	793	22832	603	74339	23043	585	22963	80	22262	22378	701	585	225	341	79	22963	926	22963	2319	2312	7	20651	2312	215129	209059	208263	265410	755	698	1724173	0	0	0	0	0
253	4	0	39	10	9	14	0	6	1	1	8	31	21	109	18	1	16	2	15	15	1	1	0	0	0	16	1	16	0	0	0	16	0	215168	209077	208279	265664	755	698	1872224	0	0	0	0	0
28979	831	2437	23717	9027	8117	7235	0	306	277	258	773	22923	683	74397	23034	601	22949	85	22230	22348	719	601	207	325	81	22949	926	22949	2442	2435	7	20514	2435	238885	232111	231228	294643	3197	3133	1926596	0	0	0	0	0
288	8	0	50	19	18	11	0	4	3	0	6	44	34	120	16	2	14	2	11	12	3	2	1	2	0	14	4	14	0	0	0	14	0	238935	232127	231242	294932	3197	3133	2074647	0	0	0	0	0
29603	841	2370	24152	9187	8179	7470	0	261	291	288	775	23350	702	75779	23450	593	23369	81	22650	22776	719	593	209	335	90	23369	928	23369	2377	2369	8	21000	2369	263087	255577	254611	324535	1478	1406	2129019	0	0	0	0	0
284	6	0	53	15	19	14	0	2	3	3	8	45	30	138	23	2	19	4	18	17	1	2	1	0	0	19	2	19	0	0	0	19	0	263140	255600	254630	324821	1478	1406	2277059	0	0	0	0	0
29610	804	2451	24191	9122	8293	7445	0	275	283	301	808	23364	616	76018	23575	600	23499	76	22800	22899	699	600	221	320	81	23499	920	23499	2457	2450	7	21049	2450	287331	279175	278129	354431	3935	3856	2331442	0	0	0	0	0
262	5	0	37	11	7	16	0	3	2	1	6	31	22	97	15	1	9	6	6	8	3	1	0	2	0	9	3	9	0	0	0	9	0	287368	279190	278138	354693	3935	3856	2479482	0	0	0	0	0
29427	814	2353	24050	9033	8292	7350	0	242	295	307	791	23246	691	75616	23359	563	23279	80	22581	22716	698	563	207	342	79	23279	905	23279	2357	2351	6	20928	2351	311418	302549	301417	384121	2196	2111	2533865	0	0	0	0	0
248	5	0	34	4	14	6	0	3	2	5	10	24	22	84	12	1	10	2	8	9	2	1	0	1	0	10	2	10	0	0	0	10	0	311452	302561	301427	384369	2196	2111	2681903	0	0	0	0	0
28898	784	2384	23529	8834	8018	7327	0	297	270	276	797	22719	624	73913	22905	558	22831	74	22144	22273	687	558	211	340	71	22831	898	22831	2388	2382	6	20449	2382	334981	325466	324258	413267	488	397	2736288	0	0	0	0	0
257	5	0	52	15	15	16	0	2	2	3	7	45	30	126	22	0	15	7	13	15	2	0	0	2	0	15	2	15	0	0	0	15	0	335033	325488	324273	413524	488	397	2884326	0	0	0	0	0
29712	770	2350	24169	9145	8185	7497	0	268	284	287	790	23363	633	75982	23536	550	23458	78	22796	22908	662	550	205	317	82	23458	867	23458	2358	2349	9	21109	2349	359202	349024	347731	443236	2846	2746	2938699	0	0	0	0	0
256	1	0	36	10	4	11	0	4	6	2	11	25	23	91	13	0	11	2	11	11	0	0	0	0	0	11	0	11	0	0	0	11	0	359238	349037	347742	443492	2846	2746	3086749	0	0	0	0	0
29988	844	2376	24537	9319	8302	7625	0	262	276	293	771	23747	634	77253	23903	587	23812	91	23096	23225	716	587	207	336	86	23812	923	23812	2384	2376	8	21436	2376	383775	372940	371554	473480	1134	1026	3141124	0	0	0	0	0
274	4	0	47	11	13	10	0	4	8	3	15	32	30	114	17	0	16	1	14	16	2	0	0	2	0	16	2	16	0	0	0	16	0	383822	372957	371570	473755	1134	1026	3289172	0	0	0	0	0
28453	796	2240	23099	8850	7770	7153	0	287	244	267	728	22348	656	72509	22443	563	22361	82	21686	21798	675	563	205	317	81	22361	880	22361	2244	2240	4	20121	2240	406921	395400	393931	502208	3378	3266	3343545	0	0	0	0	0

processed_m4267_ME11_3000_test40_SRCoff_170709_052519_TMBCounters.txt																																													
alct0 valid pattern flag received	alct1 valid pattern flag received	raw hits readout   	Pretrigger   	Pretrigger on CFEB0	Pretrigger on CFEB1	Pretrigger on CFEB2	Pretrigger on CFEB3	Pretrigger on CFEB4	Pretrigger on CFEB5	Pretrigger on CFEB6	Pretrigger on ME1A CFEB 4-6 only	Pretrigger on ME1B CFEBs 0-3 only	Discarded, CLCT0 invalid pattern after drift	BX pretrig waiting for triads to dissipate	clct0 sent to TMB matching section	clct1 sent to TMB matching section	TMB accepted alct	TMB match reject event  	Matching found one ALCT	Matching found one CLCT	Matching found two ALCTs	Matching found two CLCTs	ALCT0 copied into ALCT1 to make 2nd LCT	CLCT0 copied into CLCT1 to make 2nd LCT	LCT1 has higher quality than LCT0 	Transmitted LCT0 to MPC	Transmitted LCT1 to MPC	MPC rejected both LCT0 and LCT1	L1A received   	L1A received, TMB in L1A window	L1A received, no TMB in window	TMB triggered, no L1A in window	TMB readouts completed	Pretrigger counter   	CLCT counter   	TMB trigger counter	ALCTs received counter	L1As received counter 	Readout counter 	Orbit counter	CLCT pre-trigger and ALCT coincidence counter	CFEB0 active flag sent to DMB for readout	CFEB1 active flag sent to DMB for readout	CFEB2 active flag sent to DMB for readout	CFEB3 active flag sent to DMB for readout
97	3	0	15	6	4	3	0	2	1	0	3	12	8	44	7	0	4	3	4	4	0	0	0	0	0	4	0	4	0	0	0	4	0	27	11	7	192	0	0	104801	0	0	0	0	0
739	14	0	127	34	33	37	0	12	8	8	26	101	64	336	63	1	47	16	43	46	4	1	0	3	0	47	4	47	0	0	0	47	0	154	74	54	932	0	0	509242	0	0	0	0	0
28573	790	2270	23316	8824	7917	7303	0	254	265	283	753	22549	664	72858	22652	578	22546	106	21859	21968	687	578	211	320	80	22546	898	22546	2276	2270	6	20276	2270	23470	22726	22600	29505	2276	2270	563615	0	0	0	0	0
791	7	0	134	43	39	38	0	7	1	10	18	116	78	345	56	0	45	11	44	45	1	0	0	1	0	45	1	45	0	0	0	45	0	23604	22782	22645	30296	2276	2270	968068	0	0	0	0	0
30048	850	2338	24559	9410	8267	7694	0	298	297	302	844	23702	699	76642	23860	627	23721	139	22985	23094	736	627	247	356	94	23721	983	23721	2340	2336	4	21385	2336	48163	46642	46366	60344	520	510	1022440	0	0	0	0	0
735	8	0	123	38	23	42	0	9	10	5	23	100	78	308	45	0	36	9	33	36	3	0	0	3	0	36	3	36	0	0	0	36	0	48286	46687	46402	61079	520	510	1426881	0	0	0	0	0
28632	821	2325	23449	8896	7980	7289	0	266	276	263	747	22686	623	73259	22826	605	22700	126	21988	22095	712	605	198	305	86	22700	910	22700	2331	2325	6	20375	2325	71735	69513	69102	89711	2851	2835	1481266	0	0	0	0	0
710	10	0	118	27	29	34	0	9	14	12	32	86	68	290	50	0	42	8	39	42	3	0	0	3	0	42	3	42	0	0	0	42	0	71853	69563	69144	90422	2851	2835	1885707	0	0	0	0	0
29528	881	2366	24088	9134	8212	7490	0	258	294	287	766	23291	697	75221	23391	665	23275	116	22527	22611	748	664	251	335	84	23275	999	23275	2372	2366	6	20909	2366	95942	92954	92419	119951	1127	1105	1940079	0	0	0	0	0
733	10	0	117	32	41	29	0	8	6	5	19	98	69	308	48	0	37	11	37	37	0	0	0	0	0	37	0	37	0	0	0	37	0	96059	93002	92456	120684	1127	1105	2344522	0	0	0	0	0
30568	881	2462	25161	9573	8539	7896	0	284	296	288	802	24341	735	78597	24426	649	24301	125	23543	23652	758	649	235	344	108	24301	993	24301	2469	2457	12	21844	2457	121220	117428	116757	151254	3596	3562	2398906	0	0	0	0	0
766	9	0	115	34	29	38	0	9	6	2	17	98	68	305	47	2	38	9	37	36	1	2	1	0	0	38	2	38	0	0	0	38	0	121335	117475	116795	152021	3596	3562	2803346	0	0	0	0	0
29446	799	2336	24052	9101	8147	7576	0	290	265	278	771	23262	695	75129	23357	603	23238	119	22545	22635	693	603	224	314	87	23238	917	23238	2342	2334	8	20904	2334	145387	140832	140033	181467	1842	1800	2857719	0	0	0	0	0
762	13	0	120	38	28	34	0	14	4	6	23	97	75	313	45	1	33	12	29	32	4	1	0	3	1	33	4	33	0	0	0	33	0	145507	140877	140066	182230	1842	1800	3262161	0	0	0	0	0
29111	849	2329	23851	9113	8127	7343	0	270	281	297	782	23050	646	74466	23205	579	23093	112	22343	22514	750	579	219	390	95	23093	969	23093	2335	2329	6	20764	2329	169358	164082	163159	211341	81	33	3316545	0	0	0	0	0
714	7	0	118	29	41	36	0	5	3	9	16	102	73	311	45	0	38	7	36	38	2	0	0	2	0	38	2	38	0	0	0	38	0	169476	164127	163197	212055	81	33	3720985	0	0	0	0	0
29174	835	2388	23900	9153	8121	7378	0	287	280	283	789	23092	642	74716	23258	626	23148	110	22414	22522	734	626	218	326	99	23148	952	23148	2397	2386	11	20762	2386	193376	187385	186345	241229	2478	2419	3775370	0	0	0	0	0
750	5	0	105	21	36	29	0	13	10	5	25	79	64	261	41	1	34	7	34	33	0	1	1	0	0	34	1	34	0	0	0	34	0	193481	187426	186379	241979	2478	2419	4179811	0	0	0	0	0
28879	817	2405	23749	8935	8219	7290	0	264	288	329	823	22910	643	74195	23106	602	23002	104	22281	22400	721	602	215	334	81	23002	936	23002	2409	2403	6	20599	2403	217230	210532	209381	270858	791	726	4234184	0	0	0	0	0
718	7	0	108	29	30	33	0	8	6	7	20	88	64	279	44	0	37	7	35	37	2	0	0	2	0	37	2	37	0	0	0	37	0	217338	210576	209418	271576	791	726	4638626	0	0	0	0	0
30623	888	2469	25165	9721	8364	7819	0	311	299	277	826	24318	704	78706	24461	649	24337	124	23569	23688	768	649	241	360	103	24337	1009	24337	2476	2469	7	21868	2469	242503	235037	233755	302199	3267	3195	4693009	0	0	0	0	0
753	14	0	119	34	32	38	0	5	7	8	20	99	66	315	53	0	43	10	39	43	4	0	0	4	0	43	4	43	0	0	0	43	0	242622	235090	233798	302952	3267	3195	5097450	0	0	0	0	0
29146	800	2363	23943	9064	8158	7449	0	271	300	286	794	23123	705	74822	23238	601	23118	120	22425	22517	693	601	237	329	89	23118	930	23118	2373	2362	11	20756	2362	266565	258328	256916	332098	1544	1461	5151822	0	0	0	0	0
741	17	0	124	37	37	33	0	10	7	5	22	102	83	314	41	1	35	6	33	34	2	1	0	1	0	35	2	35	0	0	0	35	0	266689	258369	256951	332839	1544	1461	5556265	0	0	0	0	0
28667	824	2294	23498	8900	7929	7402	0	263	290	307	801	22676	656	73468	22842	612	22740	102	22030	22129	710	611	241	340	79	22740	951	22740	2305	2292	13	20448	2292	290187	281211	279691	361506	3849	3753	5610639	0	0	0	0	0
780	8	0	115	34	27	37	0	6	5	9	19	96	64	302	51	0	44	7	42	44	2	0	0	2	0	44	2	44	0	0	0	44	0	290302	281262	279735	362286	3849	3753	6015091	0	0	0	0	0
30382	848	2486	24807	9392	8469	7739	0	315	285	271	802	23976	712	77556	24095	638	23970	125	23232	23333	738	637	255	356	97	23970	993	23970	2493	2486	7	21484	2486	315109	305357	303705	392669	2246	2143	6069463	0	0	0	0	0
723	9	0	108	29	34	33	0	7	6	3	16	92	67	267	41	0	35	6	33	35	2	0	0	2	0	35	2	35	0	0	0	35	0	315217	305398	303740	393392	2246	2143	6473905	0	0	0	0	0
28916	842	2317	23684	9021	8134	7299	0	265	268	287	769	22900	687	74037	22997	615	22880	117	22137	22265	743	615	216	344	83	22880	959	22880	2322	2318	4	20562	2318	338901	328395	326620	422309	472	365	6528288	0	0	0	0	0
744	10	0	133	28	40	42	0	17	9	11	31	99	74	350	59	4	49	10	45	45	4	4	1	1	1	49	5	49	0	0	0	49	0	339034	328454	326669	423053	472	365	6932730	0	0	0	0	0
11657	306	985	9547	3582	3256	2981	0	100	108	111	297	9240	304	29842	9243	231	9193	50	8925	8962	268	231	84	121	33	9193	352	9193	985	984	1	8209	984	348581	337697	335862	434710	1457	1349	6987102	0	0	0	0	0
746	14	0	109	28	29	37	0	6	9	4	17	91	67	273	42	1	32	10	29	31	3	1	1	3	0	32	4	32	0	0	0	32	0	348690	337739	335894	435457	1457	1349	7391554	0	0	0	0	0
29077	824	2340	23876	9150	8103	7286	0	266	296	312	814	23040	692	74558	23184	574	23072	112	22333	22498	739	574	200	365	88	23072	939	23072	2345	2338	7	20734	2338	372566	360923	358966	464535	3802	3687	7445927	0	0	0	0	0
733	10	0	122	27	30	40	0	12	8	8	28	94	75	301	47	1	33	14	30	32	3	1	0	2	0	33	3	33	0	0	0	33	0	372688	360970	358999	465268	3802	3687	7850367	0	0	0	0	0
28978	828	2322	23761	9007	8106	7366	0	270	295	283	791	22951	695	74257	23066	618	22934	132	22205	22317	729	617	218	330	81	22934	947	22934	2326	2321	5	20613	2321	396449	384036	381933	494247	2032	1912	7904752	0	0	0	0	0
788	7	0	115	37	30	32	0	12	6	7	24	90	62	294	53	2	44	9	42	42	2	2	1	1	0	44	3	44	0	0	0	44	0	396564	384089	381977	495035	2032	1912	8309193	0	0	0	0	0

