processed_m4332_ME21_HV0_test40_SRCoff_170710_080727_TMBCounters.txt																																													
alct0 valid pattern flag received	alct1 valid pattern flag received	raw hits readout   	Pretrigger   	Pretrigger on CFEB0	Pretrigger on CFEB1	Pretrigger on CFEB2	Pretrigger on CFEB3	Pretrigger on CFEB4	Pretrigger on CFEB5	Pretrigger on CFEB6	Pretrigger on ME1A CFEB 4-6 only	Pretrigger on ME1B CFEBs 0-3 only	Discarded, CLCT0 invalid pattern after drift	BX pretrig waiting for triads to dissipate	clct0 sent to TMB matching section	clct1 sent to TMB matching section	TMB accepted alct	TMB match reject event  	Matching found one ALCT	Matching found one CLCT	Matching found two ALCTs	Matching found two CLCTs	ALCT0 copied into ALCT1 to make 2nd LCT	CLCT0 copied into CLCT1 to make 2nd LCT	LCT1 has higher quality than LCT0 	Transmitted LCT0 to MPC	Transmitted LCT1 to MPC	MPC rejected both LCT0 and LCT1	L1A received   	L1A received, TMB in L1A window	L1A received, no TMB in window	TMB triggered, no L1A in window	TMB readouts completed	Pretrigger counter   	CLCT counter   	TMB trigger counter	ALCTs received counter	L1As received counter 	Readout counter 	Orbit counter	CLCT pre-trigger and ALCT coincidence counter	CFEB0 active flag sent to DMB for readout	CFEB1 active flag sent to DMB for readout	CFEB2 active flag sent to DMB for readout	CFEB3 active flag sent to DMB for readout
43727	1325	1834	16957	5418	5349	3760	2782	0	0	0	0	0	12592	33665	4365	145	4274	91	3780	4129	494	145	35	384	24	4274	529	4274	2310	169	2141	4105	169	16980	4372	4277	43894	2310	169	104813	14165	6362	6823	4885	3396
1392	24	0	256	68	75	64	59	0	0	0	0	0	188	521	68	5	32	36	27	27	5	5	1	1	1	32	6	32	0	0	0	32	0	17236	4440	4309	45286	2310	169	536255	103	78	96	77	66
42685	1287	1801	16396	5140	5091	3757	2765	0	0	0	0	0	12091	32687	4305	138	4213	92	3728	4075	485	138	28	375	22	4213	513	4213	2237	195	2042	4018	195	33632	8745	8522	87971	451	364	590628	13728	6076	6495	4735	3363
1391	21	0	248	64	66	67	56	0	0	0	0	0	190	488	58	2	21	37	19	19	2	2	0	0	0	21	2	21	0	0	0	21	0	33880	8803	8543	89362	451	364	1022070	92	72	88	87	62
41204	1361	1657	15876	5123	4917	3487	2703	0	0	0	0	0	11742	31610	4134	149	4022	112	3500	3873	522	149	27	400	32	4022	549	4022	2107	163	1944	3859	163	49756	12937	12565	130566	2558	527	1076431	13186	6070	6393	4473	3246
1482	18	0	261	68	72	63	63	0	0	0	0	0	182	549	79	1	31	48	30	31	1	0	0	1	0	31	1	31	0	0	0	31	0	50017	13016	12596	132048	2558	527	1507874	102	80	93	83	69
41416	1276	1762	15740	4994	4782	3625	2676	0	0	0	0	0	11630	31317	4110	139	4024	86	3575	3885	449	139	26	336	35	4024	475	4024	2199	181	2018	3843	181	65757	17126	16620	173466	661	708	1562246	13186	5880	6257	4647	3252
1464	24	0	218	43	70	55	54	0	0	0	0	0	158	457	60	2	24	36	22	22	2	2	1	1	0	24	3	24	0	0	0	24	0	65975	17186	16644	174930	661	708	1993677	91	55	88	70	60
41475	1294	1740	15938	5067	4990	3552	2721	0	0	0	0	0	11825	31580	4113	116	4026	87	3578	3911	448	115	23	356	22	4026	471	4026	2158	173	1985	3853	173	81913	21299	20670	216405	2819	881	2048050	13343	5967	6450	4561	3300
1361	30	0	245	65	70	56	59	0	0	0	0	0	178	499	67	2	30	37	27	29	3	1	0	2	1	30	3	30	0	0	0	30	0	82158	21366	20700	217768	2819	881	2479492	93	73	86	78	71
40281	1237	1690	15644	5030	4731	3565	2636	0	0	0	0	0	11591	31103	4053	117	3948	105	3506	3831	442	117	24	349	18	3948	466	3948	2127	142	1985	3806	142	97802	25419	24648	258049	850	1023	2533865	13096	5881	6141	4496	3189
1396	20	0	239	55	73	67	47	0	0	0	0	0	181	487	58	1	22	36	20	21	2	1	0	1	0	22	2	22	0	0	0	22	0	98041	25477	24670	259445	850	1023	2965296	93	73	91	85	60
39751	1246	1684	15364	4951	4708	3445	2627	0	0	0	0	0	11433	30303	3931	131	3854	77	3393	3723	461	131	30	360	29	3854	491	3854	2114	176	1938	3678	176	113405	29408	28524	299197	2964	1199	3019680	12851	5812	6132	4374	3212
1406	19	0	247	56	70	63	60	0	0	0	0	0	189	483	58	1	23	35	18	22	5	1	0	4	0	23	5	23	0	0	0	23	0	113652	29466	28547	300603	2964	1199	3451111	86	73	97	81	73
39654	1180	1651	15266	4792	4839	3407	2561	0	0	0	0	0	11278	30456	3988	122	3901	87	3478	3779	423	122	33	334	22	3901	456	3901	2113	144	1969	3757	144	128918	33454	32448	340258	981	1343	3505483	12818	5642	6158	4364	3101
1435	24	0	241	70	55	53	63	0	0	0	0	0	194	445	47	1	21	26	18	20	3	1	0	2	0	21	3	21	0	0	0	21	0	129159	33501	32469	341693	981	1343	3936915	95	77	76	71	66
41109	1250	1767	15955	5163	4858	3601	2668	0	0	0	0	0	11830	31670	4125	124	4039	86	3599	3915	440	124	21	337	28	4039	461	4039	2199	167	2032	3872	167	145114	37626	36508	382802	3180	1510	3991298	13378	6040	6303	4587	3273
1406	24	0	231	55	70	57	52	0	0	0	0	0	175	441	56	0	17	39	15	17	2	0	0	2	0	17	2	17	0	0	0	17	0	145345	37682	36525	384210	3180	1510	4422729	82	67	88	74	58
39772	1212	1629	15194	4736	4773	3425	2605	0	0	0	0	0	11291	30009	3903	118	3807	96	3394	3689	413	118	30	325	16	3807	443	3807	2100	141	1959	3666	141	160539	41585	40332	423982	1184	1651	4477102	12695	5605	6169	4426	3132
1415	11	0	222	60	60	54	56	0	0	0	0	0	162	445	60	0	20	40	20	20	0	0	0	0	0	20	0	20	0	0	0	20	0	160761	41645	40352	425397	1184	1651	4908544	80	66	77	71	62
41168	1243	1663	15888	4896	5017	3645	2667	0	0	0	0	0	11760	31450	4128	136	4057	71	3615	3921	442	136	35	341	19	4057	477	4057	2114	137	1977	3920	137	176649	45773	44409	466565	3298	1788	4962917	13288	5794	6430	4661	3259
1458	17	0	240	61	74	58	51	0	0	0	0	0	181	478	59	0	27	32	24	27	3	0	0	3	0	27	3	27	0	0	0	27	0	176889	45832	44436	468023	3298	1788	5394348	97	77	92	77	60
42438	1371	1858	16331	5221	5089	3687	2704	0	0	0	0	0	12159	32264	4172	133	4093	79	3606	3960	487	133	33	387	29	4093	520	4093	2316	201	2115	3892	201	193220	50004	48529	510462	1518	1989	5448721	13648	6104	6525	4722	3304
1376	20	0	234	58	72	53	52	0	0	0	0	0	175	453	59	0	21	38	20	21	1	0	0	1	0	21	1	21	0	0	0	21	0	193454	50063	48550	511838	1518	1989	5880163	86	73	88	69	60
40382	1253	1645	15576	4982	4804	3493	2643	0	0	0	0	0	11571	30913	4005	129	3914	91	3455	3785	459	129	19	349	16	3914	478	3914	2069	148	1921	3766	148	209030	54068	52464	552221	3587	2137	5934535	13004	5852	6211	4527	3208
1382	22	0	215	58	66	56	41	0	0	0	0	0	166	418	49	2	20	29	17	18	3	2	0	1	1	20	3	20	0	0	0	20	0	209246	54117	52484	553606	3587	2137	6365965	67	71	90	71	46
41923	1239	1815	16084	5022	4995	3604	2765	0	0	0	0	0	11945	31961	4139	134	4044	95	3603	3910	441	134	26	333	27	4044	467	4044	2252	166	2086	3878	166	225330	58256	56528	595529	1743	2303	6420340	13493	5935	6412	4651	3368
1411	16	0	233	66	64	42	67	0	0	0	0	0	184	457	49	1	16	33	15	15	1	1	0	0	1	16	1	16	0	0	0	16	0	225563	58305	56544	596940	1743	2303	6851781	83	77	84	53	73
40478	1216	1698	15653	5084	4764	3499	2656	0	0	0	0	0	11673	30946	3980	115	3885	95	3460	3770	425	115	26	336	23	3885	451	3885	2130	158	1972	3727	158	241216	62285	60429	637418	3873	2461	6906154	13112	5959	6186	4482	3230
1387	15	0	277	76	86	62	60	0	0	0	0	0	207	535	70	0	29	41	27	29	2	0	0	2	0	29	2	29	0	0	0	29	0	241493	62355	60458	638807	3873	2461	7337585	96	83	106	89	68
39503	1198	1589	15301	4945	4661	3430	2579	0	0	0	0	0	11344	30402	3957	112	3873	84	3452	3761	421	112	22	331	26	3873	443	3873	2042	149	1893	3724	149	256794	66312	64331	678310	1819	2610	7391969	12722	5765	6002	4363	3093
1432	23	0	244	60	65	50	70	0	0	0	0	0	188	470	56	0	18	38	17	18	1	0	0	1	0	18	1	18	0	0	0	18	0	257038	66368	64349	679742	1819	2610	7823400	85	70	85	70	77
38761	1176	1587	14941	4828	4552	3374	2500	0	0	0	0	0	11116	29601	3825	120	3737	88	3338	3617	399	120	28	307	27	3737	427	3737	2024	155	1869	3582	155	271979	70193	68086	718504	3843	2765	7877773	12419	5698	5900	4302	3021
1465	24	0	249	63	87	49	54	0	0	0	0	0	187	487	62	1	31	31	26	30	5	1	0	4	0	31	5	31	0	0	0	31	0	272228	70255	68117	719970	3843	2765	8309204	100	83	107	72	59
43144	1305	1821	16650	5393	5057	3740	2804	0	0	0	0	0	12369	33075	4281	145	4199	82	3739	4054	460	145	39	354	32	4199	499	4199	2269	183	2086	4016	183	288878	74536	72316	763114	2016	2948	8363587	13974	6328	6569	4803	3414
1392	21	0	242	70	61	48	69	0	0	0	0	0	193	466	49	2	20	29	16	18	4	2	0	2	0	20	4	20	0	0	0	20	0	289120	74585	72336	764506	2016	2948	8795029	86	83	80	69	71
40282	1216	1735	15416	5001	4811	3382	2558	0	0	0	0	0	11338	30691	4078	112	3989	89	3546	3877	443	112	23	354	14	3989	466	3989	2161	155	2006	3834	155	304536	78663	76325	804789	81	3103	8849402	12936	5864	6141	4366	3097
1405	22	0	206	50	62	44	55	0	0	0	0	0	162	401	44	1	15	29	12	14	3	1	0	2	0	15	3	15	0	0	0	15	0	304742	78707	76340	806195	81	3103	9280833	63	60	78	68	61
40754	1228	1852	15549	5172	4840	3389	2486	0	0	0	0	0	11443	30856	4106	119	4029	77	3590	3910	439	119	22	342	18	4029	461	4029	2285	197	2088	3832	197	320291	82813	80369	846949	2366	3300	9335207	12951	6049	6256	4359	3017
1419	23	0	222	45	60	57	62	0	0	0	0	0	173	427	49	1	20	29	16	19	4	1	0	3	0	20	4	20	0	0	0	20	0	320513	82862	80389	848368	2366	3300	9766637	82	54	73	73	69
40185	1199	1672	15380	4884	4795	3454	2597	0	0	0	0	0	11460	30324	3920	113	3844	76	3406	3731	438	113	25	350	28	3844	463	3844	2092	156	1936	3688	156	335893	86782	84233	888553	362	3456	9821010	12864	5740	6177	4442	3163
1429	22	0	241	74	78	55	40	0	0	0	0	0	183	474	58	0	24	34	21	24	3	0	0	3	0	24	3	24	0	0	0	24	0	336134	86840	84257	889982	362	3456	10252452	102	89	97	76	52
41243	1306	1714	15706	4984	4898	3474	2680	0	0	0	0	0	11666	31156	4040	131	3952	88	3495	3821	457	131	20	346	30	3952	477	3952	2169	158	2011	3794	158	351840	90880	88209	931225	2531	3614	10306825	13249	5909	6301	4474	3218
1394	17	0	243	68	63	56	61	0	0	0	0	0	183	485	60	2	21	39	19	19	2	2	0	0	0	21	2	21	0	0	0	21	0	352083	90940	88230	932620	2531	3614	10738256	92	78	92	74	76
40804	1256	1682	15623	4969	4850	3494	2648	0	0	0	0	0	11591	30978	4032	140	3949	83	3483	3809	466	140	28	354	28	3949	494	3949	2074	145	1929	3804	145	367706	94972	92179	973426	509	3759	10792628	13106	5847	6243	4501	3191
1442	16	0	237	57	67	66	47	0	0	0	0	0	164	493	73	0	24	49	22	24	2	0	0	2	0	24	2	24	0	0	0	24	0	367943	95045	92203	974868	509	3759	11224069	90	67	88	80	57

processed_m4333_ME21_HV0_test40_SRCoff_170710_082758_TMBCounters.txt																																													
alct0 valid pattern flag received	alct1 valid pattern flag received	raw hits readout   	Pretrigger   	Pretrigger on CFEB0	Pretrigger on CFEB1	Pretrigger on CFEB2	Pretrigger on CFEB3	Pretrigger on CFEB4	Pretrigger on CFEB5	Pretrigger on CFEB6	Pretrigger on ME1A CFEB 4-6 only	Pretrigger on ME1B CFEBs 0-3 only	Discarded, CLCT0 invalid pattern after drift	BX pretrig waiting for triads to dissipate	clct0 sent to TMB matching section	clct1 sent to TMB matching section	TMB accepted alct	TMB match reject event  	Matching found one ALCT	Matching found one CLCT	Matching found two ALCTs	Matching found two CLCTs	ALCT0 copied into ALCT1 to make 2nd LCT	CLCT0 copied into CLCT1 to make 2nd LCT	LCT1 has higher quality than LCT0 	Transmitted LCT0 to MPC	Transmitted LCT1 to MPC	MPC rejected both LCT0 and LCT1	L1A received   	L1A received, TMB in L1A window	L1A received, no TMB in window	TMB triggered, no L1A in window	TMB readouts completed	Pretrigger counter   	CLCT counter   	TMB trigger counter	ALCTs received counter	L1As received counter 	Readout counter 	Orbit counter	CLCT pre-trigger and ALCT coincidence counter	CFEB0 active flag sent to DMB for readout	CFEB1 active flag sent to DMB for readout	CFEB2 active flag sent to DMB for readout	CFEB3 active flag sent to DMB for readout
50386	2336	2099	44199	15544	12998	10002	7358	0	0	0	0	0	6887	130781	37312	1328	37079	233	35134	35752	1945	1327	469	1087	287	37079	2414	37079	2104	1780	324	35299	1780	44262	37333	37091	50590	2104	1780	104811	41860	17752	16782	13066	8862
1776	33	0	671	174	173	190	155	0	0	0	0	0	337	1615	334	7	194	140	179	187	15	7	4	12	0	194	19	194	0	0	0	194	0	44934	37667	37285	52368	2104	1780	536242	365	199	223	242	184
50197	2257	2130	44134	15624	13018	9806	7414	0	0	0	0	0	7013	130497	37121	1344	36854	267	35029	35511	1825	1343	477	959	272	36854	2302	36854	2138	1768	370	35086	1768	89068	74788	74139	102566	146	3548	590614	41698	17927	16828	13003	8783
1750	30	0	674	180	170	166	176	0	0	0	0	0	362	1617	312	4	191	121	181	187	10	4	2	8	1	191	12	191	0	0	0	191	0	89742	75100	74330	104317	146	3548	1022046	351	206	227	208	207
51027	2337	2177	44813	15765	13222	10065	7473	0	0	0	0	0	6887	132701	37926	1339	37661	265	35710	36326	1951	1335	469	1085	301	37661	2420	37661	2186	1809	377	35852	1809	134555	113026	111991	155344	2332	1261	1076429	42366	18031	17085	13289	8825
1763	21	0	655	166	152	168	178	0	0	0	0	0	351	1557	304	0	172	132	164	172	8	0	0	8	0	172	8	172	0	0	0	172	0	135210	113330	112163	157108	2332	1261	1507860	316	186	200	216	196
48985	2146	2036	43172	15167	12777	9624	7266	0	0	0	0	0	6783	127522	36389	1274	36114	275	34339	34842	1775	1272	415	918	272	36114	2190	36114	2050	1686	364	34428	1686	178382	149719	148277	206094	286	2947	1562233	40803	17401	16547	12843	8558
1785	36	0	638	166	159	163	166	0	0	0	0	0	315	1584	323	3	190	133	181	187	9	3	1	7	1	190	10	190	0	0	0	190	0	179020	150042	148467	207881	286	2947	1993675	325	188	214	201	190
49192	2155	2072	43262	15292	12827	9556	7260	0	0	0	0	0	6663	128119	36599	1327	36364	235	34581	35039	1783	1325	448	906	297	36364	2231	36364	2079	1732	347	34632	1732	222282	186641	184831	257074	2365	583	2048048	40991	17468	16556	12576	8680
1775	25	0	616	147	156	162	165	0	0	0	0	0	311	1493	305	3	184	121	174	182	10	2	0	8	1	184	10	184	0	0	0	184	0	222898	186946	185015	258849	2365	583	2479479	317	170	204	200	188
49352	2227	2108	43524	15288	12950	9695	7374	0	0	0	0	0	6899	129088	36625	1309	36360	265	34537	35055	1823	1305	460	978	272	36360	2283	36360	2113	1761	352	34599	1761	266422	223571	221375	308202	382	2344	2533863	41126	17445	16697	12773	8724
1731	32	0	612	157	164	153	149	0	0	0	0	0	321	1440	291	3	174	117	163	172	11	2	0	9	0	174	11	174	0	0	0	174	0	267034	223862	221549	309933	382	2344	2965294	306	180	219	205	178
50209	2228	2093	44117	15594	12966	9925	7444	0	0	0	0	0	6776	130644	37341	1341	37073	268	35222	35733	1851	1340	452	963	301	37073	2303	37073	2110	1731	379	35342	1731	311151	261203	258622	360142	2492	4075	3019666	41769	17779	16807	13052	8791
1820	35	0	604	183	136	146	160	0	0	0	0	0	294	1470	310	5	185	125	174	180	11	5	0	6	2	185	11	185	0	0	0	185	0	311755	261513	258807	361962	2492	4075	3451098	322	203	191	188	184
50405	2220	2107	44421	15705	13074	9935	7404	0	0	0	0	0	6928	131320	37493	1332	37217	276	35398	35886	1819	1331	471	959	268	37217	2290	37217	2119	1784	335	35433	1784	356177	299006	296024	412367	515	1763	3505481	41985	17902	16884	13085	8851
1765	24	0	611	152	160	149	162	0	0	0	0	0	311	1491	300	9	173	127	166	165	7	8	6	5	1	173	13	173	0	0	0	173	0	356788	299306	296197	414134	515	1763	3936912	321	174	206	195	190
52216	2331	2198	45955	16054	13706	10224	7775	0	0	0	0	0	7194	135906	38761	1361	38478	283	36544	37119	1934	1359	442	1017	255	38478	2376	38478	2207	1842	365	36636	1842	402743	338067	334675	466351	2722	3605	3991285	43373	18409	17518	13451	9167
1767	34	0	653	177	188	142	165	0	0	0	0	0	361	1550	292	5	164	128	158	160	6	4	1	3	0	164	7	164	0	0	0	164	0	403396	338359	334839	468118	2722	3605	4422716	337	208	243	186	183
51624	2337	2139	45507	15983	13488	10247	7650	0	0	0	0	0	7180	134732	38327	1337	38063	264	36153	36730	1910	1333	434	1011	289	38063	2344	38063	2146	1761	385	36302	1761	448903	376686	372902	519742	772	1270	4477103	42959	18260	17493	13563	9127
1785	31	0	639	172	186	137	154	0	0	0	0	0	344	1507	295	3	170	125	167	168	3	2	0	1	1	170	3	170	0	0	0	170	0	449542	376981	373072	521527	772	1270	4908531	333	195	241	182	177
50079	2262	2107	44145	15707	12938	9792	7379	0	0	0	0	0	6923	130758	37222	1252	36958	264	35078	35708	1880	1250	389	1019	278	36958	2269	36958	2120	1738	382	35220	1738	493687	414203	410030	571606	2892	3008	4962904	41733	17965	16674	12870	8795
1762	34	0	596	155	160	141	164	0	0	0	0	0	268	1503	328	2	187	141	173	186	14	1	0	13	0	187	14	187	0	0	0	187	0	494283	414531	410217	573368	2892	3008	5394346	302	175	206	187	181
48531	2167	2052	42551	15096	12541	9628	7038	0	0	0	0	0	6721	125839	35830	1287	35588	242	33812	34304	1776	1284	461	953	265	35588	2237	35588	2058	1701	357	33887	1701	536834	450361	445805	621900	854	613	5448718	40260	17228	16328	12598	8374
1693	34	0	645	171	164	137	195	0	0	0	0	0	325	1565	320	6	176	144	166	170	10	6	2	6	1	176	12	176	0	0	0	176	0	537480	450681	445981	623593	854	613	5880150	313	192	203	193	210
49029	2267	2110	43084	15183	12625	9752	7263	0	0	0	0	0	6578	127613	36506	1313	36256	250	34381	34944	1875	1312	415	978	279	36256	2290	36256	2120	1738	382	34518	1738	580564	487187	482237	672622	2974	2351	5934522	40760	17348	16414	12794	8607
1797	30	0	654	152	160	168	195	0	0	0	0	0	381	1524	273	5	154	119	145	149	9	5	2	6	1	154	11	154	0	0	0	154	0	581218	487460	482391	674419	2974	2351	6365964	336	171	207	208	218
49843	2244	2066	43847	15593	12802	9818	7297	0	0	0	0	0	6848	129575	36999	1283	36734	265	34901	35455	1833	1279	434	988	260	36734	2267	36734	2077	1731	346	35003	1731	625065	524459	519125	724262	955	4082	6420337	41410	17774	16622	12887	8693
1724	30	0	640	168	151	153	181	0	0	0	0	0	334	1548	306	6	182	124	176	178	6	4	2	4	1	182	8	182	0	0	0	182	0	625705	524765	519307	725989	955	4082	6851768	339	190	201	210	207
47499	2078	1958	41750	14826	12341	9087	7105	0	0	0	0	0	6581	123170	35169	1256	34919	250	33188	33666	1731	1253	439	917	255	34919	2170	34919	1965	1625	340	33294	1625	667455	559934	554226	773488	2920	1611	6906152	39446	16973	15941	12130	8362
1798	35	0	667	175	173	171	166	0	0	0	0	0	345	1623	322	6	195	127	182	190	13	5	2	10	1	195	15	195	0	0	0	195	0	668122	560256	554421	775286	2920	1611	7337583	353	208	223	224	190
47581	2108	2023	41817	14766	12405	9335	7063	0	0	0	0	0	6431	123762	35386	1227	35156	230	33419	33931	1737	1225	393	905	254	35156	2130	35156	2033	1649	384	33507	1649	709939	595642	589577	822868	857	3260	7391956	39548	16919	15966	12238	8327
1771	29	0	636	179	160	159	164	0	0	0	0	0	338	1519	298	7	175	123	164	169	11	6	2	7	2	175	13	175	0	0	0	175	0	710575	595940	589752	824639	857	3260	7823387	336	204	210	197	187
48769	2237	2069	42866	15154	12735	9520	7223	0	0	0	0	0	6788	126591	36078	1321	35830	248	34006	34512	1824	1318	459	965	276	35830	2283	35830	2078	1702	376	34128	1702	753441	632018	625582	873408	2935	866	7877770	40525	17337	16422	12626	8531
1760	25	0	655	174	176	161	164	0	0	0	0	0	353	1539	302	0	188	114	181	188	7	0	0	7	0	188	7	188	0	0	0	188	0	754096	632320	625770	875170	2935	866	8309202	347	201	229	210	183
47679	2226	2030	41986	14918	12262	9310	7126	0	0	0	0	0	6547	124276	35439	1283	35165	274	33350	33883	1815	1282	465	998	254	35165	2280	35165	2042	1692	350	33473	1692	796082	667759	660935	922850	881	2558	8363574	39709	17083	15847	12272	8414
1765	29	0	664	178	168	178	165	0	0	0	0	0	334	1630	330	7	206	124	196	200	10	6	2	6	1	206	12	206	0	0	0	206	0	796746	668089	661141	924615	881	2558	8795006	359	203	214	226	203
52402	2457	2197	46121	16339	13559	10215	7798	0	0	0	0	0	7089	136535	39032	1380	38763	269	36731	37383	2032	1380	428	1080	287	38763	2460	38763	2206	1809	397	36954	1809	842867	707121	699904	977017	3087	271	8849381	43664	18716	17531	13457	9270
1792	33	0	630	150	175	149	169	0	0	0	0	0	317	1522	313	4	183	130	174	180	9	3	1	7	1	183	10	183	0	0	0	183	0	843497	707434	700087	978809	3087	271	9280820	340	176	224	206	190

processed_m4334_ME21_HV0_test40_SRCoff_170710_084359_TMBCounters.txt																																													
alct0 valid pattern flag received	alct1 valid pattern flag received	raw hits readout   	Pretrigger   	Pretrigger on CFEB0	Pretrigger on CFEB1	Pretrigger on CFEB2	Pretrigger on CFEB3	Pretrigger on CFEB4	Pretrigger on CFEB5	Pretrigger on CFEB6	Pretrigger on ME1A CFEB 4-6 only	Pretrigger on ME1B CFEBs 0-3 only	Discarded, CLCT0 invalid pattern after drift	BX pretrig waiting for triads to dissipate	clct0 sent to TMB matching section	clct1 sent to TMB matching section	TMB accepted alct	TMB match reject event  	Matching found one ALCT	Matching found one CLCT	Matching found two ALCTs	Matching found two CLCTs	ALCT0 copied into ALCT1 to make 2nd LCT	CLCT0 copied into CLCT1 to make 2nd LCT	LCT1 has higher quality than LCT0 	Transmitted LCT0 to MPC	Transmitted LCT1 to MPC	MPC rejected both LCT0 and LCT1	L1A received   	L1A received, TMB in L1A window	L1A received, no TMB in window	TMB triggered, no L1A in window	TMB readouts completed	Pretrigger counter   	CLCT counter   	TMB trigger counter	ALCTs received counter	L1As received counter 	Readout counter 	Orbit counter	CLCT pre-trigger and ALCT coincidence counter	CFEB0 active flag sent to DMB for readout	CFEB1 active flag sent to DMB for readout	CFEB2 active flag sent to DMB for readout	CFEB3 active flag sent to DMB for readout
49974	2350	2052	44586	16107	13157	9890	7663	0	0	0	0	0	1769	142863	42817	1822	42512	305	40462	40691	2050	1821	626	855	321	42512	2676	42512	2056	2013	43	40499	2013	44670	42862	42540	50200	2056	2013	104814	37097	18308	16938	13058	9038
1791	35	0	672	179	164	169	184	0	0	0	0	0	309	1770	363	13	240	123	224	227	16	13	6	9	3	240	22	240	0	0	0	240	0	45342	43225	42780	51992	2056	2013	536244	334	199	206	221	210
50434	2385	2147	45039	16038	13402	10180	7682	0	0	0	0	0	1730	144318	43309	1783	43017	292	40918	41236	2099	1781	608	926	347	43017	2707	43017	2158	2116	42	40901	2116	90381	86534	85797	102426	118	33	590616	37457	18277	17301	13415	9105
1867	25	0	741	209	172	181	200	0	0	0	0	0	363	1864	378	7	248	130	244	242	4	6	3	1	1	248	7	248	0	0	0	248	0	91122	86912	86045	104293	118	33	1022060	397	228	229	240	224
48961	2383	2018	43683	15469	13027	9878	7474	0	0	0	0	0	1693	140031	41990	1772	41710	280	39608	39940	2102	1770	590	922	339	41710	2692	41710	2026	1979	47	39731	1979	134805	128902	127755	153255	2144	2012	1076431	36326	17652	16728	13053	8903
1852	40	0	760	190	199	188	208	0	0	0	0	0	379	1934	381	8	244	137	229	236	15	8	4	11	2	244	19	244	0	0	0	244	0	135565	129283	127999	155107	2144	2012	1507875	379	216	251	237	233
48338	2224	2075	43219	15442	12832	9716	7360	0	0	0	0	0	1684	138529	41535	1632	41246	289	39327	39616	1919	1630	591	880	330	41246	2510	41246	2085	2033	52	39213	2033	178784	170818	169245	203445	133	4045	1562248	36064	17680	16543	12659	8784
1886	36	0	754	201	203	183	199	0	0	0	0	0	378	1901	376	6	247	129	233	241	14	6	0	8	3	247	14	247	0	0	0	247	0	179538	171194	169492	205332	133	4045	1993677	405	234	259	243	234
48197	2301	2049	43098	15529	12576	9818	7391	0	0	0	0	0	1671	138195	41427	1733	41133	294	39094	39401	2039	1732	593	900	338	41133	2632	41133	2053	2014	39	39119	2014	222636	212621	210625	253529	2186	1963	2048062	35873	17678	16243	12867	8797
1844	30	0	768	224	200	170	193	0	0	0	0	0	368	1968	400	7	238	162	231	233	7	5	2	4	1	238	9	238	0	0	0	238	0	223404	213021	210863	255373	2186	1963	2479483	357	248	264	224	219
47612	2265	2034	42610	15384	12585	9697	7085	0	0	0	0	0	1691	136481	40919	1725	40655	264	38674	38931	1981	1724	588	845	337	40655	2569	40655	2040	2002	38	38653	2002	266014	253940	251518	302985	130	3965	2533856	35506	17531	16345	12718	8484
1829	25	0	739	215	185	172	195	0	0	0	0	0	344	1892	395	12	243	152	231	232	12	11	6	7	4	243	18	243	0	0	0	243	0	266754	254335	251761	304815	130	3965	2965296	356	243	251	222	222
49173	2375	2051	43995	15631	13165	9921	7505	0	0	0	0	0	1704	141090	42291	1733	42008	283	39918	40277	2090	1731	569	928	338	42008	2659	42008	2064	2016	48	39992	2016	310749	296626	293769	353988	2194	1885	3019668	36611	17829	17000	13103	8889
1835	35	0	750	186	204	169	214	0	0	0	0	0	361	1921	389	8	227	162	213	219	14	8	4	10	6	227	18	227	0	0	0	227	0	311500	297016	293997	355824	2194	1885	3451100	372	217	259	235	234
47904	2225	2048	42638	15184	12676	9781	7189	0	0	0	0	0	1667	136657	40971	1793	40719	252	38789	38932	1930	1787	645	788	371	40719	2575	40719	2059	2016	43	38703	2016	354138	337987	334716	403728	157	3901	3505483	35571	17340	16438	12970	8533
1904	35	0	752	198	191	203	185	0	0	0	0	0	355	1931	397	10	237	160	225	230	12	7	3	8	1	237	15	237	0	0	0	237	0	354890	338384	334953	405632	157	3901	3936916	353	227	248	249	218
56149	2743	2384	50072	17743	14909	11289	8682	0	0	0	0	0	1890	160949	48182	2052	47876	306	45460	45826	2416	2050	702	1068	386	47876	3118	47876	2391	2345	46	45531	2345	404964	386567	382829	461783	2548	2150	3991287	41523	20182	19086	14894	10235
1850	31	0	721	195	216	162	172	0	0	0	0	0	346	1847	375	8	227	148	213	219	14	8	3	9	1	227	17	227	0	0	0	227	0	405686	386943	383057	463635	2548	2150	4422729	356	225	264	217	196
48629	2255	2080	43491	15721	12820	9731	7441	0	0	0	0	0	1674	139360	41817	1732	41552	265	39583	39822	1969	1730	601	840	316	41552	2570	41552	2091	2051	40	39501	2051	449177	428760	424609	512264	543	105	4477104	36178	17915	16719	12844	8746
1869	32	0	703	189	175	180	183	0	0	0	0	0	327	1789	376	10	240	136	226	231	14	9	2	7	2	240	16	240	0	0	0	240	0	449880	429136	424849	514133	543	105	4908533	353	214	221	223	209
49251	2254	2001	44112	16025	13032	9891	7365	0	0	0	0	0	1648	141362	42464	1766	42177	287	40157	40411	2020	1766	581	835	360	42177	2601	42177	2011	1974	37	40203	1974	493992	471600	467026	563384	2554	2079	4962907	36732	18264	16854	12965	8703
1914	33	0	710	188	192	168	175	0	0	0	0	0	328	1794	382	3	246	136	231	243	15	3	1	13	1	246	16	246	0	0	0	246	0	494702	471982	467272	565299	2554	2079	5394348	354	226	244	226	198
49015	2230	2067	43762	15685	12920	9816	7542	0	0	0	0	0	1653	140334	42109	1709	41822	287	39901	40118	1921	1704	619	836	310	41822	2540	41822	2071	2027	44	39795	2027	538465	514092	509095	614315	529	10	5448722	36460	17925	16731	12996	8935
1829	28	0	758	207	184	192	198	0	0	0	0	0	366	1935	392	9	235	157	225	227	10	8	4	6	2	235	14	235	0	0	0	235	0	539223	514484	509330	616144	529	10	5880151	352	226	255	243	222
49007	2297	2098	43947	15817	12955	9893	7457	0	0	0	0	0	1670	140863	42277	1727	41981	296	39964	40256	2017	1725	570	862	324	41981	2587	41981	2106	2068	38	39913	2068	583170	556761	551311	665152	2635	2078	5934527	36534	18045	16770	13060	8825
1744	33	0	709	192	170	184	178	0	0	0	0	0	327	1825	382	9	227	155	217	218	10	9	4	5	4	227	14	227	0	0	0	227	0	583879	557143	551538	666896	2635	2078	6365968	335	211	224	235	206
49722	2334	2113	44340	16126	13107	9770	7505	0	0	0	0	0	1754	141917	42586	1732	42310	276	40257	40579	2053	1731	606	928	326	42310	2659	42310	2123	2079	44	40231	2079	628219	599729	593848	716618	662	61	6420341	36957	18413	16914	12947	8905
1851	27	0	713	200	193	172	170	0	0	0	0	0	364	1795	349	6	215	134	208	210	7	5	2	4	1	215	9	215	0	0	0	215	0	628933	600079	594064	718470	662	61	6851771	356	231	243	230	189
48264	2358	1963	43214	15402	12919	9772	7317	0	0	0	0	0	1622	138384	41592	1811	41294	298	39208	39484	2086	1810	631	907	354	41294	2717	41294	1971	1922	49	39372	1922	672147	641671	635358	766735	2633	1983	6906155	36092	17582	16733	12928	8709
1797	30	0	733	203	188	172	195	0	0	0	0	0	362	1858	371	10	223	148	214	216	9	7	3	5	2	223	12	223	0	0	0	223	0	672881	642043	635581	768532	2633	1983	7337585	351	227	250	217	224
49191	2324	2051	44024	15767	13119	9833	7536	0	0	0	0	0	1696	141172	42328	1798	42038	290	39987	40242	2051	1796	632	887	370	42038	2683	42038	2055	2013	42	40025	2013	716907	684373	677621	817726	592	3996	7391959	36532	18028	16860	13007	8878
1784	32	0	669	192	186	165	148	0	0	0	0	0	314	1681	355	8	204	151	197	196	7	8	4	3	1	204	11	204	0	0	0	204	0	717576	684728	677825	819511	592	3996	7823389	306	224	240	206	172
48266	2157	2000	43147	15417	12809	9729	7344	0	0	0	0	0	1743	138365	41404	1699	41114	290	39209	39416	1905	1698	628	835	323	41114	2533	41114	2013	1957	56	39157	1957	760724	726132	718939	867777	2605	1857	7877774	35966	17602	16440	12791	8747
1873	30	0	766	196	203	203	191	0	0	0	0	0	359	1965	407	9	260	147	247	252	13	8	1	6	4	260	14	260	0	0	0	260	0	761490	726539	719199	869650	2605	1857	8309204	380	230	257	260	234
50926	2342	2093	45589	16257	13411	10402	7762	0	0	0	0	0	1757	146096	43832	1775	43531	300	41441	41761	2090	1770	617	937	312	43531	2707	43531	2100	2053	47	41478	2053	807079	770371	762730	920576	609	3910	8363576	37954	18538	17331	13650	9195
1770	26	0	703	165	176	176	199	0	0	0	0	0	325	1801	378	4	247	131	237	243	10	4	0	6	1	247	10	247	0	0	0	247	0	807782	770749	762977	922346	609	3910	8795018	363	194	224	226	228
48140	2305	2015	42923	15288	12774	9707	7361	0	0	0	0	0	1555	137638	41368	1755	41092	275	39067	39339	2025	1753	618	890	365	41092	2643	41092	2024	1993	31	39099	1993	850706	812118	804070	970487	2633	1807	8849391	35782	17491	16468	12729	8690
1843	35	0	680	173	193	166	173	0	0	0	0	0	338	1729	342	10	219	123	205	209	14	10	3	7	3	219	17	219	0	0	0	219	0	851387	812460	804289	972333	2633	1807	9280822	339	192	233	215	201

processed_m4335_ME21_HV0_test40_SRCoff_170710_090226_TMBCounters.txt																																													
alct0 valid pattern flag received	alct1 valid pattern flag received	raw hits readout   	Pretrigger   	Pretrigger on CFEB0	Pretrigger on CFEB1	Pretrigger on CFEB2	Pretrigger on CFEB3	Pretrigger on CFEB4	Pretrigger on CFEB5	Pretrigger on CFEB6	Pretrigger on ME1A CFEB 4-6 only	Pretrigger on ME1B CFEBs 0-3 only	Discarded, CLCT0 invalid pattern after drift	BX pretrig waiting for triads to dissipate	clct0 sent to TMB matching section	clct1 sent to TMB matching section	TMB accepted alct	TMB match reject event  	Matching found one ALCT	Matching found one CLCT	Matching found two ALCTs	Matching found two CLCTs	ALCT0 copied into ALCT1 to make 2nd LCT	CLCT0 copied into CLCT1 to make 2nd LCT	LCT1 has higher quality than LCT0 	Transmitted LCT0 to MPC	Transmitted LCT1 to MPC	MPC rejected both LCT0 and LCT1	L1A received   	L1A received, TMB in L1A window	L1A received, no TMB in window	TMB triggered, no L1A in window	TMB readouts completed	Pretrigger counter   	CLCT counter   	TMB trigger counter	ALCTs received counter	L1As received counter 	Readout counter 	Orbit counter	CLCT pre-trigger and ALCT coincidence counter	CFEB0 active flag sent to DMB for readout	CFEB1 active flag sent to DMB for readout	CFEB2 active flag sent to DMB for readout	CFEB3 active flag sent to DMB for readout
47946	2325	2017	43009	15316	12878	9660	7456	0	0	0	0	0	1368	138097	41641	1817	41359	282	39312	39544	2047	1815	625	857	322	41359	2672	41359	2029	2008	21	39351	2008	43089	41679	41379	48157	2029	2008	104803	31790	17478	16473	12770	8800
1829	35	0	794	201	200	199	219	0	0	0	0	0	370	2038	424	9	251	173	237	244	14	7	2	9	1	251	16	251	0	0	0	251	0	43884	42103	41630	49987	2029	2008	536234	360	233	254	248	253
48372	2277	2046	43312	15663	12766	9726	7371	0	0	0	0	0	1337	139188	41975	1764	41664	311	39648	39901	2016	1763	595	848	330	41664	2611	41664	2052	2025	27	39639	2025	87196	84078	83294	98359	4081	4033	590617	31973	17781	16571	12861	8711
1758	39	0	694	193	161	174	190	0	0	0	0	0	319	1788	375	8	227	148	212	221	15	6	1	10	1	227	16	227	0	0	0	227	0	87891	84454	83522	100119	4081	4033	1022049	312	218	200	215	218
48988	2370	1965	43905	15726	12950	10025	7506	0	0	0	0	0	1358	141113	42547	1868	42256	291	40130	40390	2126	1866	583	843	342	42256	2709	42256	1979	1946	33	40310	1946	131796	127001	125778	149109	1964	1883	1076421	32550	17945	16700	13171	8958
1822	38	0	757	185	206	219	170	0	0	0	0	0	357	1933	400	7	245	155	229	238	16	7	3	12	0	245	19	245	0	0	0	245	0	132553	127401	126023	150931	1964	1883	1507863	340	222	264	274	199
52829	2570	2273	47329	17041	14014	10756	8123	0	0	0	0	0	1471	152113	45858	2031	45558	300	43287	43531	2271	2027	684	928	357	45558	2955	45558	2282	2258	24	43300	2258	179882	173259	171581	203760	150	45	1562236	34927	19491	18050	14089	9633
1895	39	0	755	211	178	203	188	0	0	0	0	0	353	1950	402	4	252	150	235	248	17	4	0	13	1	252	17	252	0	0	0	252	0	180637	173661	171833	205655	150	45	1993667	332	234	248	252	217
50919	2453	2140	45540	16446	13687	10131	7726	0	0	0	0	0	1390	146335	44150	1914	43870	280	41720	41960	2150	1910	648	888	346	43870	2798	43870	2152	2122	30	41748	2122	226177	217811	215703	256574	2302	2167	2048039	33793	18848	17538	13414	9137
1824	39	0	748	212	194	188	174	0	0	0	0	0	337	1967	411	5	259	152	248	254	11	5	4	10	1	259	15	259	0	0	0	259	0	226925	218222	215962	258398	2302	2167	2479482	339	235	251	237	200
47804	2260	1975	42821	15337	12632	9694	7426	0	0	0	0	0	1355	137539	41466	1777	41200	266	39200	39426	2000	1774	612	838	345	41200	2612	41200	1979	1955	24	39245	1955	269747	259689	257163	306203	185	26	2533854	31685	17503	16304	12848	8786
1828	42	0	740	189	189	185	201	0	0	0	0	0	322	1940	418	6	270	148	253	264	17	6	0	11	2	270	17	270	0	0	0	270	0	270487	260107	257433	308031	185	26	2965286	334	220	245	223	230
48018	2320	2090	43008	15541	12850	9691	7293	0	0	0	0	0	1334	138102	41674	1836	41371	303	39317	39537	2054	1834	614	834	311	41371	2668	41371	2098	2073	25	39298	2073	313495	301781	298804	356049	2283	2099	3019659	31850	17687	16491	12773	8646
1860	26	0	736	204	212	157	180	0	0	0	0	0	324	1910	412	4	257	155	247	254	10	3	0	7	2	257	10	257	0	0	0	257	0	314231	302193	299061	357909	2283	2099	3451101	345	237	268	215	204
48090	2204	2057	43008	15429	12913	9644	7395	0	0	0	0	0	1356	138058	41652	1756	41373	279	39425	39618	1948	1755	624	817	329	41373	2572	41373	2060	2045	15	39328	2045	357239	343845	340434	405999	247	48	3505473	31667	17624	16552	12664	8703
1879	30	0	716	198	184	172	189	0	0	0	0	0	339	1836	377	9	224	153	214	216	10	8	1	3	3	224	11	224	0	0	0	224	0	357955	344222	340658	407878	247	48	3936904	317	226	243	233	208
47758	2236	2003	42813	15355	12802	9577	7403	0	0	0	0	0	1338	137346	41475	1772	41194	281	39251	39426	1943	1768	642	817	310	41194	2585	41194	2013	1981	32	39213	1981	400768	385697	381852	455636	2260	2029	3991288	31771	17533	16537	12734	8742
1863	37	0	728	198	180	187	191	0	0	0	0	0	319	1896	409	7	260	149	242	253	18	7	1	12	0	260	19	260	0	0	0	260	0	401496	386106	382112	457501	2260	2029	4422719	334	220	240	234	220
48020	2269	1979	43016	15458	12770	9775	7290	0	0	0	0	0	1308	138136	41708	1779	41426	282	39436	39651	1990	1775	594	809	335	41426	2584	41426	1981	1959	22	39467	1959	444512	427814	423538	505521	145	3988	4477092	31909	17645	16479	12806	8667
1805	32	0	732	206	195	183	171	0	0	0	0	0	355	1880	377	3	242	135	236	241	6	1	1	6	0	242	7	242	0	0	0	242	0	445244	428191	423780	507327	145	3988	4908524	360	240	250	243	202
49005	2391	2058	43952	15912	12957	9994	7463	0	0	0	0	0	1395	141353	42557	1846	42273	284	40166	40428	2107	1845	639	901	352	42273	2746	42273	2063	2032	31	40241	2032	489198	470749	466053	556333	2208	1924	4962906	32500	18128	16749	13005	8842
1813	29	0	715	208	183	183	167	0	0	0	0	0	336	1854	379	5	223	156	212	219	11	4	2	9	2	223	13	223	0	0	0	223	0	489914	471129	466277	558147	2208	1924	5394338	329	239	235	224	198
49040	2360	2072	43924	15854	13162	9826	7434	0	0	0	0	0	1401	141212	42523	1911	42236	287	40128	40328	2108	1908	656	856	345	42236	2764	42236	2085	2052	33	40184	2052	533838	513652	508513	607187	197	3976	5448721	32422	18215	16886	12984	8786
1876	35	0	742	179	212	187	185	0	0	0	0	0	338	1939	404	10	235	169	222	230	13	5	3	11	0	235	16	235	0	0	0	235	0	534580	514056	508748	609063	197	3976	5880141	308	203	277	259	215
48241	2322	1975	43144	15530	12824	9779	7298	0	0	0	0	0	1344	138735	41800	1833	41507	293	39460	39676	2047	1831	651	867	351	41507	2698	41507	1986	1961	25	39546	1961	577724	555856	550255	657304	2183	1841	5934536	31974	17778	16579	12875	8625
1924	23	0	777	211	173	201	210	0	0	0	0	0	372	1992	405	9	246	159	236	237	10	9	6	7	2	246	16	246	0	0	0	246	0	578501	556261	550501	659228	2183	1841	6365968	356	237	244	248	236
49453	2318	2066	44162	15823	13093	9986	7685	0	0	0	0	0	1373	141957	42789	1854	42514	275	40471	40662	2043	1852	673	864	324	42514	2716	42514	2077	2042	35	40472	2042	622663	599050	593015	708682	164	3883	6420329	32979	18121	16910	13178	9060
1864	26	0	704	200	166	182	172	0	0	0	0	0	325	1811	379	5	223	156	214	218	9	5	2	6	1	223	11	223	0	0	0	223	0	623367	599429	593238	710546	164	3883	6851771	321	226	222	231	192
47450	2217	1987	42605	15423	12462	9544	7472	0	0	0	0	0	1384	136680	41221	1742	40937	284	38972	39198	1965	1739	615	841	314	40937	2580	40937	1996	1966	30	38971	1966	665972	640650	634175	757996	2160	1753	6906155	31568	17601	16115	12631	8829
1932	32	0	763	207	194	197	187	0	0	0	0	0	349	1979	414	6	240	174	226	234	14	6	4	12	0	240	18	240	0	0	0	240	0	666735	641064	634415	759928	2160	1753	7337575	346	250	250	246	217
49590	2390	2062	44393	15808	13153	10060	7755	0	0	0	0	0	1428	142603	42965	1843	42677	288	40566	40835	2111	1842	586	855	330	42677	2697	42677	2072	2043	29	40634	2043	711128	684029	677092	809519	136	3796	7391948	32910	18121	16983	13309	9191
1768	30	0	756	214	189	177	200	0	0	0	0	0	374	1910	382	8	244	138	234	238	10	6	1	5	1	244	11	244	0	0	0	244	0	711884	684411	677336	811287	136	3796	7823389	350	239	256	240	232
47863	2230	2002	42871	15481	12660	9693	7324	0	0	0	0	0	1302	137849	41569	1790	41282	287	39296	39494	1986	1788	635	833	322	41282	2621	41282	2009	1983	26	39299	1983	754755	725980	718618	859151	2145	1683	7877762	31802	17650	16334	12801	8696
1803	38	0	732	198	193	181	192	0	0	0	0	0	339	1892	393	7	239	154	225	234	14	5	2	11	0	239	16	239	0	0	0	239	0	755487	726373	718857	860954	2145	1683	8309193	333	215	249	234	221
48255	2344	2090	43318	15487	12864	9768	7479	0	0	0	0	0	1376	138946	41942	1854	41631	311	39561	39782	2070	1849	632	853	317	41631	2702	41631	2096	2067	29	39564	2067	798805	768315	760488	909210	145	3750	8363577	32192	17675	16543	12886	8911
1872	18	0	729	184	187	186	194	0	0	0	0	0	351	1850	378	7	221	157	214	215	7	6	4	5	1	221	11	221	0	0	0	221	0	799534	768693	760709	911083	145	3750	8795008	316	211	226	236	213
49848	2317	2067	44600	16039	13387	9994	7590	0	0	0	0	0	1429	143217	43171	1842	42904	267	40849	41064	2055	1840	641	856	376	42904	2696	42904	2073	2049	24	40855	2049	844134	811864	803613	960931	2218	1703	8849381	33044	18286	17212	13143	8971
1787	33	0	720	185	187	174	193	0	0	0	0	0	345	1833	375	9	245	130	229	236	16	9	2	9	2	245	18	245	0	0	0	245	0	844854	812239	803858	962719	2218	1703	9280812	317	237	238	219	214

processed_m4336_ME21_HV0_test40_SRCoff_170710_091911_TMBCounters.txt																																													
alct0 valid pattern flag received	alct1 valid pattern flag received	raw hits readout   	Pretrigger   	Pretrigger on CFEB0	Pretrigger on CFEB1	Pretrigger on CFEB2	Pretrigger on CFEB3	Pretrigger on CFEB4	Pretrigger on CFEB5	Pretrigger on CFEB6	Pretrigger on ME1A CFEB 4-6 only	Pretrigger on ME1B CFEBs 0-3 only	Discarded, CLCT0 invalid pattern after drift	BX pretrig waiting for triads to dissipate	clct0 sent to TMB matching section	clct1 sent to TMB matching section	TMB accepted alct	TMB match reject event  	Matching found one ALCT	Matching found one CLCT	Matching found two ALCTs	Matching found two CLCTs	ALCT0 copied into ALCT1 to make 2nd LCT	CLCT0 copied into CLCT1 to make 2nd LCT	LCT1 has higher quality than LCT0 	Transmitted LCT0 to MPC	Transmitted LCT1 to MPC	MPC rejected both LCT0 and LCT1	L1A received   	L1A received, TMB in L1A window	L1A received, no TMB in window	TMB triggered, no L1A in window	TMB readouts completed	Pretrigger counter   	CLCT counter   	TMB trigger counter	ALCTs received counter	L1As received counter 	Readout counter 	Orbit counter	CLCT pre-trigger and ALCT coincidence counter	CFEB0 active flag sent to DMB for readout	CFEB1 active flag sent to DMB for readout	CFEB2 active flag sent to DMB for readout	CFEB3 active flag sent to DMB for readout
47560	2208	1976	42580	15279	12732	9563	7336	0	0	0	0	0	1175	136441	41405	1773	41089	316	39148	39323	1941	1766	613	788	290	41089	2554	41089	1984	1966	18	39123	1966	42672	41459	41116	47783	1984	1966	104803	27246	17481	16406	12720	8651
1851	31	0	731	200	186	170	192	0	0	0	0	0	346	1896	385	6	243	142	232	238	11	5	4	10	0	243	15	243	0	0	0	243	0	43403	41844	41359	49634	1984	1966	536232	288	222	241	229	214
46567	2154	1945	41799	15133	12375	9434	7174	0	0	0	0	0	1206	133918	40593	1735	40306	287	38368	38572	1938	1734	587	791	302	40306	2525	40306	1951	1937	14	38369	1937	85202	82437	81665	96202	3935	3903	590617	26664	17296	16021	12452	8491
1821	29	0	753	219	208	173	179	0	0	0	0	0	355	1964	398	8	240	158	227	233	13	7	4	10	1	240	17	240	0	0	0	240	0	85955	82835	81905	98023	3935	3903	1022047	289	249	268	241	203
50888	2458	2169	45718	16367	13525	10428	7892	0	0	0	0	0	1280	146646	44438	1898	44129	309	41946	42234	2183	1895	624	912	350	44129	2807	44129	2176	2159	17	41970	2159	131673	127273	126034	148911	2015	1966	1076421	29201	18668	17474	13658	9308
1876	37	0	731	195	192	166	207	0	0	0	0	0	321	1933	410	13	252	158	238	241	14	11	5	8	2	252	19	252	0	0	0	252	0	132404	127683	126286	150787	2015	1966	1507851	272	217	241	211	236
47630	2217	2026	42610	15342	12639	9669	7276	0	0	0	0	0	1194	136506	41416	1786	41118	298	39151	39335	1967	1783	638	822	309	41118	2605	41118	2033	2017	16	39101	2017	175014	169099	167404	198418	4048	3983	1562223	27175	17527	16255	12697	8647
1814	37	0	721	205	178	165	193	0	0	0	0	0	333	1864	388	7	249	139	238	242	11	7	3	7	0	249	14	249	0	0	0	249	0	175735	169487	167653	200233	4048	3983	1993666	293	229	240	225	222
47961	2279	2065	42989	15514	12804	9645	7413	0	0	0	0	0	1215	137742	41774	1799	41463	311	39425	39672	2038	1791	582	829	318	41463	2620	41463	2072	2056	16	39407	2056	218724	211261	209116	248194	2024	1943	2048038	27290	17715	16379	12803	8764
1922	42	0	722	196	184	164	209	0	0	0	0	0	336	1869	386	16	255	131	233	244	22	11	2	13	1	255	24	255	0	0	0	255	0	219446	211647	209371	250116	2024	1943	2479470	309	220	233	221	227
48430	2291	2061	43541	15763	12889	9859	7406	0	0	0	0	0	1183	139906	42358	1799	42061	297	40030	40266	2031	1795	609	845	331	42061	2640	42061	2067	2053	14	40008	2053	262987	254005	251432	298546	4091	3996	2533853	27589	18003	16710	12931	8821
1804	41	0	721	223	156	183	184	0	0	0	0	0	351	1862	370	8	233	137	215	225	18	8	2	12	1	233	20	233	0	0	0	233	0	263708	254375	251665	300350	4091	3996	2965284	289	242	209	223	212
47502	2285	1997	42534	15337	12516	9831	7210	0	0	0	0	0	1257	136279	41277	1738	40990	287	38957	39258	2033	1732	583	884	279	40990	2616	40990	2006	1986	20	39004	1986	306242	295652	292655	347852	2001	1886	3019657	27182	17468	16274	12947	8615
1871	41	0	773	187	211	191	206	0	0	0	0	0	354	2013	419	11	279	140	266	270	13	9	5	9	2	279	18	279	0	0	0	279	0	307016	296072	292934	349723	2001	1886	3451088	315	224	260	248	237
47427	2302	2019	42632	15276	12679	9676	7339	0	0	0	0	0	1204	136690	41428	1825	41115	313	39061	39291	2054	1824	599	829	359	41115	2653	41115	2026	2010	16	39105	2010	349649	337501	334050	397151	4027	3896	3505473	27053	17424	16375	12719	8755
1864	37	0	716	180	177	187	191	0	0	0	0	0	318	1871	398	9	255	143	236	247	19	8	0	11	4	255	19	255	0	0	0	255	0	350365	337899	334305	399016	4027	3896	3936903	294	210	243	232	224
47658	2296	2027	42683	15538	12776	9516	7290	0	0	0	0	0	1197	136763	41486	1821	41200	286	39151	39382	2049	1818	596	827	306	41200	2645	41200	2033	2012	21	39188	2012	393048	379385	375505	446674	1964	1812	3991277	27170	17699	16520	12491	8646
1815	36	0	732	205	188	175	187	0	0	0	0	0	344	1873	388	7	241	147	225	234	16	7	2	11	3	241	18	241	0	0	0	241	0	393780	379773	375746	448489	1964	1812	4422707	289	230	243	240	219
46945	2294	2025	42151	15206	12502	9425	7308	0	0	0	0	0	1195	135184	40956	1806	40658	298	38600	38854	2058	1804	631	885	325	40658	2689	40658	2031	2018	13	38640	2018	435932	420730	416405	495437	3995	3830	4477090	26859	17375	16201	12416	8644
1803	27	0	712	172	200	183	188	0	0	0	0	0	358	1829	354	8	211	143	203	203	8	8	5	5	0	211	13	211	0	0	0	211	0	436644	421084	416616	497242	3995	3830	4908522	284	207	268	234	209
47419	2378	2022	42375	15532	12541	9519	7186	0	0	0	0	0	1228	135863	41147	1806	40874	273	38777	39071	2097	1803	623	917	331	40874	2720	40874	2031	2011	20	38863	2011	479019	462231	457490	544661	1930	1745	4962894	26937	17714	16262	12537	8472
1829	26	0	714	188	185	182	184	0	0	0	0	0	328	1809	386	6	235	151	230	231	5	4	2	3	2	235	7	235	0	0	0	235	0	479734	462618	457726	546491	1930	1745	5394338	303	205	241	236	213
48418	2369	2048	43356	15850	12673	9860	7425	0	0	0	0	0	1201	138976	42155	1890	41823	332	39692	39943	2131	1880	638	889	292	41823	2769	41823	2058	2038	20	39785	2038	523090	504773	499549	594911	3988	3783	5448709	27557	17980	16385	12979	8770
1762	27	0	725	183	177	192	194	0	0	0	0	0	336	1874	389	2	232	157	224	231	8	1	0	7	0	232	8	232	0	0	0	232	0	523815	505162	499781	596673	3988	3783	5880140	297	205	236	231	218
49580	2432	2046	44532	15987	13313	10013	7759	0	0	0	0	0	1288	142529	43244	1936	42972	272	40800	41038	2172	1934	646	884	335	42972	2818	42972	2050	2032	18	40940	2032	568347	548406	542753	646253	1942	1719	5934513	28436	18322	17146	13285	9170
1825	32	0	765	208	209	179	183	0	0	0	0	0	331	1994	434	4	262	172	249	259	13	3	1	11	0	262	14	262	0	0	0	262	0	569112	548840	543015	648078	1942	1719	6365955	305	240	281	228	207
50293	2404	2085	45101	16212	13433	10300	7747	0	0	0	0	0	1239	144634	43862	1988	43556	306	41404	41572	2152	1984	688	856	352	43556	2840	43556	2094	2079	15	41477	2079	614213	592702	586571	698372	4036	3798	6420329	28746	18534	17252	13534	9224
1831	27	0	786	188	191	203	228	0	0	0	0	0	354	2046	432	6	280	152	269	275	11	5	2	8	0	280	13	280	0	0	0	280	0	614999	593134	586851	700203	4036	3798	6851759	327	214	247	256	261
47586	2257	1941	42699	15260	12750	9738	7380	0	0	0	0	0	1142	136926	41557	1789	41277	280	39265	39490	2012	1787	622	847	301	41277	2634	41277	1950	1926	24	39351	1926	657698	634691	628128	747789	1890	1628	6906144	27250	17369	16412	12798	8818
1909	44	0	779	211	188	179	214	0	0	0	0	0	361	2030	418	7	271	147	260	265	11	6	4	9	1	271	15	271	0	0	0	271	0	658477	635109	628399	749698	1890	1628	7337574	327	233	241	234	246
48038	2326	2048	43048	15653	12751	9691	7326	0	0	0	0	0	1199	137983	41849	1773	41546	303	39505	39775	2041	1771	569	839	301	41546	2610	41546	2056	2033	23	39513	2033	701525	676958	669945	797737	3946	3661	7391948	27246	17736	16530	12850	8627
1852	36	0	727	189	185	194	183	0	0	0	0	0	358	1857	369	7	222	147	212	216	10	6	4	8	4	222	14	222	0	0	0	222	0	702252	677327	670167	799589	3946	3661	7823378	305	218	240	244	215
46517	2188	1964	41664	15108	12339	9407	7149	0	0	0	0	0	1172	133874	40492	1737	40205	287	38266	38472	1939	1733	586	792	314	40205	2525	40205	1973	1959	14	38246	1959	743916	717819	710372	846106	1823	1524	7877763	26480	17218	15971	12366	8437
1881	32	0	703	198	182	187	163	0	0	0	0	0	321	1838	382	7	235	147	223	230	12	5	1	8	3	235	13	235	0	0	0	235	0	744619	718201	710607	847988	1823	1524	8309192	285	229	244	219	190
47243	2214	1922	42312	15271	12644	9551	7292	0	0	0	0	0	1181	135550	41131	1798	40848	283	38888	39054	1960	1794	655	821	316	40848	2615	40848	1931	1905	26	38943	1905	786931	759332	751455	895231	3754	3429	8363565	27111	17406	16216	12663	8642
1929	25	0	757	206	185	189	193	0	0	0	0	0	350	1960	407	6	237	170	226	231	11	6	0	5	1	237	11	237	0	0	0	237	0	787688	759739	751692	897160	3754	3429	8794996	303	224	251	244	216
49839	2382	2071	44639	15921	13280	10122	7780	0	0	0	0	0	1204	143285	43435	1950	43116	319	41009	41167	2107	1949	704	862	323	43116	2811	43116	2079	2063	16	41053	2063	832327	803174	794808	946999	1737	1396	8849381	28487	18265	17137	13278	9203
1829	32	0	743	205	174	203	181	0	0	0	0	0	361	1915	382	6	223	159	214	218	9	5	3	7	0	223	12	223	0	0	0	223	0	833071	803557	795032	948830	1737	1396	9280811	291	228	237	258	216

processed_m4337_ME21_HV0_test40_SRCoff_170710_093511_TMBCounters.txt																																													
alct0 valid pattern flag received	alct1 valid pattern flag received	raw hits readout   	Pretrigger   	Pretrigger on CFEB0	Pretrigger on CFEB1	Pretrigger on CFEB2	Pretrigger on CFEB3	Pretrigger on CFEB4	Pretrigger on CFEB5	Pretrigger on CFEB6	Pretrigger on ME1A CFEB 4-6 only	Pretrigger on ME1B CFEBs 0-3 only	Discarded, CLCT0 invalid pattern after drift	BX pretrig waiting for triads to dissipate	clct0 sent to TMB matching section	clct1 sent to TMB matching section	TMB accepted alct	TMB match reject event  	Matching found one ALCT	Matching found one CLCT	Matching found two ALCTs	Matching found two CLCTs	ALCT0 copied into ALCT1 to make 2nd LCT	CLCT0 copied into CLCT1 to make 2nd LCT	LCT1 has higher quality than LCT0 	Transmitted LCT0 to MPC	Transmitted LCT1 to MPC	MPC rejected both LCT0 and LCT1	L1A received   	L1A received, TMB in L1A window	L1A received, no TMB in window	TMB triggered, no L1A in window	TMB readouts completed	Pretrigger counter   	CLCT counter   	TMB trigger counter	ALCTs received counter	L1As received counter 	Readout counter 	Orbit counter	CLCT pre-trigger and ALCT coincidence counter	CFEB0 active flag sent to DMB for readout	CFEB1 active flag sent to DMB for readout	CFEB2 active flag sent to DMB for readout	CFEB3 active flag sent to DMB for readout
48482	2325	2094	43475	15709	12900	9942	7334	0	0	0	0	0	1171	139102	42304	1844	42030	274	39932	40188	2098	1842	617	873	318	42030	2715	42030	2099	2087	12	39943	2087	43570	42355	42065	48706	2099	2087	104813	23530	17923	16598	13015	8733
1891	35	0	772	206	184	191	213	0	0	0	0	0	337	1993	435	8	274	161	259	267	15	7	4	12	3	274	19	274	0	0	0	274	0	44342	42790	42339	50598	2099	2087	536255	280	222	236	255	249
45813	2142	1926	40977	14848	12195	9107	7173	0	0	0	0	0	1157	130956	39820	1733	39552	268	37655	37821	1897	1731	601	767	296	39552	2498	39552	1933	1917	16	37635	1917	85320	82611	81892	96412	4032	4004	590616	22243	16917	15676	12049	8409
1895	30	0	734	203	195	190	175	0	0	0	0	0	317	1916	417	6	239	178	229	235	10	4	1	7	1	239	11	239	0	0	0	239	0	86054	83028	82131	98307	4032	4004	1022059	265	227	257	241	200
47311	2314	2016	42441	15367	12768	9516	7283	0	0	0	0	0	1141	135770	41300	1826	41014	286	38962	39190	2052	1824	616	844	303	41014	2668	41014	2022	2004	18	39010	2004	128495	124328	123145	145620	1958	1912	1076442	23040	17515	16429	12580	8619
1777	49	0	716	180	178	186	198	0	0	0	0	0	342	1840	374	12	219	155	203	208	16	11	3	8	0	219	19	219	0	0	0	219	0	129211	124702	123364	147397	1958	1912	1507862	250	207	230	244	228
48701	2277	2048	43719	15783	13013	9978	7415	0	0	0	0	0	1117	140077	42602	1864	42297	305	40282	40433	2015	1864	648	799	323	42297	2663	42297	2056	2032	24	40265	2032	172930	167304	165661	196098	4014	3944	1562235	23656	17980	16751	13077	8860
1904	37	0	754	180	204	175	218	0	0	0	0	0	348	1939	406	8	261	145	244	253	17	8	1	10	4	261	18	261	0	0	0	261	0	173684	167710	165922	198003	4014	3944	1993666	285	206	257	232	240
47013	2263	1946	42227	15140	12626	9590	7270	0	0	0	0	0	1123	135115	41104	1826	40829	275	38829	39008	2000	1821	616	795	316	40829	2616	40829	1950	1938	12	38891	1938	215911	208814	206751	245017	1868	1786	2048050	22940	17320	16202	12662	8650
1929	32	0	749	210	156	196	212	0	0	0	0	0	346	1955	403	7	257	146	248	252	9	5	2	6	0	257	11	257	0	0	0	257	0	216660	209217	207008	246947	1868	1786	2479481	288	226	210	251	237
48981	2407	2078	43997	16007	13039	9822	7586	0	0	0	0	0	1194	140735	42803	1890	42465	338	40324	40575	2141	1890	655	906	352	42465	2796	42465	2088	2070	18	40395	2070	260657	252020	249473	295928	3956	3856	2533853	23873	18204	16821	13004	8908
1837	34	0	748	208	202	185	181	0	0	0	0	0	355	1937	393	8	258	135	244	252	14	6	2	10	1	258	16	258	0	0	0	258	0	261405	252413	249731	297766	3956	3856	2965283	265	238	263	234	207
48976	2333	2005	43997	16001	13117	9865	7504	0	0	0	0	0	1190	140750	42807	1867	42503	304	40415	40640	2088	1863	624	849	314	42503	2712	42503	2012	1996	16	40507	1996	305402	295220	292234	346742	1872	1756	3019668	23818	18334	16937	12989	8865
1855	33	0	721	192	182	168	203	0	0	0	0	0	317	1874	404	9	251	153	239	243	12	8	0	4	1	251	12	251	0	0	0	251	0	306123	295624	292485	348598	1872	1756	3451100	259	213	238	212	225
49694	2386	2123	44421	16052	13224	10123	7516	0	0	0	0	0	1196	141955	43225	1853	42940	285	40796	41087	2144	1853	597	888	311	42940	2741	42940	2129	2112	17	40828	2112	350544	338849	335425	398292	4001	3868	3505472	24372	18314	17025	13298	8950
1877	30	0	728	185	192	178	193	0	0	0	0	0	341	1918	387	10	244	143	231	235	13	9	3	7	2	244	16	244	0	0	0	244	0	351273	339237	335670	400171	4001	3868	3936915	243	209	246	234	219
56703	2762	2437	50802	18430	15194	11447	8695	0	0	0	0	0	1279	162678	49523	2237	49193	330	46750	46959	2443	2234	773	982	393	49193	3216	49193	2445	2422	23	46771	2422	402075	388760	384863	456874	2350	2194	3991287	27601	21008	19447	15086	10347
1830	40	0	749	201	164	173	229	0	0	0	0	0	354	1928	395	9	231	164	222	225	9	6	4	7	2	231	13	231	0	0	0	231	0	402824	389155	385094	458705	2350	2194	4422718	261	225	234	225	260
47977	2205	2097	43113	15557	12792	9607	7481	0	0	0	0	0	1158	137728	41955	1752	41663	292	39745	39915	1918	1748	627	797	327	41663	2545	41663	2106	2089	17	39574	2089	445937	431110	426757	506683	360	187	4477091	23382	17794	16479	12690	8861
1866	41	0	739	191	190	176	199	0	0	0	0	0	354	1917	385	2	229	156	218	228	11	1	0	10	0	229	11	229	0	0	0	229	0	446677	431496	426986	508549	360	187	4908533	275	221	247	228	223
49586	2416	2078	44540	16254	13295	9972	7605	0	0	0	0	0	1168	142543	43372	1926	43081	291	40911	41157	2170	1924	648	894	313	43081	2818	43081	2089	2066	23	41015	2066	491217	474868	470067	558135	2449	2253	4962906	24096	18499	17045	13192	8983
1847	43	0	778	220	195	189	204	0	0	0	0	0	365	2035	413	12	268	145	255	257	13	11	4	6	2	268	17	268	0	0	0	268	0	491995	475281	470335	559982	2449	2253	5394337	281	251	253	252	231
47058	2269	1953	42173	15422	12383	9560	7184	0	0	0	0	0	1110	134886	41063	1797	40749	314	38713	38954	2036	1795	597	838	319	40749	2633	40749	1960	1951	9	38798	1951	534168	516344	511084	607040	313	108	5448709	22902	17549	16031	12530	8514
1866	32	0	760	194	190	182	220	0	0	0	0	0	357	1979	403	9	246	157	230	241	16	5	1	12	1	246	17	246	0	0	0	246	0	534928	516747	511330	608907	313	108	5880152	269	214	245	237	239
51065	2484	2138	45816	16517	13513	10403	8015	0	0	0	0	0	1217	146590	44599	1874	44303	296	42105	42430	2198	1873	621	946	284	44303	2819	44303	2146	2128	18	42175	2128	580745	561347	555634	659973	2459	2236	5934524	24748	18774	17487	13656	9498
1839	26	0	740	204	209	174	177	0	0	0	0	0	326	1981	414	6	265	149	253	259	12	6	1	7	0	265	13	265	0	0	0	265	0	581485	561761	555899	661812	2459	2236	6365956	253	237	267	229	206
50068	2403	2024	44984	16488	13397	9995	7758	0	0	0	0	0	1216	143663	43768	1939	43486	282	41364	41549	2122	1937	674	859	292	43486	2796	43486	2034	2012	22	41474	2012	626469	605529	599385	711880	397	152	6420339	24517	18729	17297	13264	9160
1803	27	0	728	204	193	172	186	0	0	0	0	0	336	1914	392	10	242	150	237	234	5	8	5	2	3	242	10	242	0	0	0	242	0	627198	605922	599627	713684	397	152	6851771	279	234	252	222	213
49465	2367	2060	44404	15855	13074	10166	7838	0	0	0	0	0	1163	141992	43241	1855	42931	310	40822	41078	2109	1853	655	911	316	42931	2764	42931	2068	2053	15	40878	2053	671602	649163	642558	763149	2465	2205	6906143	24276	18104	16894	13429	9256
1863	31	0	776	196	191	195	219	0	0	0	0	0	367	1997	409	6	273	136	260	267	13	6	2	9	1	273	15	273	0	0	0	273	0	672379	649573	642832	765013	2465	2205	7337573	305	234	250	245	246
48101	2280	2039	43031	15526	12962	9744	7277	0	0	0	0	0	1100	137754	41931	1791	41667	264	39650	39879	2017	1788	606	835	305	41667	2623	41667	2043	2032	11	39635	2032	715410	691504	684499	813114	412	141	7391958	23470	17747	16749	12770	8601
1839	33	0	733	178	182	196	203	0	0	0	0	0	333	1915	400	9	234	166	220	226	14	8	2	8	2	234	16	234	0	0	0	234	0	716144	691905	684734	814954	412	141	7823389	263	205	248	250	232
48551	2374	2001	43523	15667	12882	9937	7517	0	0	0	0	0	1216	139323	42307	1902	42017	290	39882	40118	2135	1899	621	857	317	42017	2756	42017	2008	1989	19	40028	1989	759667	734212	726751	863505	2420	2130	7877762	23525	17866	16667	13000	8900
1914	30	0	801	223	206	198	202	0	0	0	0	0	387	2069	414	7	255	159	242	248	13	7	1	7	2	255	14	255	0	0	0	255	0	760468	734626	727006	865419	2420	2130	8309193	308	251	273	251	228
47177	2318	1940	42278	15414	12490	9616	7215	0	0	0	0	0	1103	135392	41175	1797	40884	291	38804	39090	2080	1794	564	850	297	40884	2644	40884	1947	1928	19	38956	1928	802746	775801	767890	912596	271	4058	8363569	22808	17552	16129	12647	8539
1900	42	0	786	210	206	205	198	0	0	0	0	0	370	2046	416	17	266	150	253	251	13	15	7	5	2	266	20	266	0	0	0	266	0	803532	776217	768156	914496	271	4058	8795008	297	238	273	253	230
46881	2203	1948	42015	15410	12509	9324	7258	0	0	0	0	0	1120	134358	40895	1724	40626	269	38672	38905	1954	1721	591	824	274	40626	2545	40626	1962	1937	25	38689	1937	845547	817112	808782	961378	2233	1899	8849381	22823	17508	16080	12365	8553
1889	33	0	797	214	209	203	202	0	0	0	0	0	366	2099	431	13	272	159	264	263	8	9	5	4	2	272	13	272	0	0	0	272	0	846344	817543	809054	963267	2233	1899	9280812	294	239	259	274	224

processed_m4338_ME21_HV0_test40_SRCoff_170710_095158_TMBCounters.txt																																													
alct0 valid pattern flag received	alct1 valid pattern flag received	raw hits readout   	Pretrigger   	Pretrigger on CFEB0	Pretrigger on CFEB1	Pretrigger on CFEB2	Pretrigger on CFEB3	Pretrigger on CFEB4	Pretrigger on CFEB5	Pretrigger on CFEB6	Pretrigger on ME1A CFEB 4-6 only	Pretrigger on ME1B CFEBs 0-3 only	Discarded, CLCT0 invalid pattern after drift	BX pretrig waiting for triads to dissipate	clct0 sent to TMB matching section	clct1 sent to TMB matching section	TMB accepted alct	TMB match reject event  	Matching found one ALCT	Matching found one CLCT	Matching found two ALCTs	Matching found two CLCTs	ALCT0 copied into ALCT1 to make 2nd LCT	CLCT0 copied into CLCT1 to make 2nd LCT	LCT1 has higher quality than LCT0 	Transmitted LCT0 to MPC	Transmitted LCT1 to MPC	MPC rejected both LCT0 and LCT1	L1A received   	L1A received, TMB in L1A window	L1A received, no TMB in window	TMB triggered, no L1A in window	TMB readouts completed	Pretrigger counter   	CLCT counter   	TMB trigger counter	ALCTs received counter	L1As received counter 	Readout counter 	Orbit counter	CLCT pre-trigger and ALCT coincidence counter	CFEB0 active flag sent to DMB for readout	CFEB1 active flag sent to DMB for readout	CFEB2 active flag sent to DMB for readout	CFEB3 active flag sent to DMB for readout
49533	2398	2157	44466	16140	13088	9986	7721	0	0	0	0	0	1141	141925	43325	1871	43046	279	40921	41175	2125	1871	628	882	312	43046	2753	43046	2164	2146	18	40900	2146	44539	43363	43071	49753	2164	2146	104801	20188	18338	16956	13252	9142
1890	44	0	745	227	174	192	184	0	0	0	0	0	370	1944	375	9	231	144	216	222	15	9	4	10	1	231	19	231	0	0	0	231	0	45284	43738	43302	51643	2164	2146	536232	214	244	238	251	214
46345	2230	1896	41438	14936	12322	9376	7166	0	0	0	0	0	1029	132209	40409	1748	40106	303	38115	38362	1991	1744	582	829	317	40106	2573	40106	1910	1886	24	38220	1886	86722	84147	83408	97989	4074	4032	590616	18858	17045	15873	12333	8524
1822	37	0	754	199	203	189	192	0	0	0	0	0	351	1992	403	5	239	164	228	236	11	3	2	10	0	239	13	239	0	0	0	239	0	87476	84550	83647	99812	4074	4032	1022047	211	223	268	237	225
46494	2273	1968	41598	15121	12250	9596	7149	0	0	0	0	0	1028	132938	40570	1824	40279	291	38283	38459	1996	1820	614	790	303	40279	2610	40279	1979	1959	20	38320	1959	129074	125120	123926	146306	1957	1895	1076420	18773	17149	15809	12514	8542
1897	42	0	759	215	188	170	206	0	0	0	0	0	358	1989	401	12	239	162	225	228	14	11	6	9	4	239	20	239	0	0	0	239	0	129833	125521	124165	148203	1957	1895	1507851	232	229	246	230	226
46751	2259	1947	41817	15025	12404	9524	7261	0	0	0	0	0	1098	133461	40719	1809	40459	260	38438	38655	2021	1804	619	836	286	40459	2640	40459	1954	1942	12	38517	1942	171650	166240	164624	194954	3911	3837	1562235	19141	17151	16112	12519	8587
1873	35	0	755	222	186	178	188	0	0	0	0	0	367	1958	388	7	246	142	234	239	12	7	2	7	2	246	14	246	0	0	0	246	0	172406	166628	164870	196828	3911	3837	1993666	230	245	239	224	219
46472	2240	1963	41707	15016	12358	9416	7328	0	0	0	0	0	1102	132925	40605	1761	40317	288	38321	38558	1996	1759	579	816	273	40317	2575	40317	1972	1956	16	38361	1956	214113	207233	205187	243300	1787	1697	2048038	18962	17160	15934	12390	8733
1866	48	0	765	206	204	200	186	0	0	0	0	0	358	2004	407	14	253	154	233	240	20	13	4	11	4	253	24	253	0	0	0	253	0	214879	207640	205440	245166	1787	1697	2479470	251	234	250	249	217
47078	2255	1972	42222	15114	12693	9567	7311	0	0	0	0	0	1056	134820	41166	1819	40889	277	38893	39074	1996	1815	652	833	297	40889	2648	40889	1983	1966	17	38923	1966	257101	248806	246329	292244	3770	3663	2533853	19289	17285	16346	12615	8643
1845	47	0	744	201	171	192	210	0	0	0	0	0	342	1951	402	11	275	127	258	264	17	11	3	9	5	275	20	275	0	0	0	275	0	257846	249208	246604	294090	3770	3663	2965284	259	231	225	243	237
45819	2196	1893	41176	14856	12149	9476	7123	0	0	0	0	0	1102	131119	40074	1732	39777	297	37824	38048	1953	1729	574	798	299	39777	2527	39777	1901	1886	15	37891	1886	299022	289282	286381	339909	1575	1453	3019657	18842	16936	15620	12440	8497
1794	37	0	711	176	193	176	187	0	0	0	0	0	324	1862	387	8	243	144	230	238	13	5	2	10	1	243	15	243	0	0	0	243	0	299733	289669	286624	341704	1575	1453	3451088	236	202	237	225	209
46912	2271	1960	42046	15155	12562	9465	7380	0	0	0	0	0	1052	134057	40994	1805	40733	261	38713	38933	2020	1800	632	852	281	40733	2652	40733	1965	1953	12	38780	1953	341779	330663	327357	388616	3540	3406	3505472	19118	17301	16147	12420	8702
1889	34	0	775	195	220	168	220	0	0	0	0	0	363	2019	412	6	261	151	244	255	17	6	2	13	2	261	19	261	0	0	0	261	0	342554	331075	327618	390506	3540	3406	3936903	256	233	273	226	245
45692	2231	1929	40911	14705	12139	9387	7117	0	0	0	0	0	1024	130493	39887	1821	39632	255	37643	37812	1989	1820	610	779	280	39632	2599	39632	1939	1925	14	37707	1925	383465	370962	367250	436199	1383	1235	3991275	18573	16812	15670	12332	8416
1853	36	0	748	185	195	187	201	0	0	0	0	0	341	1951	407	7	247	160	238	243	9	4	2	7	0	247	11	247	0	0	0	247	0	384213	371369	367497	438052	1383	1235	4422718	259	209	266	252	231
46254	2233	1965	41484	15077	12280	9424	7165	0	0	0	0	0	1089	132378	40395	1822	40115	280	38132	38295	1983	1820	600	763	295	40115	2583	40115	1972	1958	14	38157	1958	425697	411764	407612	484306	3355	3193	4477090	18888	17162	15884	12390	8503
1805	31	0	725	206	172	178	190	0	0	0	0	0	335	1946	390	7	237	153	226	231	11	6	3	8	3	237	14	237	0	0	0	237	0	426422	412154	407849	486111	3355	3193	4908522	225	232	235	230	210
44849	2177	1913	40162	14502	12033	9136	6859	0	0	0	0	0	1062	128086	39100	1726	38823	277	36894	37098	1929	1725	604	808	255	38823	2533	38823	1919	1906	13	36917	1906	466584	451254	446672	530960	1178	1003	4962894	18281	16579	15467	12001	8136
1832	35	0	705	187	175	187	183	0	0	0	0	0	311	1865	394	9	238	156	224	232	14	6	5	13	2	238	19	238	0	0	0	238	0	467289	451648	446910	532792	1178	1003	5394348	239	204	229	243	207
48960	2458	2034	43931	15802	13134	9955	7658	0	0	0	0	0	1129	140123	42802	1952	42517	285	40347	40570	2170	1947	640	863	328	42517	2810	42517	2048	2021	27	40496	2021	511220	494450	489427	581752	3226	3024	5448709	20140	18028	16918	13200	9017
1868	37	0	724	197	196	150	204	0	0	0	0	0	328	1908	396	9	248	148	237	239	11	9	4	6	2	248	15	248	0	0	0	248	0	511946	494848	489677	583623	3226	3024	5880152	232	221	251	197	223
45862	2280	1917	41110	14697	12120	9607	7104	0	0	0	0	0	1130	131221	39980	1766	39713	267	37733	37950	1980	1763	605	822	286	39713	2585	39713	1927	1910	17	37803	1910	553057	534829	529390	629486	1057	838	5934536	18624	16776	15714	12533	8441
1968	42	0	745	212	190	168	200	0	0	0	0	0	329	1978	416	10	266	150	250	257	16	9	5	12	2	266	21	266	0	0	0	266	0	553802	535245	529656	631454	1057	838	6365966	237	237	245	222	221
25674	1211	1037	22954	8266	6883	5186	3970	0	0	0	0	0	593	73226	22361	995	22189	172	21113	21197	1076	992	348	432	158	22189	1424	22189	1039	1035	4	21154	1035	576756	557606	551845	657128	2096	1873	6420339	10406	9436	8860	6812	4692
1786	30	0	703	183	163	194	186	0	0	0	0	0	314	1835	389	8	231	158	218	223	13	8	2	7	2	231	15	231	0	0	0	231	0	577459	557995	552076	658914	2096	1873	6851759	209	208	219	242	218
13312	627	542	11850	4373	3464	2723	2019	0	0	0	0	0	348	37658	11502	485	11389	113	10839	10904	550	485	161	226	88	11389	711	11389	544	542	2	10847	542	589309	569497	563465	672227	2640	2415	6906143	5330	4986	4507	3545	2384
1874	43	0	740	186	184	187	206	0	0	0	0	0	374	1915	366	10	231	135	210	222	21	9	2	14	1	231	23	231	0	0	0	231	0	590049	569863	563696	674102	2640	2415	7337574	269	210	241	244	235
221	1	0	85	19	23	20	26	0	0	0	0	0	37	231	48	2	34	14	33	32	1	2	2	1	0	34	3	34	0	0	0	34	0	590134	569911	563730	674324	2640	2415	7391946	22	25	26	23	33
1908	36	0	772	202	193	178	220	0	0	0	0	0	348	1988	424	6	254	170	245	250	9	4	1	6	0	254	10	254	0	0	0	254	0	590906	570335	563984	676232	2640	2415	7823377	244	226	255	235	247
241	10	0	99	28	30	17	28	0	0	0	0	0	56	247	43	1	25	18	23	24	2	1	1	2	0	25	3	25	0	0	0	25	0	591005	570378	564009	676473	2640	2415	7877761	32	33	33	31	31
1953	36	0	815	226	217	190	222	0	0	0	0	0	377	2134	438	12	275	163	263	265	12	10	5	7	1	275	17	275	0	0	0	275	0	591820	570816	564284	678427	2640	2415	8309192	269	263	282	249	250
242	3	0	98	26	22	27	24	0	0	0	0	0	49	245	49	0	25	24	25	25	0	0	0	0	0	25	0	25	0	0	0	25	0	591918	570865	564309	678669	2640	2415	8363565	33	29	31	34	26
1843	33	0	745	208	190	169	198	0	0	0	0	0	330	1964	415	4	268	147	260	264	8	4	2	6	2	268	10	268	0	0	0	268	0	592663	571280	564577	680513	2640	2415	8794997	258	243	248	227	225
46344	2180	1839	41604	14957	12377	9544	7206	0	0	0	0	0	1049	132707	40555	1771	40249	306	38297	38479	1952	1770	609	791	285	40249	2561	40249	1854	1830	24	38419	1830	634268	611835	604826	726859	398	149	8849380	18829	17025	15954	12530	8575
1880	34	0	746	211	177	174	205	0	0	0	0	0	333	1936	413	7	274	139	263	267	11	7	3	7	3	274	14	274	0	0	0	274	0	635015	612248	605100	728739	398	149	9280811	270	237	242	228	225
246	4	0	91	26	24	23	21	0	0	0	0	0	45	234	46	1	29	17	29	28	0	1	1	0	1	29	1	29	0	0	0	29	0	635106	612294	605129	728985	398	149	9335184	23	29	31	30	22
1824	35	0	741	207	201	170	191	0	0	0	0	0	348	1962	393	3	232	161	223	229	9	3	1	7	0	232	10	232	0	0	0	232	0	635847	612687	605361	730809	398	149	9766626	232	229	259	220	214
227	4	0	83	18	25	23	19	0	0	0	0	0	33	229	50	1	33	17	31	33	2	0	0	2	0	33	2	33	0	0	0	33	0	635930	612737	605394	731036	398	149	9820999	28	21	33	28	27
1862	23	0	762	209	189	172	212	0	0	0	0	0	345	2001	417	5	273	144	264	270	9	3	2	8	1	273	11	273	0	0	0	273	0	636692	613154	605667	732898	398	149	10252430	257	233	242	232	236
45250	2234	1884	40707	14740	12183	9156	7039	0	0	0	0	0	1061	129862	39646	1780	39376	270	37406	37599	1970	1777	597	790	282	39376	2567	39376	1893	1873	20	37503	1873	677399	652800	645043	778149	2291	2022	10306803	18503	16799	15709	12040	8285
1801	30	0	774	196	186	192	223	0	0	0	0	0	365	2021	409	12	245	164	234	234	11	11	3	3	2	245	14	245	0	0	0	245	0	678174	653209	645288	779952	2291	2022	10738245	231	222	230	241	240
27182	1282	1065	24243	8791	7244	5365	4205	0	0	0	0	0	635	77244	23608	1017	23448	160	22295	22435	1153	1013	352	492	179	23448	1505	23448	1071	1064	7	22384	1064	702417	676817	668736	807134	3362	3086	10792617	11094	9998	9362	7125	4957
1924	37	0	749	199	181	184	213	0	0	0	0	0	337	1948	412	7	248	164	231	242	17	6	1	12	0	248	18	248	0	0	0	248	0	703166	677229	668984	809061	3362	3086	11224049	229	223	234	231	232
25979	1270	996	23295	8441	6958	5322	3976	0	0	0	0	0	608	74218	22687	1057	22517	170	21377	21462	1140	1055	354	439	148	22517	1494	22517	1001	993	8	21524	993	726462	699916	691501	835040	267	4079	11278424	10687	9601	8966	6960	4730
1885	47	0	758	203	200	190	203	0	0	0	0	0	340	2013	418	12	260	158	236	248	24	12	6	18	1	260	30	260	0	0	0	260	0	727220	700334	691761	836925	267	4079	11709864	246	228	265	254	229
25130	1177	1010	22514	8012	6767	5118	3937	0	0	0	0	0	608	71796	21906	968	21746	160	20704	20780	1042	966	332	408	141	21746	1374	21746	1014	1009	5	20737	1009	749734	722240	713507	862055	1281	992	11764236	10226	9221	8627	6777	4644
1926	45	0	794	206	187	196	231	0	0	0	0	0	385	2068	409	7	254	155	242	249	12	5	3	10	1	254	15	254	0	0	0	254	0	750528	722649	713761	863983	1281	992	12195668	279	231	244	251	256
26957	1325	1135	24206	8706	7209	5417	4259	0	0	0	0	0	646	77155	23560	1044	23397	163	22228	22358	1169	1039	355	485	187	23397	1524	23397	1141	1132	9	22265	1132	774734	746209	737158	890940	2422	2124	12250043	10914	9904	9282	7170	5049
1798	25	0	707	201	176	182	178	0	0	0	0	0	321	1854	386	14	227	159	211	216	16	11	1	6	1	227	17	227	0	0	0	227	0	775441	746595	737385	892740	2422	2124	12681482	225	226	237	227	202
43639	2080	1798	39055	14078	11660	8831	6826	0	0	0	0	0	1002	124469	38053	1639	37809	244	35961	36171	1848	1638	552	762	237	37809	2400	37809	1806	1793	13	36016	1793	814496	784648	775194	936379	132	3917	12735855	17876	16134	15015	11561	8069
1878	32	0	756	191	200	191	204	0	0	0	0	0	339	1988	417	3	263	154	256	261	7	2	1	6	0	263	8	263	0	0	0	263	0	815252	785065	775457	938257	132	3917	13167286	243	221	244	241	228
46905	2191	1954	42070	15241	12540	9416	7304	0	0	0	0	0	1152	134054	40918	1760	40653	265	38700	38895	1953	1758	621	816	278	40653	2574	40653	1961	1949	12	38704	1949	857322	825983	816110	985162	2093	1770	13221670	19286	17377	16107	12406	8633
1958	44	0	797	210	190	218	217	0	0	0	0	0	374	2066	423	11	269	154	253	259	16	10	4	10	0	269	20	269	0	0	0	269	0	858120	826407	816379	987120	2093	1770	13653101	259	235	259	267	241

processed_m4339_ME21_HV0_test40_SRCoff_170710_120303_TMBCounters.txt																																													
alct0 valid pattern flag received	alct1 valid pattern flag received	raw hits readout   	Pretrigger   	Pretrigger on CFEB0	Pretrigger on CFEB1	Pretrigger on CFEB2	Pretrigger on CFEB3	Pretrigger on CFEB4	Pretrigger on CFEB5	Pretrigger on CFEB6	Pretrigger on ME1A CFEB 4-6 only	Pretrigger on ME1B CFEBs 0-3 only	Discarded, CLCT0 invalid pattern after drift	BX pretrig waiting for triads to dissipate	clct0 sent to TMB matching section	clct1 sent to TMB matching section	TMB accepted alct	TMB match reject event  	Matching found one ALCT	Matching found one CLCT	Matching found two ALCTs	Matching found two CLCTs	ALCT0 copied into ALCT1 to make 2nd LCT	CLCT0 copied into CLCT1 to make 2nd LCT	LCT1 has higher quality than LCT0 	Transmitted LCT0 to MPC	Transmitted LCT1 to MPC	MPC rejected both LCT0 and LCT1	L1A received   	L1A received, TMB in L1A window	L1A received, no TMB in window	TMB triggered, no L1A in window	TMB readouts completed	Pretrigger counter   	CLCT counter   	TMB trigger counter	ALCTs received counter	L1As received counter 	Readout counter 	Orbit counter	CLCT pre-trigger and ALCT coincidence counter	CFEB0 active flag sent to DMB for readout	CFEB1 active flag sent to DMB for readout	CFEB2 active flag sent to DMB for readout	CFEB3 active flag sent to DMB for readout
47247	2320	1844	42462	15488	12847	9531	7290	0	0	0	0	0	975	134593	41487	1874	41257	230	39185	39386	2072	1871	631	832	279	41257	2703	41257	1853	1841	12	39416	1841	42550	41541	41292	47458	1853	1841	104801	8535	17729	16547	12603	8679
1872	25	0	715	191	168	165	209	0	0	0	0	0	296	1910	419	6	269	150	259	264	10	5	4	9	1	269	14	269	0	0	0	269	0	43266	41960	41561	49331	1853	1841	536243	164	217	234	213	235
47104	2223	1815	42546	15448	12970	9487	7333	0	0	0	0	0	1032	134738	41514	1826	41228	286	39247	39403	1981	1825	623	779	287	41228	2604	41228	1822	1810	12	39418	1810	85812	83474	82789	96435	3675	3651	590616	8425	17591	16643	12549	8637
1880	38	0	785	227	199	180	203	0	0	0	0	0	383	2055	402	8	241	161	227	233	14	8	2	8	1	241	16	241	0	0	0	241	0	86597	83876	83030	98317	3675	3651	1022047	176	257	260	236	232
49984	2396	1919	45063	16469	13610	10121	7727	0	0	0	0	0	1034	142647	44029	1924	43753	276	41618	41833	2135	1920	655	870	301	43753	2790	43753	1929	1916	13	41837	1916	131660	127905	126783	148301	1508	1471	1076420	9082	18857	17552	13377	9139
1854	48	0	761	201	204	173	216	0	0	0	0	0	334	2047	427	6	257	170	237	252	20	5	1	16	0	257	21	257	0	0	0	257	0	132422	128333	127041	150156	1508	1471	1507862	158	233	260	233	232
46948	2234	1792	42193	15385	12727	9566	7145	0	0	0	0	0	1039	133404	41154	1780	40906	248	38930	39128	1976	1778	606	804	280	40906	2582	40906	1802	1786	16	39120	1786	174615	169487	167947	197105	3310	3257	1562247	8399	17569	16394	12632	8499
1928	37	0	785	207	195	181	224	0	0	0	0	0	350	2106	435	6	264	171	252	258	12	6	2	8	1	264	14	264	0	0	0	264	0	175400	169922	168211	199034	3310	3257	1993677	180	232	248	239	247
51425	2499	1968	46310	16761	14239	10359	7883	0	0	0	0	0	1121	146614	45189	1973	44905	284	42673	42935	2232	1970	673	935	317	44905	2905	44905	1972	1957	15	42948	1957	221710	215111	213116	250459	1186	1118	2048051	9298	19116	18281	13711	9321
1888	23	0	769	203	192	184	214	0	0	0	0	0	343	2040	426	7	269	157	260	262	9	7	4	6	2	269	13	269	0	0	0	269	0	222479	215537	213385	252347	1186	1118	2479492	151	226	254	239	242
46614	2210	1744	41988	15356	12714	9454	7008	0	0	0	0	0	1018	132881	40970	1817	40733	237	38731	38921	2002	1812	628	818	280	40733	2630	40733	1752	1741	11	38992	1741	264467	256507	254118	298961	2938	2859	2533864	8337	17609	16476	12478	8319
1821	40	0	774	213	187	190	218	0	0	0	0	0	361	2025	413	11	262	151	245	253	17	9	3	11	3	262	20	262	0	0	0	262	0	265241	256920	254380	300782	2938	2859	2965284	161	236	251	244	249
46777	2136	1852	42260	15347	12862	9703	7005	0	0	0	0	0	1046	133768	41214	1783	40945	269	39022	39165	1923	1780	620	763	297	40945	2543	40945	1860	1848	12	39097	1848	307501	298134	295325	347559	702	611	3019668	8562	17603	16542	12771	8356
1833	30	0	762	191	192	199	202	0	0	0	0	0	343	2000	419	7	268	151	252	263	16	5	2	13	1	268	18	268	0	0	0	268	0	308263	298553	295593	349392	702	611	3451099	179	212	263	252	233
49302	2295	1988	44347	16128	13453	9861	7644	0	0	0	0	0	1048	140585	43299	1864	43039	260	40990	41177	2049	1862	604	791	303	43039	2653	43039	1991	1981	10	41058	1981	352610	341852	338632	398695	2693	2592	3505472	8806	18385	17340	13010	9000
1847	30	0	782	219	189	167	234	0	0	0	0	0	324	2112	458	9	279	179	267	271	12	8	3	7	1	279	15	279	0	0	0	279	0	353392	342310	338911	400542	2693	2592	3936903	160	245	241	227	269
47553	2270	1770	42740	15398	13092	9691	7346	0	0	0	0	0	1007	135301	41733	1801	41465	268	39440	39666	2025	1799	612	838	305	41465	2637	41465	1773	1767	6	39698	1767	396132	384043	380376	448096	370	263	3991287	8593	17668	16850	12734	8727
1867	43	0	715	198	189	173	180	0	0	0	0	0	320	1903	395	6	238	157	218	232	20	6	3	17	1	238	23	238	0	0	0	238	0	396847	384438	380614	449964	370	263	4422719	150	223	241	225	206
49208	2364	1862	44197	16109	13385	10048	7520	0	0	0	0	0	992	140012	43205	1869	42933	272	40831	41065	2102	1868	620	854	267	42933	2722	42933	1866	1857	9	41076	1857	441044	427643	423547	499172	2236	2120	4477091	8701	18453	17259	13216	8930
1827	39	0	727	221	167	183	185	0	0	0	0	0	328	1943	399	13	245	154	231	234	14	11	3	6	3	245	17	245	0	0	0	245	0	441771	428042	423792	500999	2236	2120	4908522	136	238	217	225	208
52584	2519	2074	47356	17321	14295	10726	7956	0	0	0	0	0	1069	149830	46287	2060	46002	285	43759	43949	2243	2053	695	885	331	46002	2938	46002	2080	2070	10	43932	2070	489127	474329	469794	553583	220	94	4962906	9431	19768	18412	14132	9445
1880	27	0	750	182	196	182	225	0	0	0	0	0	349	1995	401	13	251	150	242	238	9	13	6	2	2	251	15	251	0	0	0	251	0	489877	474730	470045	555463	220	94	5394337	173	208	255	231	243
46340	2202	1750	41720	15109	12534	9528	7199	0	0	0	0	0	983	132179	40737	1795	40449	288	38494	38654	1955	1795	593	753	259	40449	2548	40449	1755	1745	10	38704	1745	531597	515467	510494	601805	1975	1839	5448710	8439	17196	16136	12509	8512
1928	42	0	777	213	184	194	207	0	0	0	0	0	352	2071	425	5	283	142	269	278	14	5	3	12	1	283	17	283	0	0	0	283	0	532374	515892	510777	603733	1975	1839	5880141	185	241	251	242	247
46604	2211	1793	42055	15269	12763	9615	7007	0	0	0	0	0	1047	133038	41008	1793	40728	280	38748	38937	1980	1791	622	811	291	40728	2602	40728	1799	1789	10	38939	1789	574429	556900	551505	650337	3774	3628	5934525	8348	17495	16511	12688	8300
1920	44	0	797	209	215	204	195	0	0	0	0	0	389	2095	408	5	253	155	233	249	20	4	1	17	0	253	21	253	0	0	0	253	0	575226	557308	551758	652257	3774	3628	6365956	173	238	262	258	230
46582	2179	1821	41860	15208	12795	9361	7130	0	0	0	0	0	964	132512	40896	1736	40628	268	38705	38893	1923	1735	602	790	265	40628	2525	40628	1831	1817	14	38811	1817	617087	598204	592386	698841	1509	1349	6420328	8502	17433	16499	12310	8414
1874	35	0	754	199	195	181	199	0	0	0	0	0	338	2010	416	6	267	149	256	261	11	6	3	8	2	267	14	267	0	0	0	267	0	617841	598620	592653	700716	1509	1349	6851770	150	231	271	233	217
49611	2359	1872	44679	16060	13719	10168	7582	0	0	0	0	0	1048	141364	43631	1930	43378	253	41280	41450	2098	1928	651	821	291	43378	2749	43378	1879	1865	14	41513	1865	662520	642251	636031	750327	3388	3214	6906143	9051	18374	17548	13498	8965
1818	35	0	739	191	180	192	198	0	0	0	0	0	312	1983	427	7	260	167	246	253	14	7	3	10	1	260	17	260	0	0	0	260	0	663259	642678	636291	752145	3388	3214	7337575	160	215	226	242	230
48081	2348	1793	43294	15743	12907	9955	7424	0	0	0	0	0	1028	137234	42266	1877	42018	248	39914	40142	2104	1876	636	864	290	42018	2740	42018	1800	1790	10	40228	1790	706553	684944	678309	800227	1092	908	7391958	8687	17940	16661	13056	8844
1887	34	0	747	215	167	180	202	0	0	0	0	0	352	1975	395	13	258	137	238	247	20	11	3	12	1	258	23	258	0	0	0	258	0	707300	685339	678567	802114	1092	908	7823389	174	238	230	244	228
47332	2201	1820	42663	15545	12919	9658	7237	0	0	0	0	0	967	135135	41696	1800	41434	262	39474	39636	1960	1798	606	768	284	41434	2566	41434	1824	1813	11	39621	1813	749963	727035	720001	849446	2916	2721	7877762	8542	17822	16665	12717	8494
1819	42	0	731	185	196	188	191	0	0	0	0	0	343	1930	388	9	247	141	236	241	11	6	4	9	2	247	15	247	0	0	0	247	0	750695	727423	720248	851265	2916	2721	8309193	160	217	249	237	217
49606	2403	1827	44682	16197	13635	10143	7527	0	0	0	0	0	1042	141545	43640	1974	43364	276	41251	41390	2113	1974	710	849	353	43364	2823	43364	1835	1823	12	41541	1823	795377	771063	763612	900871	655	448	8363569	8941	18555	17489	13354	8924
1829	44	0	750	205	181	180	213	0	0	0	0	0	345	1991	405	12	264	141	243	253	21	11	4	14	3	264	25	264	0	0	0	264	0	796127	771468	763876	902701	655	448	8795008	174	226	238	225	238
46263	2214	1776	41676	15227	12714	9363	7019	0	0	0	0	0	912	132114	40764	1793	40533	231	38550	38742	1983	1791	583	775	300	40533	2566	40533	1780	1776	4	38757	1776	837803	812232	804409	948964	2435	2224	8849381	8147	17424	16338	12313	8265
1859	33	0	758	209	204	181	190	0	0	0	0	0	351	2013	407	10	255	152	241	249	14	6	4	12	1	255	18	255	0	0	0	255	0	838561	812639	804664	950823	2435	2224	9280812	154	237	280	232	214
48601	2326	1815	43920	15752	13458	10035	7472	0	0	0	0	0	976	139039	42944	1821	42687	257	40610	40869	2077	1818	607	866	303	42687	2684	42687	1820	1811	9	40876	1811	882481	855583	847351	999425	159	4035	9335198	8814	18114	17255	13169	8860
1866	39	0	745	180	186	195	214	0	0	0	0	0	331	1997	414	8	246	168	232	238	14	8	4	10	2	246	18	246	0	0	0	246	0	883226	855997	847597	1001293	159	4035	9766627	151	207	250	248	240
46230	2196	1720	41620	15225	12560	9460	7024	0	0	0	0	0	941	131873	40679	1808	40425	254	38490	38622	1935	1803	614	746	286	40425	2549	40425	1725	1715	10	38710	1715	924846	896676	888022	1047523	1884	1654	9821000	8248	17479	16127	12479	8315
1829	39	0	729	199	172	199	190	0	0	0	0	0	315	1947	414	12	230	184	212	219	18	11	3	10	1	230	21	230	0	0	0	230	0	925575	897090	888252	1049352	1884	1654	10252431	148	232	219	247	217

processed_m4340_ME21_HV0_test40_SRCoff_170710_122357_TMBCounters.txt																																													
alct0 valid pattern flag received	alct1 valid pattern flag received	raw hits readout   	Pretrigger   	Pretrigger on CFEB0	Pretrigger on CFEB1	Pretrigger on CFEB2	Pretrigger on CFEB3	Pretrigger on CFEB4	Pretrigger on CFEB5	Pretrigger on CFEB6	Pretrigger on ME1A CFEB 4-6 only	Pretrigger on ME1B CFEBs 0-3 only	Discarded, CLCT0 invalid pattern after drift	BX pretrig waiting for triads to dissipate	clct0 sent to TMB matching section	clct1 sent to TMB matching section	TMB accepted alct	TMB match reject event  	Matching found one ALCT	Matching found one CLCT	Matching found two ALCTs	Matching found two CLCTs	ALCT0 copied into ALCT1 to make 2nd LCT	CLCT0 copied into CLCT1 to make 2nd LCT	LCT1 has higher quality than LCT0 	Transmitted LCT0 to MPC	Transmitted LCT1 to MPC	MPC rejected both LCT0 and LCT1	L1A received   	L1A received, TMB in L1A window	L1A received, no TMB in window	TMB triggered, no L1A in window	TMB readouts completed	Pretrigger counter   	CLCT counter   	TMB trigger counter	ALCTs received counter	L1As received counter 	Readout counter 	Orbit counter	CLCT pre-trigger and ALCT coincidence counter	CFEB0 active flag sent to DMB for readout	CFEB1 active flag sent to DMB for readout	CFEB2 active flag sent to DMB for readout	CFEB3 active flag sent to DMB for readout
48579	2356	2061	43631	15905	12967	9922	7671	0	0	0	0	0	1092	137775	42539	1913	42278	261	40199	40367	2079	1911	660	828	326	42278	2739	42278	2075	2054	21	40224	2054	43712	42578	42306	48820	2075	2054	104812	6178	18114	16716	13076	9070
1869	34	0	756	213	211	158	202	0	0	0	0	0	334	2036	422	13	262	160	250	250	12	12	6	6	3	262	18	262	0	0	0	262	0	44468	43000	42568	50689	2075	2054	536243	118	243	279	222	234
48330	2404	1973	43382	15553	13160	9873	7663	0	0	0	0	0	1069	136823	42313	1947	42063	250	39943	40119	2120	1944	640	816	330	42063	2760	42063	1979	1968	11	40095	1968	87851	85314	84631	99019	4054	4022	590627	6234	17846	16862	13061	9006
1865	30	0	744	180	200	185	200	0	0	0	0	0	336	1979	408	9	244	164	236	238	8	6	4	6	0	244	12	244	0	0	0	244	0	88595	85722	84875	100884	4054	4022	1022058	124	208	274	246	232
47821	2352	1948	42949	15497	12911	9818	7454	0	0	0	0	0	1011	135697	41938	1860	41652	286	39546	39797	2106	1855	596	847	282	41652	2702	41652	1956	1940	16	39712	1940	131544	127660	126527	148705	1914	1866	1076431	6018	17771	16523	12932	8845
1888	47	0	757	210	178	173	215	0	0	0	0	0	343	2010	414	8	261	153	242	254	19	7	1	13	3	261	20	261	0	0	0	261	0	132301	128074	126788	150593	1914	1866	1507862	113	234	240	232	240
47577	2282	2079	42733	15539	12585	9941	7441	0	0	0	0	0	1009	135115	41724	1881	41452	272	39401	39577	2051	1875	616	792	291	41452	2667	41452	2084	2074	10	39378	2074	175034	169798	168240	198170	3998	3940	1562246	5985	17648	16265	13093	8768
1946	47	0	760	221	188	188	194	0	0	0	0	0	333	2044	427	13	268	159	248	256	20	12	4	12	5	268	24	268	0	0	0	268	0	175794	170225	168508	200116	3998	3940	1993677	121	245	243	251	224
48190	2335	1973	43425	15627	12945	9910	7672	0	0	0	0	0	1041	137177	42384	1878	42087	297	40022	40211	2065	1876	653	842	290	42087	2718	42087	1977	1968	9	40119	1968	219219	212609	210595	248306	1879	1812	2048049	6127	17884	16720	13110	9066
1895	43	0	772	207	210	179	206	0	0	0	0	0	368	2046	404	11	251	153	236	242	15	9	4	10	0	251	19	251	0	0	0	251	0	219993	213014	210846	250202	1879	1812	2479490	115	239	269	243	231
48550	2359	2061	43692	15731	13187	10004	7635	0	0	0	0	0	1120	137836	42572	1855	42276	296	40174	40427	2102	1849	621	874	277	42276	2723	42276	2072	2054	18	40222	2054	263685	255586	253122	298752	3951	3866	2533864	6265	17997	16957	13107	9057
1889	36	0	765	212	205	193	187	0	0	0	0	0	342	2024	423	9	253	170	237	245	16	8	4	12	5	253	20	253	0	0	0	253	0	264450	256009	253375	300642	3951	3866	2965294	117	248	266	242	214
50755	2430	2169	45491	16356	13721	10358	8040	0	0	0	0	0	1092	143616	44399	2003	44102	297	41895	42101	2207	2001	676	882	335	44102	2883	44102	2179	2166	13	41936	2166	309941	300408	297477	351397	2034	1936	3019668	6474	18694	17642	13721	9493
1913	40	0	775	226	178	179	220	0	0	0	0	0	332	2079	443	9	278	165	265	272	13	6	3	10	2	278	16	278	0	0	0	278	0	310716	300851	297755	353312	2034	1936	3451110	113	253	232	229	251
51553	2444	2073	46224	16448	13849	10698	8249	0	0	0	0	0	1088	145895	45136	2039	44847	289	42691	42808	2156	2039	711	828	318	44847	2867	44847	2078	2069	9	42778	2069	356940	345987	342602	404865	16	4005	3505483	6590	18785	17768	14144	9752
1865	37	0	765	199	213	186	204	0	0	0	0	0	377	2018	388	6	241	147	231	238	10	3	0	7	0	241	10	241	0	0	0	241	0	357705	346375	342843	406730	16	4005	3936913	127	229	271	258	222
47928	2302	1950	43063	15637	12979	9658	7560	0	0	0	0	0	1071	135862	41992	1876	41709	283	39647	39836	2062	1873	606	795	278	41709	2668	41709	1959	1946	13	39763	1946	400768	388367	384552	454658	1975	1855	3991298	6098	17931	16644	12822	8934
1881	31	0	725	195	183	178	202	0	0	0	0	0	336	1920	389	7	252	137	241	246	11	6	4	9	0	252	15	252	0	0	0	252	0	401494	388757	384804	456540	1975	1855	4422729	122	223	233	219	228
50767	2404	2111	45595	16456	13602	10371	8064	0	0	0	0	0	1103	143792	44492	1898	44222	270	42063	42326	2159	1896	638	901	302	44222	2797	44222	2119	2106	13	42116	2106	447089	433249	429026	507307	4094	3961	4477102	6409	18865	17523	13653	9536
1868	41	0	767	190	206	173	223	0	0	0	0	0	336	2043	431	10	281	150	267	271	14	10	3	7	0	281	17	281	0	0	0	281	0	447856	433680	429307	509175	4094	3961	4908533	118	219	261	232	245
49612	2438	2086	44504	16059	13263	10202	7851	0	0	0	0	0	1031	140601	43473	1970	43220	253	41081	41252	2139	1968	659	830	309	43220	2798	43220	2094	2083	11	41137	2083	492360	477153	472527	558787	2092	1948	4962928	6180	18352	17188	13436	9273
2002	42	0	774	198	172	210	218	0	0	0	0	0	347	2071	427	8	282	145	263	275	19	7	2	14	0	282	21	282	0	0	0	282	0	493134	477580	472809	560790	2092	1948	5394348	129	220	238	265	248
49038	2283	2007	44071	15869	13316	10164	7634	0	0	0	0	0	1065	139119	43006	1912	42715	291	40670	40805	2045	1910	648	783	322	42715	2693	42715	2019	2002	17	40713	2002	537205	520586	515524	609828	15	3950	5448720	6218	18129	16986	13310	9054
1862	30	0	744	199	188	196	187	0	0	0	0	0	345	1983	399	7	253	146	245	247	8	6	3	5	0	253	11	253	0	0	0	253	0	537949	520985	515777	611691	15	3950	5880152	120	226	240	248	226
51862	2552	2105	46482	16803	13951	10553	8078	0	0	0	0	0	1119	146812	45363	1991	45105	258	42847	43118	2258	1987	658	929	331	45105	2916	45105	2116	2101	15	43004	2101	584431	566348	560882	663553	2131	1955	5934535	6593	19206	17951	13936	9563
1917	39	0	753	205	215	176	183	0	0	0	0	0	309	2030	444	10	274	170	254	265	20	9	2	13	3	274	22	274	0	0	0	274	0	585185	566793	561157	665473	2131	1955	6365965	121	230	273	225	214
47433	2343	1951	42523	15426	12600	9861	7416	0	0	0	0	0	1083	134361	41440	1887	41140	300	39077	39254	2063	1886	642	819	294	41140	2705	41140	1957	1946	11	39194	1946	627709	608233	602297	712906	4088	3901	6420339	6039	17576	16289	12852	8798
1881	45	0	801	224	193	192	222	0	0	0	0	0	376	2134	425	7	265	160	251	259	14	6	3	11	2	265	17	265	0	0	0	265	0	628510	608658	602562	714789	4088	3901	6851780	128	256	272	251	251
51739	2522	2183	46464	16876	13941	10521	8216	0	0	0	0	0	1143	146555	45321	2104	45068	253	42809	42968	2259	2100	691	850	340	45068	2950	45068	2190	2176	14	42892	2176	674975	653980	647630	766528	2182	1981	6906154	6539	19286	17888	14038	9693
1910	41	0	717	186	190	178	192	0	0	0	0	0	312	1915	405	9	264	141	249	258	15	6	4	13	1	264	19	264	0	0	0	264	0	675694	654387	647895	768439	2182	1981	7337584	107	211	235	231	214
47268	2272	1925	42359	15114	12599	9826	7576	0	0	0	0	0	1046	133586	41313	1846	41024	289	38998	39182	2026	1842	623	807	259	41024	2649	41024	1929	1919	10	39105	1919	718053	695700	688919	815707	15	3900	7391958	6063	17301	16266	12921	8962
1803	35	0	709	210	147	166	208	0	0	0	0	0	336	1866	373	10	248	125	237	239	11	9	4	6	1	248	15	248	0	0	0	248	0	718762	696073	689167	817510	15	3900	7823388	111	232	205	217	233
50236	2444	2118	44993	16284	13459	10275	7888	0	0	0	0	0	1034	142191	43959	1980	43670	289	41492	41693	2178	1977	667	868	318	43670	2845	43670	2128	2113	15	41557	2113	763755	740032	732837	867746	2143	1917	7877773	6269	18660	17287	13463	9265
1853	38	0	746	207	190	167	217	0	0	0	0	0	360	1968	386	7	251	135	243	245	8	6	4	6	1	251	12	251	0	0	0	251	0	764501	740418	733088	869599	2143	1917	8309203	108	235	242	219	240
49771	2467	2159	44652	16311	13398	10116	7624	0	0	0	0	0	1059	141060	43593	1954	43302	291	41129	41349	2173	1953	679	899	301	43302	2852	43302	2165	2154	11	41148	2154	809154	784012	776391	919371	212	4071	8363575	6202	18685	17237	13295	9062
1877	37	0	751	204	187	178	214	0	0	0	0	0	335	2022	416	10	252	164	241	242	11	10	7	8	1	252	18	252	0	0	0	252	0	809905	784428	776643	921248	212	4071	8795019	111	227	237	248	245
48133	2289	2005	43207	15571	13027	9840	7571	0	0	0	0	0	1050	136382	42157	1871	41906	251	39850	40039	2056	1867	653	842	288	41906	2709	41906	2010	1998	12	39908	1998	853112	826585	818549	969381	2222	1973	8849392	6085	17841	16664	12932	8948
1890	33	0	824	240	198	204	214	0	0	0	0	0	395	2197	429	9	255	174	244	246	11	9	4	6	2	255	15	255	0	0	0	255	0	853936	827014	818804	971271	2222	1973	9280821	111	262	280	246	247

processed_m4341_ME21_HV0_test40_SRCoff_170710_124158_TMBCounters.txt																																													
alct0 valid pattern flag received	alct1 valid pattern flag received	raw hits readout   	Pretrigger   	Pretrigger on CFEB0	Pretrigger on CFEB1	Pretrigger on CFEB2	Pretrigger on CFEB3	Pretrigger on CFEB4	Pretrigger on CFEB5	Pretrigger on CFEB6	Pretrigger on ME1A CFEB 4-6 only	Pretrigger on ME1B CFEBs 0-3 only	Discarded, CLCT0 invalid pattern after drift	BX pretrig waiting for triads to dissipate	clct0 sent to TMB matching section	clct1 sent to TMB matching section	TMB accepted alct	TMB match reject event  	Matching found one ALCT	Matching found one CLCT	Matching found two ALCTs	Matching found two CLCTs	ALCT0 copied into ALCT1 to make 2nd LCT	CLCT0 copied into CLCT1 to make 2nd LCT	LCT1 has higher quality than LCT0 	Transmitted LCT0 to MPC	Transmitted LCT1 to MPC	MPC rejected both LCT0 and LCT1	L1A received   	L1A received, TMB in L1A window	L1A received, no TMB in window	TMB triggered, no L1A in window	TMB readouts completed	Pretrigger counter   	CLCT counter   	TMB trigger counter	ALCTs received counter	L1As received counter 	Readout counter 	Orbit counter	CLCT pre-trigger and ALCT coincidence counter	CFEB0 active flag sent to DMB for readout	CFEB1 active flag sent to DMB for readout	CFEB2 active flag sent to DMB for readout	CFEB3 active flag sent to DMB for readout
49168	2297	2092	44246	16169	13286	9961	7792	0	0	0	0	0	1084	139017	43162	1881	42878	284	40825	40998	2053	1880	647	820	293	42878	2700	42878	2098	2086	12	40792	2086	44351	43218	42912	49386	2098	2086	104824	2872	18455	17023	13221	9155
1986	47	0	775	222	190	195	202	0	0	0	0	0	365	2047	410	5	272	138	255	268	17	4	2	15	0	272	19	272	0	0	0	272	0	45126	43628	43184	51372	2098	2086	536255	79	248	247	247	230
50772	2496	2115	45686	16553	13715	10492	7901	0	0	0	0	0	1077	143737	44609	1912	44335	274	42151	42426	2184	1909	651	926	299	44335	2835	44335	2121	2106	15	42229	2106	90812	88237	87519	102144	123	96	590628	2909	18958	17750	13672	9392
1908	47	0	772	205	225	177	194	0	0	0	0	0	376	2049	396	9	266	130	255	257	11	9	5	7	2	266	16	266	0	0	0	266	0	91584	88633	87785	104052	123	96	1022059	86	230	280	244	221
48578	2348	1995	43646	15853	13162	10014	7547	0	0	0	0	0	1056	137243	42590	1876	42327	263	40258	40453	2069	1874	668	863	295	42327	2737	42327	2007	1988	19	40339	1988	135231	131223	130112	152631	2130	2084	1076442	2788	18101	16961	13139	8963
1855	46	0	767	197	200	184	218	0	0	0	0	0	347	2059	420	9	252	168	235	245	17	7	4	14	2	252	21	252	0	0	0	252	0	135998	131643	130364	154488	2130	2084	1507874	70	223	257	239	247
51162	2515	2091	46115	16541	13877	10577	8209	0	0	0	0	0	1091	145073	45024	2046	44727	297	42467	42681	2260	2046	661	875	314	44727	2921	44727	2102	2085	17	42642	2085	182113	176667	175091	205650	136	73	1562246	2992	18882	17812	13940	9763
1866	39	0	781	192	193	203	221	0	0	0	0	0	379	2073	402	6	232	170	217	226	15	6	3	12	1	232	18	232	0	0	0	232	0	182894	177069	175323	207517	136	73	1993689	91	216	247	253	259
49748	2497	2058	44653	16100	13382	10208	7943	0	0	0	0	0	1069	140447	43584	2016	43318	266	41064	41306	2254	2012	669	911	307	43318	2923	43318	2064	2055	9	41263	2055	227548	220653	218641	257265	2200	2128	2048061	2966	18520	17199	13429	9436
1907	39	0	789	191	195	215	216	0	0	0	0	0	337	2128	452	10	295	157	280	285	15	10	3	8	0	295	18	295	0	0	0	295	0	228337	221105	218936	259172	2200	2128	2479491	74	216	250	273	248
49033	2391	2012	44109	15978	13220	10043	7742	0	0	0	0	0	1036	138867	43073	1885	42794	279	40660	40910	2134	1884	585	835	280	42794	2719	42794	2022	2007	15	40787	2007	272446	264178	261730	308205	126	39	2533865	2799	18188	16898	13253	9214
1950	44	0	765	206	197	181	215	0	0	0	0	0	351	2039	414	7	263	151	246	258	17	5	2	14	2	263	19	263	0	0	0	263	0	273211	264592	261993	310155	126	39	2965306	100	241	265	236	248
50592	2385	2144	45607	16616	13633	10479	7959	0	0	0	0	0	1107	143508	44500	1991	44186	314	42082	42195	2104	1991	735	848	324	44186	2839	44186	2155	2138	17	42048	2138	318818	309092	306179	360747	2281	2177	3019680	2941	18956	17661	13756	9398
1919	37	0	757	217	203	173	196	0	0	0	0	0	339	2030	418	9	268	150	247	259	21	9	4	16	4	268	25	268	0	0	0	268	0	319576	309510	306447	362666	2281	2177	3451110	82	248	260	230	222
48988	2488	1992	43987	15876	13263	10086	7721	0	0	0	0	0	1073	138306	42914	1954	42619	295	40413	40669	2206	1950	644	900	298	42619	2850	42619	2000	1990	10	40629	1990	363563	352424	349066	411654	185	71	3505484	2776	18103	16985	13261	9081
1951	31	0	775	219	206	169	215	0	0	0	0	0	336	2088	439	9	272	167	261	264	11	8	4	7	3	272	15	272	0	0	0	272	0	364338	352863	349338	413606	185	71	3936926	74	244	248	220	239
52143	2573	2187	46885	17144	14032	10691	8216	0	0	0	0	0	1171	147335	45714	2091	45412	302	43138	43323	2274	2089	709	894	335	45412	2983	45412	2194	2180	14	43232	2180	411223	398577	394750	465749	2379	2251	3991299	3068	19583	18117	13995	9709
1928	38	0	803	216	202	201	227	0	0	0	0	0	366	2149	437	11	260	177	246	250	14	10	4	8	2	260	18	260	0	0	0	260	0	412026	399014	395010	467678	2379	2251	4422729	84	240	256	258	254
48946	2327	2108	44013	16185	13050	10149	7631	0	0	0	0	0	1086	138382	42927	1865	42656	271	40572	40794	2084	1862	623	845	292	42656	2707	42656	2113	2102	11	40554	2102	456039	441941	437666	516626	396	257	4477103	2842	18498	16841	13246	9042
1907	41	0	772	214	196	205	192	0	0	0	0	0	347	2085	425	12	271	154	254	262	17	9	3	11	2	271	20	271	0	0	0	271	0	456811	442366	437937	518533	396	257	4908545	65	243	254	248	224
48669	2311	2014	43704	15847	13134	9953	7586	0	0	0	0	0	1006	137384	42698	1835	42371	327	40307	40539	2064	1832	632	864	296	42371	2696	42371	2023	2009	14	40362	2009	500515	485064	480308	567202	2419	2266	4962916	2839	18051	17038	13251	8988
1921	35	0	798	210	206	186	225	0	0	0	0	0	370	2123	428	8	272	156	261	265	11	7	4	8	1	272	15	272	0	0	0	272	0	501313	485492	480580	569123	2419	2266	5394348	73	238	258	245	257
50308	2474	2110	45028	16280	13441	10377	7963	0	0	0	0	0	1064	141927	43964	2061	43680	284	41487	41621	2193	2059	717	851	300	43680	2910	43680	2117	2103	14	41577	2103	546341	529456	524260	619431	440	273	5448732	2888	18634	17408	13622	9321
1918	51	0	784	199	201	220	190	0	0	0	0	0	345	2121	439	7	277	162	256	270	21	7	2	16	2	277	23	277	0	0	0	277	0	547125	529895	524537	621349	440	273	5880164	57	227	277	266	233
47888	2321	1970	43100	15737	12936	9771	7529	0	0	0	0	0	1091	135407	42009	1820	41742	267	39655	39924	2087	1818	576	845	291	41742	2663	41742	1976	1966	10	39776	1966	590225	571904	566279	669237	2416	2239	5934535	2880	17892	16713	12910	8919
1848	37	0	781	197	215	203	196	0	0	0	0	0	364	2067	417	9	273	144	263	266	10	7	4	7	1	273	14	273	0	0	0	273	0	591006	572321	566552	671085	2416	2239	6365979	84	220	270	268	215
51418	2465	2113	46208	16567	13938	10694	8019	0	0	0	0	0	1131	145314	45077	1995	44775	302	42591	42782	2184	1993	678	869	316	44775	2862	44775	2120	2109	11	42666	2109	637215	617398	611327	722503	440	252	6420351	3074	18965	17952	14106	9512
1975	32	0	795	213	199	197	218	0	0	0	0	0	361	2136	434	4	285	149	275	282	10	3	1	8	2	285	11	285	0	0	0	285	0	638011	617833	611612	724478	440	252	6851781	70	245	259	254	263
49328	2448	2104	44308	16075	13264	10192	7787	0	0	0	0	0	1058	139494	43250	1922	42966	284	40773	41046	2193	1920	607	880	296	42966	2800	42966	2112	2098	14	40868	2098	682319	661083	654578	773806	2552	2350	6906154	2878	18326	17145	13361	9244
1888	38	0	728	192	183	177	204	0	0	0	0	0	342	1955	386	11	238	148	223	228	15	10	2	7	3	238	17	238	0	0	0	238	0	683047	661469	654816	775694	2552	2350	7337598	72	215	232	229	230
52593	2513	2266	47415	17394	14341	10828	8091	0	0	0	0	0	1146	149093	46269	1992	45992	277	43756	44008	2236	1984	650	902	312	45992	2886	45992	2273	2254	19	43738	2254	730462	707738	700808	828287	729	508	7391970	3068	19859	18395	14175	9579
1959	48	0	740	178	186	197	206	0	0	0	0	0	357	1952	383	5	233	150	221	229	12	4	1	9	2	233	13	233	0	0	0	233	0	731202	708121	701041	830246	729	508	7823400	84	209	243	250	231
53442	2622	2205	47988	17386	14462	10885	8538	0	0	0	0	0	1150	151023	46838	2047	46535	303	44206	44492	2329	2043	656	942	337	46535	2985	46535	2213	2200	13	44335	2200	779190	754959	747576	883690	2942	2708	7877773	3130	19897	18613	14333	9969
1975	30	0	791	217	208	199	194	0	0	0	0	0	325	2166	466	3	318	148	303	316	15	2	1	14	0	318	16	318	0	0	0	318	0	779981	755425	747894	885665	2942	2708	8309215	60	254	274	238	228
56693	2739	2431	50898	18469	15404	11512	8923	0	0	0	0	0	1233	160094	49665	2212	49371	294	46921	47163	2450	2208	716	958	357	49371	3166	49371	2438	2425	13	46946	2425	830879	805090	797265	942358	1284	1037	8363589	3361	21229	19758	15192	10479
1968	43	0	741	220	220	166	176	0	0	0	0	0	327	1993	414	10	259	155	241	249	18	10	2	10	3	259	20	259	0	0	0	259	0	831620	805504	797524	944326	1284	1037	8795032	71	260	277	210	203

