processed_m4668_ME11_HV0_test40_SRCoff_170718_114637_TMBCounters.txt																																													
alct0 valid pattern flag received	alct1 valid pattern flag received	raw hits readout   	Pretrigger   	Pretrigger on CFEB0	Pretrigger on CFEB1	Pretrigger on CFEB2	Pretrigger on CFEB3	Pretrigger on CFEB4	Pretrigger on CFEB5	Pretrigger on CFEB6	Pretrigger on ME1A CFEB 4-6 only	Pretrigger on ME1B CFEBs 0-3 only	Discarded, CLCT0 invalid pattern after drift	BX pretrig waiting for triads to dissipate	clct0 sent to TMB matching section	clct1 sent to TMB matching section	TMB accepted alct	TMB match reject event  	Matching found one ALCT	Matching found one CLCT	Matching found two ALCTs	Matching found two CLCTs	ALCT0 copied into ALCT1 to make 2nd LCT	CLCT0 copied into CLCT1 to make 2nd LCT	LCT1 has higher quality than LCT0 	Transmitted LCT0 to MPC	Transmitted LCT1 to MPC	MPC rejected both LCT0 and LCT1	L1A received   	L1A received, TMB in L1A window	L1A received, no TMB in window	TMB triggered, no L1A in window	TMB readouts completed	Pretrigger counter   	CLCT counter   	TMB trigger counter	ALCTs received counter	L1As received counter 	Readout counter 	Orbit counter	CLCT pre-trigger and ALCT coincidence counter	CFEB0 active flag sent to DMB for readout	CFEB1 active flag sent to DMB for readout	CFEB2 active flag sent to DMB for readout	CFEB3 active flag sent to DMB for readout
61296	933	3148	157762	47163	48537	56644	0	2969	2559	2485	7891	149848	135907	238512	21855	527	21451	404	20714	20924	737	527	201	411	104	21451	938	21451	3157	3088	69	18363	3088	283097	22179	21466	92864	3157	3088	104801	0	0	0	0	0
268465	310	0	1075599	300672	326709	400725	0	21470	18624	17794	57443	1018123	1072783	1339262	2816	0	91	2725	91	91	0	0	0	0	0	91	0	91	0	0	0	91	0	1359862	24998	21557	361605	3157	3088	536233	0	0	0	0	0
60968	878	3076	157033	46818	47871	56805	0	2900	2579	2472	7853	149165	135527	237005	21506	450	21089	417	20408	20639	681	450	178	409	82	21089	859	21089	3083	3036	47	18053	3036	1517513	46506	42646	422705	2144	2028	590605	0	0	0	0	0
269667	342	0	1076289	300975	327236	399934	0	21865	18405	17969	57778	1018479	1073502	1340273	2787	0	84	2703	84	84	0	0	0	0	0	84	0	84	0	0	0	84	0	2594445	49293	42730	692543	2144	2028	1022047	0	0	0	0	0
64186	1015	3455	160221	48007	49348	57470	0	2939	2685	2479	7983	152212	136407	245576	23814	576	23429	385	22617	22854	812	575	202	439	120	23429	1014	23429	3470	3393	77	20036	3393	2755264	73108	66159	756891	1518	1325	1076420	0	0	0	0	0
269533	376	0	1074155	300454	326567	399390	0	21594	18642	17730	57478	1016626	1071344	1336745	2811	2	90	2721	88	89	2	1	0	1	1	90	2	90	0	0	0	90	0	3830054	75920	66249	1026594	1518	1325	1507851	0	0	0	0	0
59586	836	2836	156219	46470	47958	56282	0	2942	2518	2512	7889	148317	135808	233767	20411	456	20009	402	19356	19554	653	455	178	376	87	20009	831	20009	2841	2788	53	17221	2788	3986869	96332	86258	1086339	263	17	1562235	0	0	0	0	0
269828	346	0	1076789	300644	328087	400456	0	21784	18383	17849	57546	1019197	1073935	1340890	2854	0	81	2773	80	81	1	0	0	1	0	81	1	81	0	0	0	81	0	5064244	99186	86339	1356318	263	17	1993666	0	0	0	0	0
60934	887	2997	157188	46949	48136	56489	0	2916	2644	2486	7947	149221	135792	236697	21396	486	21008	388	20292	20523	716	485	184	415	89	21008	900	21008	3006	2951	55	18057	2951	5222062	120584	107347	1417410	3269	2968	2048039	0	0	0	0	0
270454	361	0	1076991	301233	327430	399948	0	21937	18549	18069	58074	1018860	1074103	1339819	2888	1	87	2801	84	86	3	1	0	2	1	87	3	87	0	0	0	87	0	6299680	123474	107434	1688018	3269	2968	2479470	0	0	0	0	0
60497	843	2979	156485	46618	47758	56598	0	2959	2578	2399	7844	148620	135646	234972	20839	470	20452	387	19786	19983	666	469	194	391	84	20452	860	20452	2988	2930	58	17522	2930	6456809	144316	127886	1748680	2161	1802	2533846	0	0	0	0	0
269517	341	0	1076013	300014	327340	400587	0	22044	18304	17904	57793	1018192	1073225	1340276	2788	0	94	2694	93	94	1	0	0	1	0	94	1	94	0	0	0	94	0	7533443	147108	127980	2018340	2161	1802	2965285	0	0	0	0	0
60095	886	2979	156243	46782	48148	55972	0	2909	2554	2458	7797	148416	135447	234285	20796	492	20367	429	19649	19875	718	492	165	391	90	20367	883	20367	2987	2934	53	17433	2934	7690319	167905	148347	2078575	1052	640	3019658	0	0	0	0	0
269002	322	0	1076071	300885	327639	399517	0	21912	18391	17893	57711	1018311	1073223	1339815	2848	1	111	2737	109	110	2	1	0	1	0	111	2	111	0	0	0	111	0	8766988	170754	148458	2347721	1052	640	3451089	0	0	0	0	0
60647	895	3002	156925	46920	47932	56793	0	2945	2476	2503	7824	149090	135678	236103	21247	477	20869	378	20156	20392	713	477	159	395	97	20869	872	20869	3012	2958	54	17911	2958	8924494	192003	169327	2408521	4064	3598	3505473	0	0	0	0	0
270768	377	0	1077528	301212	327650	401099	0	21496	18330	17911	57295	1020201	1074724	1341214	2804	3	98	2706	94	97	4	1	1	4	0	98	5	98	0	0	0	98	0	10002630	194807	169425	2679462	4064	3598	3936904	0	0	0	0	0
61702	934	3162	157611	47379	48267	56713	0	2917	2563	2411	7786	149806	135597	238500	22014	514	21611	403	20877	21097	734	514	211	431	99	21611	945	21611	3168	3103	65	18508	3103	10160834	216824	191036	2741322	3136	2605	3991276	0	0	0	0	0
268486	359	0	1075956	300388	327684	400248	0	21796	18401	17719	57468	1018434	1073193	1339333	2763	0	89	2674	88	89	1	0	0	1	0	89	1	89	0	0	0	89	0	11237420	219587	191125	3009960	3136	2605	4422708	0	0	0	0	0
60624	923	3067	157376	47000	48119	56756	0	3029	2496	2532	7963	149399	135822	237081	21554	533	21150	404	20406	20617	744	533	206	417	102	21150	950	21150	3073	3020	53	18130	3020	11395397	241142	212275	3070728	2113	1529	4477091	0	0	0	0	0
268984	354	0	1077000	301023	328105	400397	0	21663	18220	17762	57157	1019786	1074087	1340643	2913	3	104	2809	101	101	3	3	1	1	1	104	4	104	0	0	0	104	0	12472976	244057	212379	3339866	2113	1529	4908523	0	0	0	0	0
61732	938	3172	158002	47266	48415	56580	0	3053	2610	2494	8076	149915	136169	238824	21833	523	21436	397	20681	20913	755	523	194	426	77	21436	949	21436	3184	3114	70	18322	3114	12631569	265892	233815	3401753	1201	547	4962895	0	0	0	0	0
269138	327	0	1077470	301274	327863	400547	0	21827	18559	17605	57473	1019946	1074606	1340980	2864	1	86	2778	85	85	1	1	1	1	0	86	2	86	0	0	0	86	0	13709647	268759	233901	3671046	1201	547	5394337	0	0	0	0	0
61343	949	3009	157323	47221	47848	56776	0	2897	2555	2512	7863	149435	135752	237470	21571	500	21197	374	20447	20697	750	500	161	411	104	21197	911	21197	3026	2970	56	18227	2970	13867575	290332	255098	3732535	131	3517	5448710	0	0	0	0	0
269281	402	0	1076034	300373	327175	400850	0	21630	18346	17789	57290	1018694	1073163	1339452	2871	0	104	2767	102	104	2	0	0	2	0	104	2	104	0	0	0	104	0	14944268	293203	255202	4001974	131	3517	5880141	0	0	0	0	0
61281	902	3188	157123	46981	48387	56436	0	2955	2509	2467	7828	149276	135264	237762	21859	506	21458	401	20740	20952	718	506	207	419	96	21458	925	21458	3202	3136	66	18322	3136	15102037	315064	276660	4063395	3333	2557	5934514	0	0	0	0	0

processed_m4670_ME11_2600_test40_SRCoff_170718_121821_TMBCounters.txt																																													
alct0 valid pattern flag received	alct1 valid pattern flag received	raw hits readout   	Pretrigger   	Pretrigger on CFEB0	Pretrigger on CFEB1	Pretrigger on CFEB2	Pretrigger on CFEB3	Pretrigger on CFEB4	Pretrigger on CFEB5	Pretrigger on CFEB6	Pretrigger on ME1A CFEB 4-6 only	Pretrigger on ME1B CFEBs 0-3 only	Discarded, CLCT0 invalid pattern after drift	BX pretrig waiting for triads to dissipate	clct0 sent to TMB matching section	clct1 sent to TMB matching section	TMB accepted alct	TMB match reject event  	Matching found one ALCT	Matching found one CLCT	Matching found two ALCTs	Matching found two CLCTs	ALCT0 copied into ALCT1 to make 2nd LCT	CLCT0 copied into CLCT1 to make 2nd LCT	LCT1 has higher quality than LCT0 	Transmitted LCT0 to MPC	Transmitted LCT1 to MPC	MPC rejected both LCT0 and LCT1	L1A received   	L1A received, TMB in L1A window	L1A received, no TMB in window	TMB triggered, no L1A in window	TMB readouts completed	Pretrigger counter   	CLCT counter   	TMB trigger counter	ALCTs received counter	L1As received counter 	Readout counter 	Orbit counter	CLCT pre-trigger and ALCT coincidence counter	CFEB0 active flag sent to DMB for readout	CFEB1 active flag sent to DMB for readout	CFEB2 active flag sent to DMB for readout	CFEB3 active flag sent to DMB for readout
42394	552	2687	85701	24619	28494	30615	0	1045	1136	1006	3157	82544	82095	115564	3606	76	3440	166	3242	3364	198	76	18	140	17	3440	216	3440	2776	698	2078	2742	698	154746	3748	3441	60229	2776	698	104813	0	0	0	0	0
152302	114	0	590793	160704	192771	218171	0	8436	8639	8159	25009	565776	589484	731850	1309	0	20	1289	19	20	1	0	0	1	0	20	1	20	0	0	0	20	0	745878	5058	3461	212615	2776	698	536243	0	0	0	0	0
42334	570	2813	84982	24305	28128	30405	0	1079	1171	1033	3252	81729	81364	114615	3618	69	3422	196	3224	3353	198	69	15	144	14	3422	213	3422	2919	743	2176	2679	743	831164	8676	6883	255039	1599	1441	590628	0	0	0	0	0
152374	100	0	590417	160620	193346	217336	0	8482	8717	7975	24963	565447	589201	731331	1216	1	20	1196	20	19	0	1	1	0	1	20	1	20	0	0	0	20	0	1421922	9892	6903	407494	1599	1441	1022059	0	0	0	0	0
41751	568	2716	84353	24176	28043	29944	0	1072	1149	1005	3203	81150	80784	113631	3569	67	3401	168	3207	3334	194	67	23	150	9	3401	217	3401	2811	684	2127	2717	684	1506619	13462	10305	449329	314	2125	1076432	0	0	0	0	0
152648	118	0	590475	160366	193055	217868	0	8486	8762	7952	24993	565476	589315	730932	1160	0	28	1132	28	28	0	0	0	0	0	28	0	28	0	0	0	28	0	2097460	14623	10333	602095	314	2125	1507862	0	0	0	0	0
42699	568	2818	85096	24365	28470	30089	0	1107	1150	1053	3282	81810	81397	114665	3699	72	3529	170	3337	3457	192	72	21	141	21	3529	213	3529	2909	760	2149	2769	760	2182897	18325	13862	644879	3223	2885	1562246	0	0	0	0	0
152510	107	0	590390	160822	192976	217505	0	8545	8799	7797	24901	565477	589164	731120	1226	0	14	1212	14	14	0	0	0	0	0	14	0	14	0	0	0	14	0	2773612	19551	13876	797479	3223	2885	1993678	0	0	0	0	0
43443	618	3029	85663	24620	28403	30379	0	1147	1204	1090	3411	82249	81692	116019	3971	67	3779	192	3584	3712	195	67	24	152	10	3779	219	3779	3139	824	2315	2955	824	2859599	23522	17655	841007	2266	3709	2048049	0	0	0	0	0
153475	115	0	590031	160584	193238	217522	0	8370	8557	7997	24710	565306	588768	730522	1263	0	25	1238	24	25	1	0	0	1	0	25	1	25	0	0	0	25	0	3449983	24785	17680	994565	2266	3709	2479481	0	0	0	0	0
42922	582	2819	85610	24492	28621	30306	0	1094	1239	1033	3335	82271	81718	115933	3892	56	3695	197	3484	3639	211	56	11	166	11	3695	222	3695	2920	807	2113	2888	807	3535933	28677	21375	1037578	1090	420	2533865	0	0	0	0	0
152383	116	0	592186	161360	193928	217838	0	8413	8778	7969	24922	567251	590914	733402	1272	0	19	1253	19	19	0	0	0	0	0	19	0	19	0	0	0	19	0	4128458	29949	21394	1190049	1090	420	2965297	0	0	0	0	0
42153	539	2758	84579	24379	27730	30365	0	1030	1185	1028	3209	81367	80905	113891	3674	52	3504	170	3313	3452	191	52	15	154	11	3504	206	3504	2857	728	2129	2776	728	4213339	33624	24898	1232293	3947	1148	3019668	0	0	0	0	0
152277	101	0	591163	161469	192970	217817	0	8366	8596	8110	24859	566292	589935	732109	1228	0	26	1202	25	26	1	0	0	1	0	26	1	26	0	0	0	26	0	4804841	34852	24924	1384642	3947	1148	3451100	0	0	0	0	0
43095	556	2952	85820	24790	28720	30189	0	1124	1151	1038	3280	82536	82051	116009	3769	63	3611	158	3408	3548	203	63	18	158	12	3611	221	3611	3037	798	2239	2813	798	4891000	38621	28535	1427815	2888	1946	3505475	0	0	0	0	0
153103	87	0	591126	160684	193765	217833	0	8319	8749	7874	24731	566387	589879	731151	1247	0	24	1223	24	24	0	0	0	0	0	24	0	24	0	0	0	24	0	5482463	39870	28559	1580995	2888	1946	3936914	0	0	0	0	0
42246	537	2707	85119	24324	28380	30148	0	1131	1170	1101	3375	81742	81538	114638	3581	42	3386	195	3217	3344	169	42	18	145	8	3386	187	3386	2781	685	2096	2701	685	5567883	43452	31945	1623316	1573	2631	3991287	0	0	0	0	0
152714	133	0	590573	160742	193181	217603	0	8396	8716	8042	24932	565633	589315	732299	1258	0	20	1238	18	20	2	0	0	2	0	20	2	20	0	0	0	20	0	6158793	44711	31965	1776123	1573	2631	4422729	0	0	0	0	0
44086	624	2925	86044	24620	28623	30610	0	1153	1169	1077	3376	82666	82147	116425	3897	58	3728	169	3523	3670	205	58	16	163	10	3728	221	3728	3018	739	2279	2989	739	6245158	48609	35693	1820305	495	3370	4477105	0	0	0	0	0
153150	112	0	590391	160970	193175	217264	0	8479	8656	7981	24901	565487	589127	730659	1264	0	31	1233	31	31	0	0	0	0	0	31	0	31	0	0	0	31	0	6835900	49874	35724	1973549	495	3370	4908535	0	0	0	0	0
43394	594	2924	85716	24600	28492	30411	0	1117	1195	1088	3353	82363	81873	115909	3843	57	3668	175	3482	3611	186	57	18	147	6	3668	204	3668	3008	765	2243	2903	765	6921947	53717	39392	2017030	3503	39	4962906	0	0	0	0	0
152209	106	0	590086	160687	193108	217250	0	8427	8697	8072	24969	565104	588903	730720	1183	0	19	1164	18	19	1	0	0	1	0	19	1	19	0	0	0	19	0	7512517	54900	39411	2169379	3503	39	5394348	0	0	0	0	0
43670	594	2899	85686	24495	28665	30347	0	1147	1150	1060	3316	82364	81782	116104	3904	53	3718	186	3505	3665	213	53	18	178	13	3718	231	3718	2999	771	2228	2947	771	7598538	58804	43129	2213131	2406	810	5448720	0	0	0	0	0
152611	104	0	590482	160389	193446	217689	0	8429	8679	7994	24894	565584	589190	731187	1292	0	24	1268	24	24	0	0	0	0	0	24	0	24	0	0	0	24	0	8189355	60096	43153	2365833	2406	810	5880152	0	0	0	0	0
41933	535	2727	85230	24482	28245	30231	0	1122	1179	1059	3330	81896	81674	114385	3556	42	3364	192	3191	3322	173	42	14	145	6	3364	187	3364	2810	696	2114	2668	696	8274929	63652	46517	2407869	1120	1506	5934525	0	0	0	0	0
152432	98	0	590102	160854	192813	217346	0	8543	8728	8019	25078	565013	588843	730497	1259	0	19	1240	19	19	0	0	0	0	0	19	0	19	0	0	0	19	0	8865343	64911	46536	2560387	1120	1506	6365966	0	0	0	0	0
42742	571	2756	85059	24490	28240	30060	0	1121	1200	1114	3400	81652	81384	114862	3675	64	3488	187	3282	3424	206	64	22	164	12	3488	228	3488	2832	752	2080	2736	752	8950750	68588	50025	2603213	3952	2258	6420339	0	0	0	0	0
152534	118	0	591101	160341	193960	217781	0	8411	8714	8039	24931	566158	589845	731489	1256	0	26	1230	26	26	0	0	0	0	0	26	0	26	0	0	0	26	0	9542211	69844	50051	2755827	3952	2258	6851771	0	0	0	0	0

processed_m4672_ME11_2800_test40_SRCoff_170718_135014_TMBCounters.txt																																													
alct0 valid pattern flag received	alct1 valid pattern flag received	raw hits readout   	Pretrigger   	Pretrigger on CFEB0	Pretrigger on CFEB1	Pretrigger on CFEB2	Pretrigger on CFEB3	Pretrigger on CFEB4	Pretrigger on CFEB5	Pretrigger on CFEB6	Pretrigger on ME1A CFEB 4-6 only	Pretrigger on ME1B CFEBs 0-3 only	Discarded, CLCT0 invalid pattern after drift	BX pretrig waiting for triads to dissipate	clct0 sent to TMB matching section	clct1 sent to TMB matching section	TMB accepted alct	TMB match reject event  	Matching found one ALCT	Matching found one CLCT	Matching found two ALCTs	Matching found two CLCTs	ALCT0 copied into ALCT1 to make 2nd LCT	CLCT0 copied into CLCT1 to make 2nd LCT	LCT1 has higher quality than LCT0 	Transmitted LCT0 to MPC	Transmitted LCT1 to MPC	MPC rejected both LCT0 and LCT1	L1A received   	L1A received, TMB in L1A window	L1A received, no TMB in window	TMB triggered, no L1A in window	TMB readouts completed	Pretrigger counter   	CLCT counter   	TMB trigger counter	ALCTs received counter	L1As received counter 	Readout counter 	Orbit counter	CLCT pre-trigger and ALCT coincidence counter	CFEB0 active flag sent to DMB for readout	CFEB1 active flag sent to DMB for readout	CFEB2 active flag sent to DMB for readout	CFEB3 active flag sent to DMB for readout
50465	719	2390	146990	43554	44865	53192	0	2834	2439	2249	7431	139542	130446	215076	16544	373	16192	352	15624	15819	568	373	119	314	77	16192	687	16192	2395	2327	68	13865	2327	266483	16840	16197	77429	2395	2327	104801	0	0	0	0	0
215455	204	0	962965	269124	292402	358444	0	19363	16757	16167	51834	911090	960526	1197418	2439	1	83	2356	81	82	2	1	0	1	0	83	2	83	0	0	0	83	0	1230040	19280	16280	293007	2395	2327	509255	0	0	0	0	0
51236	707	2450	146547	43005	44835	53421	0	2711	2432	2282	7356	139179	129076	216481	17471	402	17092	379	16542	16690	550	402	156	304	79	17092	706	17092	2453	2392	61	14700	2392	1377149	36754	33372	344362	752	623	563627	0	0	0	0	0
214990	222	0	961508	268757	292116	358203	0	19012	16583	15986	51183	910293	959070	1196607	2438	0	70	2368	70	70	0	0	0	0	0	70	0	70	0	0	0	70	0	2339233	39195	33442	559477	752	623	968068	0	0	0	0	0
50437	698	2377	146290	43114	44670	53091	0	2771	2401	2331	7410	138867	129628	214423	16662	377	16327	335	15799	15950	528	377	154	305	75	16327	682	16327	2385	2332	53	13995	2332	2486104	55860	49770	610055	3137	2955	1022453	0	0	0	0	0
215424	227	0	961397	267866	292307	358024	0	19157	16857	16137	51736	909618	958893	1196145	2504	1	80	2424	80	79	0	1	1	0	0	80	1	80	0	0	0	80	0	3448054	58366	49850	825623	3137	2955	1426894	0	0	0	0	0
50656	707	2398	146625	43334	44885	52996	0	2751	2374	2436	7471	139136	129607	215797	17018	389	16645	373	16073	16256	572	389	143	326	80	16645	715	16645	2406	2336	70	14309	2336	3595260	75389	66495	876400	1447	1195	1481266	0	0	0	0	0
215659	234	0	962210	269466	291140	358628	0	19065	16957	16085	51688	910478	959873	1196249	2337	0	58	2279	56	58	2	0	0	2	0	58	2	58	0	0	0	58	0	4558063	77726	66553	1092204	1447	1195	1885707	0	0	0	0	0
51049	748	2424	146006	43110	44795	52719	0	2733	2471	2347	7462	138530	128920	214922	17086	424	16761	325	16167	16337	594	424	164	334	81	16761	758	16761	2430	2358	72	14403	2358	4704668	94815	83314	1143397	3877	3553	1940092	0	0	0	0	0
215895	220	0	962808	268954	292036	358836	0	19282	16748	16133	51755	911020	960347	1196762	2461	2	84	2377	82	83	2	1	0	1	0	84	2	84	0	0	0	84	0	5668072	97278	83398	1359425	3877	3553	2344533	0	0	0	0	0
50506	744	2404	146442	43563	44517	52940	0	2818	2466	2361	7565	138861	129465	215231	16977	395	16608	369	16006	16213	602	395	127	334	86	16608	729	16608	2406	2345	61	14263	2345	5815113	114257	100006	1410048	2187	1802	2398905	0	0	0	0	0
214593	192	0	962135	269474	291385	358111	0	19223	16710	16223	51751	910341	959626	1197093	2509	0	83	2426	82	83	1	0	0	1	0	83	1	83	0	0	0	83	0	6777815	116766	100089	1624776	2187	1802	2803358	0	0	0	0	0
50213	687	2385	146226	43136	44731	52853	0	2635	2476	2469	7500	138711	129622	214352	16604	359	16216	388	15668	15857	548	359	138	327	61	16216	686	16216	2389	2314	75	13902	2314	6924592	133371	116305	1675114	480	20	2857731	0	0	0	0	0
215695	208	0	962797	268683	292548	358415	0	19478	16767	15994	51805	910963	960300	1196991	2497	0	77	2420	75	77	2	0	0	2	0	77	2	77	0	0	0	77	0	7887973	135870	116382	1890966	480	20	3262172	0	0	0	0	0
50999	733	2406	146147	43094	44935	52779	0	2755	2440	2376	7484	138652	129190	214942	16957	409	16605	352	16024	16196	581	409	157	329	81	16605	738	16605	2410	2338	72	14267	2338	8034747	152827	132987	1942109	2890	2358	3316557	0	0	0	0	0
215943	222	0	961546	268139	291697	358932	0	19065	16751	16070	51458	910051	959215	1196210	2331	2	66	2265	62	64	4	2	1	3	0	66	5	66	0	0	0	66	0	8996919	155159	133053	2158191	2890	2358	3720997	0	0	0	0	0
50605	682	2401	146231	43303	44859	52860	0	2748	2321	2340	7327	138886	129442	214484	16789	407	16404	385	15855	15998	549	406	155	298	84	16404	704	16404	2413	2340	73	14064	2340	9143741	171952	149457	2208926	1207	602	3775370	0	0	0	0	0
215178	234	0	961810	269120	292206	357599	0	19299	16792	15896	51547	910229	959299	1195664	2511	0	73	2438	70	73	3	0	0	3	0	73	3	73	0	0	0	73	0	10106160	174464	149530	2424248	1207	602	4179811	0	0	0	0	0
50890	741	2545	146504	43577	44986	52664	0	2743	2407	2274	7344	139153	129464	215615	17040	400	16668	372	16085	16268	583	400	145	328	77	16668	728	16668	2553	2478	75	14190	2478	10253210	191505	166198	2475291	3760	3080	4234196	0	0	0	0	0
215286	203	0	961293	268274	291577	358891	0	19055	16625	15958	51239	910025	958818	1195162	2475	0	83	2392	81	83	2	0	0	2	0	83	2	83	0	0	0	83	0	11215092	193980	166281	2690715	3760	3080	4638636	0	0	0	0	0
49876	701	2294	145619	42823	44735	52717	0	2740	2332	2396	7378	138227	129359	212704	16260	363	15909	351	15362	15546	547	363	142	326	67	15909	689	15909	2298	2246	52	13663	2246	11361336	210243	182190	2740713	1962	1230	4693009	0	0	0	0	0
215513	239	0	963337	268922	292162	359117	0	19108	16878	16330	51923	911380	960872	1198485	2465	1	91	2374	89	90	2	1	1	2	0	91	3	91	0	0	0	91	0	12325270	212708	182281	2956358	1962	1230	5097461	0	0	0	0	0
49952	682	2380	145896	43086	44636	52715	0	2811	2409	2371	7514	138370	129633	212972	16263	380	15890	373	15345	15510	545	380	118	283	58	15890	663	15890	2383	2320	63	13570	2320	12471744	228971	198171	3006448	249	3550	5151835	0	0	0	0	0
215003	228	0	961009	268544	291808	358091	0	19176	16489	16060	51318	909661	958499	1195579	2510	1	66	2444	64	65	2	1	1	2	0	66	3	66	0	0	0	66	0	13433324	231483	198237	3221590	249	3550	5556276	0	0	0	0	0
50839	753	2452	146483	43412	44995	52825	0	2727	2452	2249	7335	139137	129399	215890	17084	403	16731	353	16139	16328	592	403	147	336	70	16731	739	16731	2462	2389	73	14342	2389	13580372	248572	214968	3272550	2711	1843	5610648	0	0	0	0	0
215188	251	0	962760	269366	292578	357829	0	19178	16722	16064	51536	911183	960268	1197208	2492	0	89	2403	86	89	3	0	0	3	0	89	3	89	0	0	0	89	0	14543689	251067	215057	3487864	2711	1843	6015101	0	0	0	0	0
49803	708	2376	145835	42968	44524	52935	0	2762	2430	2390	7499	138326	129616	212955	16219	413	15861	358	15291	15448	570	413	163	320	73	15861	733	15861	2380	2332	48	13529	2332	14690145	267286	230918	3537824	995	79	6069474	0	0	0	0	0
215096	209	0	961454	268556	292138	357803	0	19000	16689	16235	51481	909936	958940	1196015	2514	0	74	2440	73	74	1	0	0	1	0	74	1	74	0	0	0	74	0	15652205	269802	230992	3753050	995	79	6473917	0	0	0	0	0
50470	705	2392	146849	43223	45130	53078	0	2757	2409	2333	7410	139425	129948	215728	16901	398	16546	355	15985	16148	561	398	137	300	79	16546	698	16546	2399	2334	65	14212	2334	15799606	286703	247538	3803651	3394	2413	6528288	0	0	0	0	0
215494	207	0	964313	269279	293225	358863	0	19285	16887	15924	51710	912567	961812	1199423	2501	2	71	2430	67	69	4	2	1	3	1	71	5	71	0	0	0	71	0	16764512	289204	247609	4019264	3394	2413	6932741	0	0	0	0	0
49937	677	2301	145467	42909	44534	52754	0	2682	2338	2313	7263	138195	129158	213002	16309	374	15961	348	15411	15587	550	374	132	308	78	15961	682	15961	2312	2254	58	13707	2254	16910552	305514	263570	4069320	1610	571	6987113	0	0	0	0	0
215923	242	0	961752	267565	292639	358827	0	19143	16587	16068	51346	910368	959257	1196230	2495	2	69	2426	67	68	2	1	1	2	0	69	3	69	0	0	0	69	0	17872902	308010	263639	4285373	1610	571	7391554	0	0	0	0	0

processed_m4674_ME11_2900_test40_SRCoff_170718_192016_TMBCounters.txt																																													
alct0 valid pattern flag received	alct1 valid pattern flag received	raw hits readout   	Pretrigger   	Pretrigger on CFEB0	Pretrigger on CFEB1	Pretrigger on CFEB2	Pretrigger on CFEB3	Pretrigger on CFEB4	Pretrigger on CFEB5	Pretrigger on CFEB6	Pretrigger on ME1A CFEB 4-6 only	Pretrigger on ME1B CFEBs 0-3 only	Discarded, CLCT0 invalid pattern after drift	BX pretrig waiting for triads to dissipate	clct0 sent to TMB matching section	clct1 sent to TMB matching section	TMB accepted alct	TMB match reject event  	Matching found one ALCT	Matching found one CLCT	Matching found two ALCTs	Matching found two CLCTs	ALCT0 copied into ALCT1 to make 2nd LCT	CLCT0 copied into CLCT1 to make 2nd LCT	LCT1 has higher quality than LCT0 	Transmitted LCT0 to MPC	Transmitted LCT1 to MPC	MPC rejected both LCT0 and LCT1	L1A received   	L1A received, TMB in L1A window	L1A received, no TMB in window	TMB triggered, no L1A in window	TMB readouts completed	Pretrigger counter   	CLCT counter   	TMB trigger counter	ALCTs received counter	L1As received counter 	Readout counter 	Orbit counter	CLCT pre-trigger and ALCT coincidence counter	CFEB0 active flag sent to DMB for readout	CFEB1 active flag sent to DMB for readout	CFEB2 active flag sent to DMB for readout	CFEB3 active flag sent to DMB for readout
40187	825	3444	78308	25111	24149	27269	0	1298	1125	1107	3467	74830	56193	137237	22115	414	21883	232	21233	21469	650	414	166	402	63	21883	816	21883	3460	3171	289	18712	3171	127944	22186	21887	49119	3460	3171	104813	0	0	0	0	0
70771	39	0	397616	109371	120239	150004	0	8261	6555	6336	21010	376598	396929	491445	687	3	27	660	27	25	0	2	2	0	2	27	2	27	0	0	0	27	0	525931	22873	21914	119958	3460	3171	509254	0	0	0	0	0
39734	865	3306	77789	25052	23599	27217	0	1306	1134	1123	3510	74264	56120	135631	21669	479	21435	234	20745	20957	690	478	184	396	72	21435	874	21435	3317	3037	280	18398	3037	603968	44543	43349	159738	2681	2112	563639	0	0	0	0	0
71079	59	0	397170	108726	119697	150889	0	8262	6365	6290	20791	376376	396498	491174	672	3	31	641	31	31	0	0	0	0	0	31	0	31	0	0	0	31	0	1001387	45215	43380	230865	2681	2112	968080	0	0	0	0	0
41135	863	3590	79153	25493	24371	27502	0	1418	1123	1082	3550	75578	56171	139571	22982	491	22708	274	22032	22217	676	491	192	377	79	22708	868	22708	3602	3313	289	19395	3313	1080768	68199	66090	272049	2187	1329	1022452	0	0	0	0	0
70725	48	0	396927	108904	120075	149912	0	8232	6554	6452	21087	375832	396269	490214	658	1	29	629	28	29	1	0	0	1	0	29	1	29	0	0	0	29	0	1477948	68858	66119	342820	2187	1329	1426893	0	0	0	0	0
39519	833	3293	77736	24974	23789	27171	0	1313	1106	1131	3492	74235	56102	135370	21634	453	21347	286	20688	20894	659	453	172	378	67	21347	831	21347	3303	3013	290	18334	3013	1555909	90493	87466	382385	1394	246	1481278	0	0	0	0	0
70936	52	0	398721	109505	120500	150690	0	8340	6488	6365	21064	377645	397981	493200	740	7	43	697	40	41	3	2	2	3	0	43	5	43	0	0	0	43	0	1954893	91235	87509	453362	1394	246	1885719	0	0	0	0	0
39629	837	3384	78086	25022	23956	27192	0	1343	1151	1114	3556	74518	56421	136234	21665	452	21409	256	20755	20957	654	452	178	380	86	21409	832	21409	3400	3094	306	18315	3094	2033219	112901	108918	493030	698	3340	1940092	0	0	0	0	0
70728	52	0	397408	109456	120015	150011	0	8385	6416	6245	20925	376473	396741	491212	667	1	27	640	26	27	1	0	0	1	0	27	1	27	0	0	0	27	0	2430843	113569	108945	563802	698	3340	2344543	0	0	0	0	0
39245	796	3317	77871	24833	24208	27056	0	1378	1095	1049	3448	74407	56505	135305	21366	433	21132	234	20521	20699	611	433	171	349	70	21132	782	21132	3322	3038	284	18094	3038	2508941	134935	130077	603094	4020	2282	2398917	0	0	0	0	0
71039	49	0	398579	109411	120248	150771	0	8381	6483	6342	21087	377487	397925	492381	654	1	35	619	34	34	1	1	0	0	0	35	1	35	0	0	0	35	0	2907743	135591	130113	674168	4020	2282	2803358	0	0	0	0	0
39397	791	3469	77750	24756	24038	27138	0	1374	1113	1109	3550	74193	56254	135373	21496	441	21272	224	20661	20832	611	440	168	339	67	21272	779	21272	3486	3169	317	18103	3169	2985719	157087	151385	713603	3410	1355	2857742	0	0	0	0	0
70997	48	0	397749	109112	119249	151064	0	8426	6740	6281	21329	376414	397107	491577	642	0	30	612	28	30	2	0	0	2	0	30	2	30	0	0	0	30	0	3383700	157730	151415	784642	3410	1355	3262184	0	0	0	0	0
39703	772	3438	78201	24983	24052	27225	0	1402	1109	1144	3594	74598	56523	136197	21678	451	21432	246	20830	20982	602	450	190	342	83	21432	792	21432	3449	3154	295	18278	3154	3462143	179409	172847	824387	2763	413	3316556	0	0	0	0	0
71533	48	0	397106	108838	120563	149589	0	8280	6684	6305	21131	375972	396488	491001	618	7	32	586	28	28	4	4	2	2	0	32	6	32	0	0	0	32	0	3859500	180028	172879	895967	2763	413	3720997	0	0	0	0	0
40334	807	3466	77946	24873	24056	27127	0	1361	1120	1106	3538	74394	55771	136569	22175	428	21926	249	21303	21498	623	428	165	360	73	21926	788	21926	3475	3187	288	18739	3187	3937693	202203	194805	936347	2142	3600	3775381	0	0	0	0	0
71303	45	0	398186	109789	120006	149953	0	8440	6519	6499	21337	376845	397456	492473	730	3	35	695	32	33	3	2	1	2	0	35	4	35	0	0	0	35	0	4336127	202933	194840	1007685	2142	3600	4179823	0	0	0	0	0
40322	892	3473	78358	25298	24021	27306	0	1333	1116	1082	3479	74866	56083	137819	22275	482	21999	276	21307	21518	692	481	195	406	88	21999	887	21999	3488	3170	318	18829	3170	4414719	225209	216839	1048047	1534	2674	4234196	0	0	0	0	0
71564	62	0	398529	109099	120192	151219	0	8287	6593	6245	20994	377532	397862	491948	667	5	42	625	41	41	1	1	1	1	0	42	2	42	0	0	0	42	0	4813530	225876	216881	1119653	1534	2674	4638637	0	0	0	0	0
38169	766	3156	76845	24407	23834	26714	0	1379	1073	1120	3514	73317	56233	132468	20612	423	20355	257	19745	19934	610	421	146	335	58	20355	756	20355	3163	2878	285	17477	2878	4890608	246490	237236	1157867	601	1456	4693020	0	0	0	0	0
70972	48	0	397513	108794	120209	150485	0	8257	6515	6364	21012	376497	396848	490994	665	3	37	628	33	36	4	1	1	4	0	37	5	37	0	0	0	37	0	5288371	247156	237274	1228881	601	1456	5097462	0	0	0	0	0

processed_m4676_ME11_2900_test40_SRCoff_170718_194519_TMBCounters.txt																																													
alct0 valid pattern flag received	alct1 valid pattern flag received	raw hits readout   	Pretrigger   	Pretrigger on CFEB0	Pretrigger on CFEB1	Pretrigger on CFEB2	Pretrigger on CFEB3	Pretrigger on CFEB4	Pretrigger on CFEB5	Pretrigger on CFEB6	Pretrigger on ME1A CFEB 4-6 only	Pretrigger on ME1B CFEBs 0-3 only	Discarded, CLCT0 invalid pattern after drift	BX pretrig waiting for triads to dissipate	clct0 sent to TMB matching section	clct1 sent to TMB matching section	TMB accepted alct	TMB match reject event  	Matching found one ALCT	Matching found one CLCT	Matching found two ALCTs	Matching found two CLCTs	ALCT0 copied into ALCT1 to make 2nd LCT	CLCT0 copied into CLCT1 to make 2nd LCT	LCT1 has higher quality than LCT0 	Transmitted LCT0 to MPC	Transmitted LCT1 to MPC	MPC rejected both LCT0 and LCT1	L1A received   	L1A received, TMB in L1A window	L1A received, no TMB in window	TMB triggered, no L1A in window	TMB readouts completed	Pretrigger counter   	CLCT counter   	TMB trigger counter	ALCTs received counter	L1As received counter 	Readout counter 	Orbit counter	CLCT pre-trigger and ALCT coincidence counter	CFEB0 active flag sent to DMB for readout	CFEB1 active flag sent to DMB for readout	CFEB2 active flag sent to DMB for readout	CFEB3 active flag sent to DMB for readout
67511	1024	3482	169251	50785	52897	60369	0	3035	2585	2510	8034	161197	144657	258203	24594	538	24164	430	23367	23626	797	538	185	444	87	24164	982	24164	3498	3426	72	20738	3426	302558	24950	24179	101248	3498	3426	104811	0	0	0	0	0
269801	352	0	1070607	296676	331559	397509	0	20750	17510	16942	54738	1015819	1067703	1334155	2904	10	102	2802	99	99	3	3	2	2	0	102	5	102	0	0	0	102	0	1374064	27855	24281	371273	3498	3426	509253	0	0	0	0	0
65743	1061	3283	168622	50290	52378	60684	0	3035	2589	2525	8041	160552	145023	255497	23599	580	23189	410	22346	22610	843	579	205	469	105	23189	1048	23189	3299	3235	64	19954	3235	1543324	51455	47470	437163	2701	2565	563637	0	0	0	0	0
270014	337	0	1073872	297043	331785	399914	0	21002	17564	17094	55187	1018641	1070922	1338227	2950	13	89	2861	87	88	2	1	1	2	0	89	3	89	0	0	0	89	0	2617880	54408	47559	707356	2701	2565	968079	0	0	0	0	0
66659	1037	3453	169171	50395	52476	60927	0	3024	2639	2558	8112	161040	144831	257487	24340	575	23949	391	23124	23375	825	574	206	457	110	23949	1031	23949	3461	3394	67	20555	3394	2787701	78748	71508	774173	2066	1863	1022452	0	0	0	0	0
271307	371	0	1072732	296964	332100	398810	0	21032	17313	16876	54793	1017893	1069707	1335717	3025	19	110	2915	106	107	4	3	2	3	0	110	6	110	0	0	0	110	0	3861104	81773	71618	1045653	2066	1863	1426892	0	0	0	0	0
65250	977	3242	167386	49910	52232	59850	0	3081	2584	2520	8081	159285	144537	252337	22849	567	22426	423	21658	21861	768	565	209	412	108	22426	977	22426	3251	3206	45	19220	3206	4029165	104625	94044	1111061	1221	973	1481276	0	0	0	0	0
270561	380	0	1073048	297181	331590	398894	0	21091	17697	17036	55375	1017633	1070187	1336731	2860	19	88	2772	86	86	2	2	2	2	0	88	4	88	0	0	0	88	0	5102836	107486	94132	1381764	1221	973	1885718	0	0	0	0	0
67779	1016	3578	169494	50711	52541	60987	0	3091	2535	2525	8040	161432	144466	259283	25028	573	24629	399	23823	24056	806	573	221	454	113	24629	1027	24629	3587	3516	71	21113	3516	5272994	132516	118761	1449697	712	393	1940089	0	0	0	0	0
270346	390	0	1073583	297164	332602	398403	0	20988	17666	17196	55445	1018102	1070683	1337862	2900	4	107	2793	104	105	3	2	1	2	1	107	4	107	0	0	0	107	0	6347241	135418	118868	1720201	712	393	2344532	0	0	0	0	0
67693	1062	3494	169192	50746	52653	60564	0	2981	2626	2511	8004	161167	144131	258796	25061	580	24644	417	23803	24065	841	579	203	465	115	24644	1044	24644	3505	3436	69	21208	3436	6517061	160481	143512	1788076	121	3829	2398915	0	0	0	0	0
270128	400	0	1072919	296415	332538	398526	0	21082	17630	17292	55523	1017349	1070070	1336604	2849	11	90	2759	86	88	4	2	2	4	0	90	6	90	0	0	0	90	0	7590655	163333	143602	2058367	121	3829	2803357	0	0	0	0	0
65651	977	3196	167026	49851	52191	59712	0	3003	2519	2527	7944	159067	143798	252384	23228	514	22794	434	22046	22280	748	514	206	440	106	22794	954	22794	3206	3140	66	19654	3140	7758324	186563	166397	2124177	3327	2873	2857741	0	0	0	0	0
270595	395	0	1072876	296856	331022	399646	0	21032	17586	16974	55126	1017711	1070047	1336409	2829	2	89	2740	85	88	4	1	1	4	1	89	5	89	0	0	0	89	0	8831847	189396	166486	2394959	3327	2873	3262182	0	0	0	0	0
67188	1006	3410	167950	49645	52555	60241	0	3150	2593	2507	8143	159789	143819	255435	24131	546	23697	434	22913	23151	784	546	213	451	103	23697	997	23697	3419	3349	70	20348	3349	9000463	213528	190183	2462302	2650	2126	3316554	0	0	0	0	0
271438	416	0	1073760	298008	331377	399242	0	20980	17529	17036	55112	1018604	1070912	1338178	2848	0	102	2746	101	102	1	0	0	1	0	102	1	102	0	0	0	102	0	10074868	216380	190285	2733913	2650	2126	3721008	0	0	0	0	0
66270	1044	3393	168102	50484	51956	60297	0	3014	2629	2535	8065	160019	144200	255524	23902	559	23454	448	22598	22895	856	559	200	497	113	23454	1056	23454	3407	3334	73	20120	3334	10243636	240284	213739	2800345	1961	1364	3775380	0	0	0	0	0
270828	365	0	1073404	297617	332566	397996	0	21116	17707	16957	55317	1018030	1070430	1337061	2974	3	96	2878	94	94	2	2	1	1	0	96	3	96	0	0	0	96	0	11317773	243261	213835	3071326	1961	1364	4179821	0	0	0	0	0
66048	1003	3328	167802	50167	51897	60122	0	3129	2730	2523	8260	159523	144402	253752	23400	558	22973	427	22180	22415	793	558	194	429	95	22973	987	22973	3336	3264	72	19709	3264	11486228	266665	236808	3137518	1201	532	4234195	0	0	0	0	0
270337	401	0	1071979	296369	331964	398258	0	20978	17838	16795	55146	1016790	1069114	1335690	2865	6	99	2765	95	96	4	3	3	4	1	99	7	99	0	0	0	99	0	12558823	269533	236907	3408044	1201	532	4638634	0	0	0	0	0
66617	1017	3229	168566	50410	52532	60221	0	3072	2550	2552	8061	160485	144644	255789	23922	571	23497	425	22683	22927	814	570	207	451	119	23497	1021	23497	3238	3180	58	20317	3180	12728031	293460	260405	3474825	343	3712	4693019	0	0	0	0	0
269425	356	0	1073009	297360	331976	398447	0	20899	17643	17229	55315	1017653	1070179	1336509	2830	0	79	2751	78	79	1	0	0	1	0	79	1	79	0	0	0	79	0	13801727	296293	260484	3744418	343	3712	5097462	0	0	0	0	0

