processed_m4425_ME21_HV0_test40_SRCoff_170713_231904_TMBCounters.txt																																													
alct0 valid pattern flag received	alct1 valid pattern flag received	raw hits readout   	Pretrigger   	Pretrigger on CFEB0	Pretrigger on CFEB1	Pretrigger on CFEB2	Pretrigger on CFEB3	Pretrigger on CFEB4	Pretrigger on CFEB5	Pretrigger on CFEB6	Pretrigger on ME1A CFEB 4-6 only	Pretrigger on ME1B CFEBs 0-3 only	Discarded, CLCT0 invalid pattern after drift	BX pretrig waiting for triads to dissipate	clct0 sent to TMB matching section	clct1 sent to TMB matching section	TMB accepted alct	TMB match reject event  	Matching found one ALCT	Matching found one CLCT	Matching found two ALCTs	Matching found two CLCTs	ALCT0 copied into ALCT1 to make 2nd LCT	CLCT0 copied into CLCT1 to make 2nd LCT	LCT1 has higher quality than LCT0 	Transmitted LCT0 to MPC	Transmitted LCT1 to MPC	MPC rejected both LCT0 and LCT1	L1A received   	L1A received, TMB in L1A window	L1A received, no TMB in window	TMB triggered, no L1A in window	TMB readouts completed	Pretrigger counter   	CLCT counter   	TMB trigger counter	ALCTs received counter	L1As received counter 	Readout counter 	Orbit counter	CLCT pre-trigger and ALCT coincidence counter	CFEB0 active flag sent to DMB for readout	CFEB1 active flag sent to DMB for readout	CFEB2 active flag sent to DMB for readout	CFEB3 active flag sent to DMB for readout
34352	965	1386	74223	18721	18792	15081	22245	0	0	0	0	0	71890	98752	2333	64	2141	192	1840	2077	301	64	12	249	7	2141	313	2141	1912	99	1813	2042	99	133464	2444	2141	37001	1912	99	104801	8061	21701	24610	18586	23669
7601	16	0	175227	42509	42972	34355	56475	0	0	0	0	0	174843	217119	384	0	6	378	5	6	1	0	0	1	0	6	1	6	0	0	0	6	0	308835	2828	2147	44605	1912	99	252851	98	49119	56424	42196	59447
33832	955	1306	74445	18911	18754	14970	22412	0	0	0	0	0	72115	98774	2330	72	2122	208	1839	2050	283	72	11	222	13	2122	294	2122	1808	80	1728	2042	80	383433	5158	4269	78447	3720	179	307224	7967	21924	24713	18501	23858
7851	14	0	175353	42730	42971	34398	56326	0	0	0	0	0	175012	216641	341	0	9	332	8	9	1	0	0	1	0	9	1	9	0	0	0	9	0	558931	5499	4278	86307	3720	179	455275	94	49378	56458	42353	59289
33399	931	1327	74004	18808	18823	14696	22279	0	0	0	0	0	71691	98099	2313	81	2119	194	1841	2038	278	81	14	211	14	2119	292	2119	1775	85	1690	2034	85	633078	7812	6397	119715	1399	264	509647	7869	21777	24779	18203	23684
7711	14	0	175982	42374	42863	34588	57165	0	0	0	0	0	175632	217941	350	0	8	342	8	8	0	0	0	0	0	8	0	8	0	0	0	8	0	809193	8162	6405	127433	1399	264	657685	108	49011	56350	42425	60072
33951	1020	1379	74226	18968	18776	14777	22320	0	0	0	0	0	71824	98852	2402	93	2209	193	1885	2116	324	93	17	248	22	2209	341	2209	1911	126	1785	2083	126	883562	10566	8614	161400	3310	390	712061	8037	21938	24658	18357	23745
7790	11	0	175028	42275	42864	34434	56520	0	0	0	0	0	174680	216649	348	0	7	341	7	7	0	0	0	0	0	7	0	7	0	0	0	7	0	1058738	10914	8621	169196	3310	390	860108	117	48926	56229	42344	59566
34396	976	1344	74515	18854	18879	14903	22541	0	0	0	0	0	72122	99312	2393	78	2194	199	1891	2116	303	78	13	238	13	2194	316	2194	1858	88	1770	2106	88	1133394	13307	10815	203602	1072	478	914482	8105	21903	24736	18458	23953
7718	14	0	175752	42794	43133	34204	56687	0	0	0	0	0	175381	217435	371	1	10	361	6	9	4	1	0	3	1	10	4	10	0	0	0	10	0	1309313	13678	10825	211330	1072	478	1062531	124	49512	56573	42139	59585
36415	1064	1493	75264	19057	19086	15219	22527	0	0	0	0	0	72869	100281	2395	97	2205	190	1898	2108	307	97	22	232	14	2205	329	2205	2024	105	1919	2100	105	1384720	16073	13030	247752	3096	583	1116906	8421	22177	25181	18710	23982
7696	12	0	175855	42876	43146	34257	56586	0	0	0	0	0	175494	217601	361	1	2	359	1	1	1	1	0	0	0	2	1	2	0	0	0	2	0	1560728	16436	13032	255453	3096	583	1264954	116	49583	56566	42135	59493
32928	913	1340	74194	18817	18777	14968	22286	0	0	0	0	0	71909	98387	2285	73	2113	172	1822	2040	291	73	8	226	10	2113	299	2113	1791	94	1697	2019	94	1635038	18721	15145	288387	791	677	1319327	7720	21773	24661	18498	23669
7670	14	0	175413	42752	42789	34379	56491	0	0	0	0	0	175043	216994	370	0	6	364	6	6	0	0	0	0	0	6	0	6	0	0	0	6	0	1810590	19093	15151	296064	791	677	1467377	116	49368	56334	42267	59454
35689	973	1453	74846	19060	18976	15042	22418	0	0	0	0	0	72385	99813	2461	87	2249	212	1961	2162	288	87	19	220	14	2249	307	2249	1934	88	1846	2161	88	1885566	21554	17400	331758	2725	765	1521750	8454	22113	24798	18551	23885
7756	16	0	175332	42862	42588	34539	56339	0	0	0	0	0	175012	216678	320	0	2	318	2	2	0	0	0	0	0	2	0	2	0	0	0	2	0	2061062	21874	17402	339523	2725	765	1669789	104	49499	56124	42531	59379
34533	905	1376	74608	19106	18947	14876	22311	0	0	0	0	0	72295	99193	2313	83	2123	190	1832	2040	291	83	20	228	12	2123	311	2123	1913	103	1810	2020	103	2135825	24187	19525	374065	542	868	1724173	8158	22106	24771	18332	23734
7710	9	0	175975	43059	42814	34464	56688	0	0	0	0	0	175629	217597	346	0	7	339	7	7	0	0	0	0	0	7	0	7	0	0	0	7	0	2311943	24533	19532	381782	542	868	1872212	100	49700	56197	42488	59790
33578	965	1355	74602	19097	19009	14750	22364	0	0	0	0	0	72303	99026	2299	72	2113	186	1844	2041	269	72	8	205	13	2113	277	2113	1855	104	1751	2009	104	2386703	26832	21645	415365	2397	972	1926585	7948	22109	25043	18268	23790
7650	11	0	175930	42658	42837	34389	57056	0	0	0	0	0	175542	218083	388	0	8	380	7	8	1	0	0	1	0	8	1	8	0	0	0	8	0	2562782	27220	21653	423019	2397	972	2074635	111	49164	56492	42464	59990
33371	929	1405	74424	18952	19043	14832	22174	0	0	0	0	0	72202	98498	2222	84	2047	175	1772	1963	275	84	10	201	14	2047	285	2047	1862	92	1770	1955	92	2637341	29443	23700	456396	163	1064	2129008	7909	21961	24835	18309	23536
7800	10	0	175727	42864	42699	34637	56566	0	0	0	0	0	175349	217438	378	0	4	374	4	4	0	0	0	0	0	4	0	4	0	0	0	4	0	2813200	29822	23704	464201	163	1064	2277058	106	49468	56347	42567	59512
34727	981	1345	74645	18960	19005	14937	22366	0	0	0	0	0	72183	99770	2462	82	2265	197	1950	2183	315	82	15	248	11	2265	330	2265	1886	99	1787	2166	99	2887979	32284	25969	498931	2049	1163	2331430	8212	21973	24802	18496	23788
7714	12	0	176224	43225	43022	34357	56664	0	0	0	0	0	175860	218098	364	0	8	356	8	8	0	0	0	0	0	8	0	8	0	0	0	8	0	3064363	32650	25977	506651	2049	1163	2479481	97	49908	56514	42269	59649
36423	1011	1446	75460	19076	19368	15100	22504	0	0	0	0	0	72924	101157	2536	83	2331	205	1997	2248	334	83	14	265	14	2331	348	2331	1988	110	1878	2221	110	3139966	35187	28308	543078	4037	1273	2533854	8713	22185	25394	18631	23934
7758	11	0	176086	42994	42937	34575	56561	0	0	0	0	0	175664	218165	422	0	5	417	5	5	0	0	0	0	0	5	0	5	0	0	0	5	0	3316198	35610	28313	550839	4037	1273	2681893	94	49637	56418	42370	59533
34460	966	1360	74650	18977	19004	14884	22461	0	0	0	0	0	72312	99372	2338	70	2154	184	1830	2084	324	70	12	266	18	2154	336	2154	1854	101	1753	2053	101	3390977	37948	30467	585303	1795	1374	2736276	8113	22037	24888	18339	23906
7715	14	0	175590	42489	42819	34513	56827	0	0	0	0	0	175245	217821	345	0	5	340	4	5	1	0	0	1	0	5	1	5	0	0	0	5	0	3566708	38293	30472	593025	1795	1374	2884316	115	49125	56174	42401	59818
35483	1022	1454	74940	18945	18937	15191	22453	0	0	0	0	0	72597	99996	2343	88	2151	192	1865	2063	286	88	17	215	12	2151	303	2151	2012	97	1915	2054	97	3641799	40638	32623	628516	3807	1471	2938699	8428	21984	24780	18821	23926
7851	16	0	175279	42883	42820	34331	56308	0	0	0	0	0	174934	216989	345	0	8	337	8	8	0	0	0	0	0	8	0	8	0	0	0	8	0	3817223	40983	32631	636378	3807	1471	3086737	109	49524	56399	42181	59270
34068	977	1349	74245	18856	19033	14794	22213	0	0	0	0	0	71893	98628	2352	73	2167	185	1861	2094	306	73	22	255	15	2167	328	2167	1869	82	1787	2085	82	3891603	43335	34798	670454	1580	1553	3141110	8106	21918	24763	18387	23595
7838	11	0	175482	42494	43151	34307	56597	0	0	0	0	0	175137	217138	345	0	12	333	12	12	0	0	0	0	0	12	0	12	0	0	0	12	0	4067237	43680	34810	678300	1580	1553	3289162	117	49273	56607	42097	59545
32586	960	1336	74009	18818	18770	14755	22252	0	0	0	0	0	71729	98254	2280	83	2090	190	1792	2007	298	83	18	233	13	2090	316	2090	1856	104	1752	1986	104	4141379	45960	36900	710897	3436	1657	3343535	7730	21820	24594	18132	23693
7732	14	0	175390	42786	43021	34377	56251	0	0	0	0	0	175056	217165	334	0	9	325	8	9	1	0	0	1	0	9	1	9	0	0	0	9	0	4316910	46294	36909	718635	3436	1657	3491583	117	49462	56460	42367	59302
35329	1033	1389	74621	19116	18928	14840	22334	0	0	0	0	0	72187	99326	2434	81	2246	188	1918	2165	328	81	10	257	12	2246	338	2246	1920	105	1815	2141	105	4391690	48728	39155	753971	1260	1762	3545956	8312	22074	24753	18314	23748
7790	12	0	175914	42873	43080	34474	56568	0	0	0	0	0	175546	217447	368	0	10	358	10	10	0	0	0	0	0	10	0	10	0	0	0	10	0	4567747	49099	39165	761767	1260	1762	3694007	96	49519	56560	42356	59646
37122	1069	1403	75653	19306	19229	15062	22709	0	0	0	0	0	73083	101494	2570	105	2372	198	2033	2267	339	105	20	254	23	2372	359	2372	1966	141	1825	2231	141	4643539	51669	41537	798896	3226	1903	3748379	8824	22388	25203	18634	24218
7826	12	0	175695	43157	42972	34510	56076	0	0	0	0	0	175352	217498	343	0	9	334	6	9	3	0	0	3	0	9	3	9	0	0	0	9	0	4819398	52012	41546	806730	3226	1903	3896418	126	49714	56481	42392	59127
36050	1043	1476	74998	19151	19229	14903	22346	0	0	0	0	0	72496	99952	2502	87	2286	216	1958	2199	328	87	20	261	12	2286	348	2286	2008	118	1890	2168	118	4894529	54514	43832	842789	1138	2021	3950802	8539	22214	25091	18446	23829
7664	11	0	175396	43028	42951	34333	56141	0	0	0	0	0	175005	217179	391	0	4	387	4	4	0	0	0	0	0	4	0	4	0	0	0	4	0	5070072	54906	43836	850462	1138	2021	4098842	105	49758	56532	42238	59119
37030	1061	1454	75323	19008	19221	15119	22595	0	0	0	0	0	72744	100696	2579	92	2378	201	2045	2286	333	92	17	258	19	2378	350	2378	1972	108	1864	2270	108	5145551	57486	46214	887505	3110	2129	4153225	8761	22056	25165	18697	24028
7817	13	0	174778	42501	42732	33975	56594	0	0	0	0	0	174421	216628	357	1	8	349	7	7	1	1	0	0	0	8	1	8	0	0	0	8	0	5320468	57843	46222	895330	3110	2129	4301264	100	49114	56213	41973	59597
33539	937	1381	74298	18743	18856	14807	22508	0	0	0	0	0	72016	98677	2282	87	2080	202	1792	1994	288	86	17	219	16	2080	305	2080	1866	101	1765	1979	101	5394905	60125	48302	928875	880	2230	4355637	7817	21691	24674	18283	23979
7912	11	0	175890	42751	43220	34382	56556	0	0	0	0	0	175492	217675	398	0	6	392	5	6	1	0	0	1	0	6	1	6	0	0	0	6	0	5570940	60524	48308	936796	880	2230	4503687	93	49387	56544	42371	59548
35582	1012	1454	75255	19000	19188	15063	22628	0	0	0	0	0	72766	100583	2489	104	2284	205	1988	2180	296	104	17	209	22	2284	313	2284	1984	105	1879	2179	105	5646367	63015	50592	972385	2864	2335	4558060	8480	22085	24929	18688	24134
7785	8	0	175593	42834	43184	34253	56377	0	0	0	0	0	175242	217834	351	0	4	347	4	4	0	0	0	0	0	4	0	4	0	0	0	4	0	5822104	63366	50596	980179	2864	2335	4706110	107	49387	56829	42176	59300
36479	996	1422	75525	19109	19186	15138	22679	0	0	0	0	0	72946	100981	2579	93	2368	211	2080	2275	288	93	22	217	14	2368	310	2368	1926	107	1819	2261	107	5897788	65945	52964	1016661	694	2442	4760483	8677	22151	25198	18706	24139
7669	9	0	177195	43236	43136	34748	57120	0	0	0	0	0	176815	219395	380	0	7	373	7	7	0	0	0	0	0	7	0	7	0	0	0	7	0	6075136	66325	52971	1024338	694	2442	4908521	112	49829	56807	42686	60052
34092	929	1367	74869	18988	19031	14921	22482	0	0	0	0	0	72531	99590	2338	80	2133	205	1873	2053	260	80	18	198	14	2133	278	2133	1889	101	1788	2032	101	6150160	68663	55104	1058435	2583	2543	4962906	7921	22054	24971	18352	23859
7849	8	0	175803	42871	42737	34431	56817	0	0	0	0	0	175432	217539	371	1	9	362	7	8	2	1	0	1	0	9	2	9	0	0	0	9	0	6326113	69034	55113	1066291	2583	2543	5110944	115	49427	56234	42230	59803
33966	920	1390	74606	18857	18695	15045	22617	0	0	0	0	0	72303	98925	2303	74	2099	204	1822	2025	277	74	13	216	12	2099	290	2099	1861	103	1758	1996	103	6400838	71337	57212	1100260	348	2646	5165329	8015	21787	24623	18469	24034
7881	22	0	176002	42859	43158	34326	56709	0	0	0	0	0	175620	217594	382	0	3	379	2	3	1	0	0	1	0	3	1	3	0	0	0	3	0	6576994	71720	57215	1108145	348	2646	5313367	126	49555	56607	42183	59560
37346	1017	1510	75551	19050	19310	15074	22724	0	0	0	0	0	72987	101265	2564	98	2355	209	2010	2257	345	98	18	265	18	2355	363	2355	2037	103	1934	2252	103	6652677	74285	59570	1145503	2385	2749	5367741	8991	22214	25158	18662	24135
7629	11	0	175689	42828	42791	34570	56516	0	0	0	0	0	175352	217114	337	0	7	330	6	7	1	0	0	1	0	7	1	7	0	0	0	7	0	6828548	74622	59577	1153140	2385	2749	5515790	126	49246	56322	42367	59567
36325	1001	1478	74438	18915	18938	14889	22321	0	0	0	0	0	71950	99741	2488	93	2281	207	1970	2188	311	93	19	237	14	2281	330	2281	1998	89	1909	2192	89	6903126	77111	61858	1189468	287	2838	5570164	8498	21937	24748	18404	23731
7692	16	0	175629	42580	43003	34399	56714	0	0	0	0	0	175268	217158	361	0	9	352	7	9	2	0	0	2	0	9	2	9	0	0	0	9	0	7078891	77472	61867	1197167	287	2838	5718202	109	49254	56450	42133	59663

processed_m4426_ME21_HV0_test40_SRCoff_170713_232945_TMBCounters.txt																																													
alct0 valid pattern flag received	alct1 valid pattern flag received	raw hits readout   	Pretrigger   	Pretrigger on CFEB0	Pretrigger on CFEB1	Pretrigger on CFEB2	Pretrigger on CFEB3	Pretrigger on CFEB4	Pretrigger on CFEB5	Pretrigger on CFEB6	Pretrigger on ME1A CFEB 4-6 only	Pretrigger on ME1B CFEBs 0-3 only	Discarded, CLCT0 invalid pattern after drift	BX pretrig waiting for triads to dissipate	clct0 sent to TMB matching section	clct1 sent to TMB matching section	TMB accepted alct	TMB match reject event  	Matching found one ALCT	Matching found one CLCT	Matching found two ALCTs	Matching found two CLCTs	ALCT0 copied into ALCT1 to make 2nd LCT	CLCT0 copied into CLCT1 to make 2nd LCT	LCT1 has higher quality than LCT0 	Transmitted LCT0 to MPC	Transmitted LCT1 to MPC	MPC rejected both LCT0 and LCT1	L1A received   	L1A received, TMB in L1A window	L1A received, no TMB in window	TMB triggered, no L1A in window	TMB readouts completed	Pretrigger counter   	CLCT counter   	TMB trigger counter	ALCTs received counter	L1As received counter 	Readout counter 	Orbit counter	CLCT pre-trigger and ALCT coincidence counter	CFEB0 active flag sent to DMB for readout	CFEB1 active flag sent to DMB for readout	CFEB2 active flag sent to DMB for readout	CFEB3 active flag sent to DMB for readout
51101	2136	2033	145080	40214	36736	29326	40790	0	0	0	0	0	116828	239417	28252	900	27767	485	26143	26869	1624	898	295	1021	172	27767	1919	27767	2041	1301	740	26466	1301	242579	28519	27782	55061	2041	1301	104824	37374	45850	48394	36518	43620
11832	21	0	286905	71310	68548	55493	93172	0	0	0	0	0	286171	356460	734	1	42	692	39	41	3	1	0	2	1	42	3	42	0	0	0	42	0	529732	29253	27824	66902	2041	1301	252862	260	81577	90126	67676	97741
50150	2131	2004	144101	39786	37065	28823	40496	0	0	0	0	0	116453	237213	27648	828	27228	420	25688	26402	1540	826	257	971	174	27228	1797	27228	2010	1319	691	25909	1319	674078	56901	55052	117058	4051	2620	307235	36735	45530	48206	36040	43231
11530	11	0	286878	71479	68406	55745	92891	0	0	0	0	0	286145	356108	733	1	42	691	40	42	2	0	0	2	0	42	2	42	0	0	0	42	0	961167	57635	55094	128599	4051	2620	455286	270	81561	90266	68007	97383
47001	1998	1795	141084	38475	35598	28545	40363	0	0	0	0	0	115259	229423	25825	811	25404	421	23907	24593	1497	811	243	929	150	25404	1740	25404	1806	1124	682	24280	1124	1102463	83460	80498	175616	1761	3744	509658	34104	43952	46564	35553	43092
11606	15	0	286211	71309	68783	55020	92838	0	0	0	0	0	285437	355466	774	0	56	718	55	56	1	0	0	1	0	56	1	56	0	0	0	56	0	1388905	84236	80555	187229	1761	3744	657709	293	81519	90283	67213	97212
49236	2075	1945	142443	39449	35857	28823	40338	0	0	0	0	0	115425	233869	27018	861	26566	452	25006	25706	1560	860	245	945	163	26566	1805	26566	1954	1271	683	25295	1271	1531561	111254	107121	236480	3715	919	712081	35852	45043	47310	35733	43160
11980	21	0	286020	71038	68914	55214	92545	0	0	0	0	0	285259	355273	761	3	50	711	45	47	5	3	0	2	1	50	5	50	0	0	0	50	0	1817774	112015	107171	248470	3715	919	860121	278	81302	90271	67491	96938
48607	2038	1821	142915	39271	36050	28951	40575	0	0	0	0	0	115951	233956	26964	822	26518	446	24988	25696	1530	822	254	962	150	26518	1784	26518	1829	1199	630	25319	1199	1960924	138979	133689	297087	1448	2118	914504	35573	44857	47326	36003	43389
11753	23	0	286154	71812	68201	54914	92911	0	0	0	0	0	285420	355001	734	1	54	680	53	53	1	1	1	1	0	54	2	54	0	0	0	54	0	2247305	139714	133744	308854	1448	2118	1062542	288	81866	89794	66955	97356
51141	2087	2013	144494	39745	36733	29178	40909	0	0	0	0	0	116300	238534	28194	896	27757	437	26197	26861	1560	896	282	946	210	27757	1842	27757	2023	1318	705	26439	1318	2392014	167908	161501	360004	3471	3436	1116917	37439	45488	47929	36485	43694
11672	23	0	285739	71383	67871	55216	92888	0	0	0	0	0	284979	354995	760	2	51	709	49	50	2	1	0	1	0	51	2	51	0	0	0	51	0	2677970	168668	161552	371684	3471	3436	1264965	244	81356	89610	67388	97358
48591	1992	1969	142154	39200	36461	28781	39760	0	0	0	0	0	115438	232688	26716	833	26304	412	24839	25472	1465	832	269	902	167	26304	1734	26304	1979	1316	663	24988	1316	2820364	195384	187856	420289	1354	656	1319350	35517	44736	47723	35998	42613
11822	14	0	287228	71664	68573	55507	93211	0	0	0	0	0	286466	356960	762	1	55	707	53	54	2	1	0	1	0	55	2	55	0	0	0	55	0	3107813	196146	187911	432121	1354	656	1467388	260	81715	90188	67597	97738
45721	1970	1744	140016	38235	35394	27992	40306	0	0	0	0	0	115269	226436	24747	780	24326	421	22875	23546	1451	780	242	913	140	24326	1693	24326	1752	1107	645	23219	1107	3248034	220895	212237	477853	3106	1763	1521761	32905	43721	46259	34919	43023
11462	23	0	285274	71641	67633	55174	92459	0	0	0	0	0	284487	354929	787	1	48	739	45	47	3	1	0	2	0	48	3	48	0	0	0	48	0	3533550	221682	212285	489328	3106	1763	1669811	276	81479	89101	67138	96991
48962	2071	2015	142198	39580	36079	28358	40169	0	0	0	0	0	115154	233321	27044	817	26608	436	25084	25793	1524	815	260	969	155	26608	1784	26608	2020	1306	714	25302	1306	3675969	248726	238893	538298	1030	3069	1724184	35718	45123	47331	35527	42872
11623	15	0	285384	71383	68595	54526	92536	0	0	0	0	0	284620	354697	764	0	60	704	57	60	3	0	0	3	0	60	3	60	0	0	0	60	0	3961560	249491	238953	549931	1030	3069	1872234	281	81509	90041	66578	97038
47620	2067	1860	142159	39332	35957	28401	40430	0	0	0	0	0	116025	231040	26134	839	25712	422	24175	24874	1537	838	277	976	165	25712	1814	25712	1863	1199	664	24513	1199	4103946	275625	264665	597561	2893	172	1926607	34623	44983	47153	35360	43185
11664	19	0	286452	71364	68513	55438	92802	0	0	0	0	0	285708	355475	744	2	46	698	43	45	3	1	0	2	0	46	3	46	0	0	0	46	0	4390637	276369	264711	609234	2893	172	2074646	267	81560	90269	67745	97355
47595	2057	1861	142006	39175	35877	28542	40418	0	0	0	0	0	115854	231561	26152	848	25730	422	24204	24883	1526	847	280	959	164	25730	1806	25730	1865	1198	667	24532	1198	4532851	302521	290441	656835	662	1370	2129030	34757	44661	46974	35737	43135
11690	27	0	286120	71202	68224	55551	92849	0	0	0	0	0	285352	355506	768	1	54	714	52	53	2	1	0	1	0	54	2	54	0	0	0	54	0	4819216	303289	290495	668533	662	1370	2277069	237	81393	89955	67821	97424
47108	1927	1802	140835	38972	35698	28232	39880	0	0	0	0	0	114890	229416	25945	791	25514	431	24093	24723	1421	791	251	881	184	25514	1672	25514	1809	1178	631	24336	1178	4960290	329235	316009	715656	2471	2548	2331441	34355	44560	46861	35223	42635
11516	19	0	286822	71489	68647	55570	92739	0	0	0	0	0	286107	356057	715	1	37	678	36	36	1	1	1	1	0	37	2	37	0	0	0	37	0	5247347	329951	316046	727176	2471	2548	2479490	240	81757	90161	67667	97319
48569	2108	1860	143293	39659	36219	28769	40663	0	0	0	0	0	116471	234350	26822	840	26379	443	24845	25541	1534	838	271	967	170	26379	1805	26379	1868	1178	690	25201	1178	5390889	356773	342425	775752	243	3726	2533864	35587	45191	47513	35892	43369
11524	20	0	285935	71506	68535	54794	92761	0	0	0	0	0	285193	355289	742	1	48	694	45	47	3	1	0	2	1	48	3	48	0	0	0	48	0	5677065	357516	342473	787286	243	3726	2681915	278	81678	90183	67029	97223
50286	2091	2029	144083	39871	36533	28884	40856	0	0	0	0	0	116345	237087	27738	859	27284	454	25724	26427	1560	857	270	973	156	27284	1830	27284	2036	1295	741	25989	1295	5821347	385255	369757	837584	2279	925	2736287	36836	45691	47857	36229	43684
11556	24	0	287306	71919	68315	55217	93582	0	0	0	0	0	286493	357246	813	2	63	750	59	61	4	2	1	3	0	63	5	63	0	0	0	63	0	6108891	386069	369820	849149	2279	925	2884336	279	81906	90295	67204	97993
48169	2042	1852	141541	39159	36134	28317	39928	0	0	0	0	0	115210	231005	26331	771	25873	457	24375	25102	1498	771	269	996	147	25873	1767	25873	1857	1180	677	24693	1180	6250657	412402	395693	897329	40	2105	2938710	34949	44694	47181	35386	42622
11820	20	0	285788	71234	68399	55294	92538	0	0	0	0	0	285011	354744	777	3	55	722	53	53	2	2	2	2	0	55	4	55	0	0	0	55	0	6536679	413179	395748	909156	40	2105	3086748	261	81367	90173	67508	97107
49247	2050	2001	143137	39490	36494	28716	40446	0	0	0	0	0	115987	234780	27150	785	26705	445	25196	25921	1509	784	246	971	157	26705	1755	26705	2007	1330	677	25375	1330	6680064	440329	422453	958417	2047	3435	3141133	35855	45207	47776	35885	43185
11552	20	0	287116	72029	68752	55339	92648	0	0	0	0	0	286328	356605	788	1	43	745	42	42	1	1	1	1	0	43	2	43	0	0	0	43	0	6967437	441117	422496	969975	2047	3435	3289171	246	82120	90412	67776	97177
50262	2148	2031	144701	39923	36898	29098	40796	0	0	0	0	0	116820	238243	27881	865	27405	476	25852	26540	1553	865	272	960	173	27405	1825	27405	2036	1296	740	26109	1296	7112363	468998	449901	1020245	4083	635	3343556	36768	45653	48180	36272	43645
11788	25	0	285805	71323	68395	55272	92487	0	0	0	0	0	285106	354490	699	1	40	659	37	39	3	1	0	2	0	40	3	40	0	0	0	40	0	7398398	469697	449941	1032041	4083	635	3491594	273	81492	89951	67316	97029
48063	2031	1982	141682	39289	35953	28202	40170	0	0	0	0	0	115347	231344	26335	839	25909	426	24411	25073	1498	836	266	928	155	25909	1764	25909	1992	1274	718	24635	1274	7540288	496032	475850	1080111	1979	1909	3545967	35044	44865	47138	35309	42872
11570	20	0	286975	71527	68499	55716	92866	0	0	0	0	0	286234	356242	741	1	47	694	42	46	5	1	0	4	0	47	5	47	0	0	0	47	0	7827490	496774	475897	1091690	1979	1909	3694017	280	81523	90156	67952	97389
48534	2087	1822	142171	39268	36343	28505	40025	0	0	0	0	0	115591	232541	26580	801	26101	479	24587	25303	1514	798	249	965	157	26101	1763	26101	1831	1173	658	24928	1173	7969893	523354	501998	1140231	3810	3082	3748390	35377	45017	47465	35603	42798
11698	22	0	286368	71384	68271	55126	93203	0	0	0	0	0	285596	355538	772	0	41	731	37	41	4	0	0	4	0	41	4	41	0	0	0	41	0	8256463	524126	502039	1151942	3810	3082	3896440	280	81536	89783	67338	97794
52240	2197	2010	145671	40565	36808	29575	40837	0	0	0	0	0	116667	241122	29004	861	28539	464	26915	27681	1624	858	267	1033	181	28539	1891	28539	2017	1320	697	27219	1320	8402362	553130	530578	1204192	1731	306	3950813	38415	46163	48336	36869	43756
11650	19	0	286232	71389	68414	55461	92703	0	0	0	0	0	285469	355531	763	1	50	713	47	49	3	1	0	2	0	50	3	50	0	0	0	50	0	8688846	553894	530628	1215852	1731	306	4098852	272	81600	90214	67655	97219

processed_m4427_ME21_HV0_test40_SRCoff_170713_233828_TMBCounters.txt																																													
alct0 valid pattern flag received	alct1 valid pattern flag received	raw hits readout   	Pretrigger   	Pretrigger on CFEB0	Pretrigger on CFEB1	Pretrigger on CFEB2	Pretrigger on CFEB3	Pretrigger on CFEB4	Pretrigger on CFEB5	Pretrigger on CFEB6	Pretrigger on ME1A CFEB 4-6 only	Pretrigger on ME1B CFEBs 0-3 only	Discarded, CLCT0 invalid pattern after drift	BX pretrig waiting for triads to dissipate	clct0 sent to TMB matching section	clct1 sent to TMB matching section	TMB accepted alct	TMB match reject event  	Matching found one ALCT	Matching found one CLCT	Matching found two ALCTs	Matching found two CLCTs	ALCT0 copied into ALCT1 to make 2nd LCT	CLCT0 copied into CLCT1 to make 2nd LCT	LCT1 has higher quality than LCT0 	Transmitted LCT0 to MPC	Transmitted LCT1 to MPC	MPC rejected both LCT0 and LCT1	L1A received   	L1A received, TMB in L1A window	L1A received, no TMB in window	TMB triggered, no L1A in window	TMB readouts completed	Pretrigger counter   	CLCT counter   	TMB trigger counter	ALCTs received counter	L1As received counter 	Readout counter 	Orbit counter	CLCT pre-trigger and ALCT coincidence counter	CFEB0 active flag sent to DMB for readout	CFEB1 active flag sent to DMB for readout	CFEB2 active flag sent to DMB for readout	CFEB3 active flag sent to DMB for readout
50733	2269	1964	156900	43327	39368	31435	45384	0	0	0	0	0	119961	270374	36939	1512	36432	507	34532	34921	1900	1511	511	900	305	36432	2411	36432	1973	1775	198	34657	1775	264764	37239	36456	55235	1973	1775	104812	36092	49278	51587	39343	48448
13061	23	0	316338	78971	74602	60237	104345	0	0	0	0	0	315454	393154	884	2	77	807	74	75	3	2	2	3	0	77	5	77	0	0	0	77	0	581387	38123	36533	68310	1973	1775	252863	329	89811	98132	73481	109171
49244	2239	1882	154652	43193	38914	30654	44403	0	0	0	0	0	118824	265227	35828	1431	35333	495	33433	33904	1900	1429	454	925	294	35333	2354	35333	1891	1713	178	33620	1713	736330	73952	71866	117565	3864	3488	307235	34895	49215	50894	38384	47352
13114	17	0	315184	78868	74127	60077	103852	0	0	0	0	0	314275	391839	909	1	83	826	78	82	5	1	0	4	0	83	5	83	0	0	0	83	0	1051761	74861	71949	130685	3864	3488	455284	304	89801	97453	73044	108685
51421	2271	2012	157480	43719	39464	31469	45466	0	0	0	0	0	119993	271723	37487	1420	36972	515	35040	35554	1932	1418	476	990	271	36972	2408	36972	2022	1851	171	35121	1851	1209498	112351	108921	182117	1790	1243	509658	36856	49802	51630	39275	48635
13075	26	0	316156	79035	74213	60519	104134	0	0	0	0	0	315260	393079	896	2	77	819	74	75	3	2	0	1	1	77	3	77	0	0	0	77	0	1525914	113248	108998	195204	1790	1243	657697	302	89814	98040	73649	109045
50771	2250	1981	156569	43765	38793	31567	44964	0	0	0	0	0	119493	269679	37076	1403	36582	494	34662	35180	1920	1402	443	961	273	36582	2363	36582	1990	1798	192	34784	1798	1682740	150326	145580	245988	3780	3041	712092	36314	49876	51092	39183	47999
13134	33	0	316272	78657	74480	60207	104738	0	0	0	0	0	315327	393635	945	2	88	857	82	86	6	2	0	4	1	88	6	88	0	0	0	88	0	1999239	151271	145668	259135	3780	3041	860119	319	89517	98205	73447	109481
50380	2308	1980	155924	43400	38860	31155	45175	0	0	0	0	0	119349	267998	36575	1435	36058	517	34110	34628	1948	1430	484	1002	286	36058	2432	36058	1985	1800	185	34258	1800	2155413	187848	181726	309525	1669	745	914515	35776	49158	51028	39015	48236
13044	27	0	316116	79113	74083	60431	104348	0	0	0	0	0	315229	393245	887	2	68	819	62	67	6	1	0	5	0	68	6	68	0	0	0	68	0	2471770	188736	181794	322586	1669	745	1062555	276	89932	97774	73499	109132
50322	2299	1934	156432	43135	39116	31237	45488	0	0	0	0	0	119469	269362	36963	1421	36436	527	34493	35015	1943	1421	479	1001	296	36436	2422	36436	1944	1765	179	34671	1765	2628498	225700	218230	372920	3613	2510	1116915	35954	49203	51258	39022	48387
12998	24	0	316433	79029	74362	60108	104686	0	0	0	0	0	315528	394055	905	3	80	825	75	77	5	3	1	3	1	80	6	80	0	0	0	80	0	2945162	226605	218310	385928	3613	2510	1264965	307	89767	97828	73299	109504
50883	2235	1955	156819	43473	39520	31230	45168	0	0	0	0	0	119624	270434	37195	1406	36715	480	34824	35311	1891	1404	493	980	256	36715	2384	36715	1958	1782	176	34933	1782	3102223	263800	255025	436823	1475	196	1319338	36434	49527	51869	39078	48192
13025	26	0	316146	78902	73862	60228	104953	0	0	0	0	0	315253	392784	893	1	82	811	77	81	5	1	0	4	0	82	5	82	0	0	0	82	0	3418646	264694	255107	449858	1475	196	1467388	300	89639	97218	73365	109795
49332	2181	1834	154469	42486	38759	30847	44832	0	0	0	0	0	118787	264650	35682	1353	35191	491	33349	33840	1842	1351	431	922	308	35191	2273	35191	1844	1671	173	33520	1671	3573387	300378	290299	499200	3319	1867	1521761	35004	48374	50390	38463	47843
13308	21	0	316894	79159	74140	60698	104783	0	0	0	0	0	316001	394512	893	4	79	814	75	76	4	3	2	3	0	79	6	79	0	0	0	79	0	3890530	301272	290378	512517	3319	1867	1669801	317	89986	97818	73939	109521
49425	2159	1958	155532	43206	38804	30822	45181	0	0	0	0	0	119344	266804	36188	1358	35670	518	33811	34313	1859	1357	448	950	247	35670	2307	35670	1962	1791	171	33879	1791	4046337	337463	326049	561951	1185	3658	1724184	35090	49197	51067	38597	48114
13279	25	0	315387	78421	74247	60067	104451	0	0	0	0	0	314462	392441	925	2	71	854	69	69	2	2	0	0	1	71	2	71	0	0	0	71	0	4361971	338388	326120	575241	1185	3658	1872224	300	89373	97844	73090	109417
48549	2161	1958	154184	42926	38444	30720	44602	0	0	0	0	0	118959	263168	35225	1373	34756	469	32926	33384	1830	1372	464	922	291	34756	2294	34756	1967	1769	198	32987	1769	4516396	373613	360876	623805	3152	1331	1926596	34455	48846	50378	38288	47530
13142	18	0	315437	78983	74290	59572	104350	0	0	0	0	0	314547	392820	890	0	59	831	59	59	0	0	0	0	0	59	0	59	0	0	0	59	0	4832088	374503	360935	636957	3152	1331	2074646	247	89820	97846	72690	109215
50537	2305	1890	155825	42833	39403	31273	44944	0	0	0	0	0	118964	268505	36861	1476	36372	489	34412	34898	1960	1474	488	974	308	36372	2448	36372	1897	1725	172	34647	1725	4988165	411366	397307	687504	953	3056	2129019	36032	49015	51611	39067	47946
13226	23	0	316679	78847	74678	60012	104988	0	0	0	0	0	315757	393648	922	4	72	850	69	69	3	3	1	1	2	72	4	72	0	0	0	72	0	5305079	412288	397379	700740	953	3056	2277069	280	89419	97957	73256	109844
50187	2246	1980	156221	43244	39307	31039	45188	0	0	0	0	0	119540	268440	36681	1380	36177	504	34298	34798	1879	1379	454	954	308	36177	2333	36177	1988	1794	194	34383	1794	5461570	448970	433556	750935	2941	754	2331442	35980	49235	51416	38782	48223
13452	25	0	316163	79124	73921	60152	104815	0	0	0	0	0	315277	393183	886	1	75	811	71	74	4	1	1	4	1	75	5	75	0	0	0	75	0	5778008	449856	433631	764394	2941	754	2479492	313	89848	97691	73109	109705
48577	2056	1910	154806	42995	38686	30666	44919	0	0	0	0	0	119462	263815	35344	1295	34872	472	33119	33577	1753	1295	431	889	294	34872	2184	34872	1919	1728	191	33144	1728	5933046	485200	468503	812979	764	2482	2533865	34709	48840	50752	38249	47901
13088	11	0	316355	79223	74129	60535	104326	0	0	0	0	0	315410	393056	945	1	68	877	68	67	0	1	1	0	1	68	1	68	0	0	0	68	0	6249624	486146	468571	826079	764	2482	2681915	295	90032	97649	73565	109117
57389	2604	2379	162563	45647	41218	32391	46161	0	0	0	0	0	120264	287910	42299	1664	41752	547	39564	40090	2188	1662	567	1093	362	41752	2755	41752	2387	2173	214	39579	2173	6412475	528447	510323	883477	3151	559	2736288	41398	51990	54018	40566	49249
13184	18	0	316319	78590	74242	60290	105010	0	0	0	0	0	315387	393543	932	4	67	865	62	63	5	4	1	2	0	67	6	67	0	0	0	67	0	6729071	529379	510390	896669	3151	559	2884326	294	89518	97636	73533	109848
58600	2635	2278	163231	45766	41001	32498	46809	0	0	0	0	0	120007	290804	43224	1696	42694	530	40463	40998	2231	1696	565	1100	379	42694	2796	42694	2285	2079	206	40615	2079	6892537	572603	553084	955281	1340	2638	2938711	42335	52090	53722	40735	49937
13114	25	0	314263	78261	74311	59619	103866	0	0	0	0	0	313331	391069	932	2	71	861	66	69	5	2	1	4	1	71	6	71	0	0	0	71	0	7207079	573536	553156	968402	1340	2638	3086748	296	89097	97508	72711	108636
58710	2673	2303	162993	45825	40907	32804	46281	0	0	0	0	0	119452	291055	43541	1685	43000	541	40731	41318	2269	1682	551	1138	380	43000	2820	43000	2311	2076	235	40924	2076	7370334	617078	596156	1027125	3651	618	3141144	42478	52073	53641	41089	49479
13146	17	0	315370	78546	74319	59710	104529	0	0	0	0	0	314476	392304	894	1	84	810	81	83	3	1	0	2	0	84	3	84	0	0	0	84	0	7685960	617972	596240	1040286	3651	618	3289171	297	89587	97703	72874	109448
58626	2507	2314	162924	45865	41289	32372	46302	0	0	0	0	0	119561	290759	43363	1619	42819	544	40683	41202	2136	1617	564	1083	345	42819	2700	42819	2325	2122	203	40697	2122	7849141	661337	639059	1098924	1880	2740	3343544	42475	52190	54053	40613	49456
13110	29	0	314563	78434	74304	59607	104040	0	0	0	0	0	313692	390588	871	1	82	789	80	81	2	1	1	2	0	82	3	82	0	0	0	82	0	8163933	662210	639141	1112042	1880	2740	3491594	292	89317	97665	72698	108847
56080	2503	2112	160921	45051	40476	32323	45946	0	0	0	0	0	119704	283545	41217	1614	40695	522	38559	39083	2136	1612	554	1078	320	40695	2690	40695	2122	1935	187	38760	1935	8325110	703427	679836	1168134	4002	579	3545967	40295	51215	52993	40276	49284
13265	17	0	313900	78211	73616	59907	103934	0	0	0	0	0	312981	390109	919	2	70	849	65	69	5	1	0	4	0	70	5	70	0	0	0	70	0	8639243	704346	679906	1181405	4002	579	3694017	292	88918	97094	72942	108748
57574	2636	2272	162394	45355	41013	32484	46453	0	0	0	0	0	119856	288428	42538	1638	41993	545	39752	40356	2241	1637	547	1151	363	41993	2788	41993	2284	2070	214	39923	2070	8801895	746887	721899	1238992	2190	2649	3748391	41592	51668	53598	40650	49590
13221	26	0	314777	78579	74287	59641	104092	0	0	0	0	0	313906	391275	871	1	63	808	57	62	6	1	1	6	1	63	7	63	0	0	0	63	0	9116937	747759	721962	1252225	2190	2649	3896429	295	89290	97877	72755	108831

processed_m4428_ME21_HV0_test40_SRCoff_170713_234706_TMBCounters.txt																																													
alct0 valid pattern flag received	alct1 valid pattern flag received	raw hits readout   	Pretrigger   	Pretrigger on CFEB0	Pretrigger on CFEB1	Pretrigger on CFEB2	Pretrigger on CFEB3	Pretrigger on CFEB4	Pretrigger on CFEB5	Pretrigger on CFEB6	Pretrigger on ME1A CFEB 4-6 only	Pretrigger on ME1B CFEBs 0-3 only	Discarded, CLCT0 invalid pattern after drift	BX pretrig waiting for triads to dissipate	clct0 sent to TMB matching section	clct1 sent to TMB matching section	TMB accepted alct	TMB match reject event  	Matching found one ALCT	Matching found one CLCT	Matching found two ALCTs	Matching found two CLCTs	ALCT0 copied into ALCT1 to make 2nd LCT	CLCT0 copied into CLCT1 to make 2nd LCT	LCT1 has higher quality than LCT0 	Transmitted LCT0 to MPC	Transmitted LCT1 to MPC	MPC rejected both LCT0 and LCT1	L1A received   	L1A received, TMB in L1A window	L1A received, no TMB in window	TMB triggered, no L1A in window	TMB readouts completed	Pretrigger counter   	CLCT counter   	TMB trigger counter	ALCTs received counter	L1As received counter 	Readout counter 	Orbit counter	CLCT pre-trigger and ALCT coincidence counter	CFEB0 active flag sent to DMB for readout	CFEB1 active flag sent to DMB for readout	CFEB2 active flag sent to DMB for readout	CFEB3 active flag sent to DMB for readout
57654	2608	2246	164439	45783	41780	32920	46987	0	0	0	0	0	120918	292355	43521	1735	42971	550	40714	41239	2257	1732	551	1076	361	42971	2808	42971	2257	2113	144	40858	2113	273845	43841	43003	62368	2257	2113	104804	38554	52289	54520	41100	50211
14051	37	0	321105	79682	74806	60495	107966	0	0	0	0	0	320215	399381	890	1	80	810	73	79	7	1	1	7	0	80	8	80	0	0	0	80	0	595801	44732	43083	76451	2257	2113	252852	304	90582	98652	73807	112831
57842	2666	2335	165063	45930	41711	33076	47350	0	0	0	0	0	121126	294026	43937	1719	43358	579	41045	41640	2313	1718	586	1181	351	43358	2899	43358	2343	2202	141	41156	2202	761138	88670	86442	134306	504	219	307225	38982	52378	54472	41211	50651
13866	21	0	321002	79810	75112	61034	106898	0	0	0	0	0	320050	399320	952	2	90	862	87	89	3	1	0	2	0	90	3	90	0	0	0	90	0	1082406	89623	86532	148177	504	219	455275	300	91072	98968	74219	111733
58151	2712	2379	164915	46240	41217	32833	47721	0	0	0	0	0	120982	293957	43933	1799	43368	564	41000	41569	2368	1799	575	1144	414	43368	2943	43368	2386	2253	133	41115	2253	1247563	133556	129900	206346	2890	2472	509648	38778	52599	53995	41050	50935
13792	40	0	322318	79991	75215	60841	108108	0	0	0	0	0	321416	400739	902	2	78	824	74	76	4	2	1	3	1	78	5	78	0	0	0	78	0	1570133	134460	129979	220157	2890	2472	657698	323	90986	98973	74136	112949
55499	2530	2090	163200	45197	40938	32756	47212	0	0	0	0	0	121209	287201	41991	1631	41394	597	39236	39764	2158	1630	526	1054	344	41394	2684	41394	2098	1970	128	39424	1970	1733598	176451	171373	275672	892	346	712071	36989	51657	53689	40937	50435
13849	28	0	321000	79884	74961	60861	107145	0	0	0	0	0	320057	399169	943	3	86	857	81	83	5	3	1	3	0	86	6	86	0	0	0	86	0	2054856	177395	171459	289531	892	346	860121	293	90799	98733	74178	112020
58488	2668	2319	164869	46137	41420	32952	47409	0	0	0	0	0	120467	294524	44402	1719	43828	574	41501	42109	2327	1719	553	1161	328	43828	2880	43828	2330	2196	134	41632	2196	2219999	221797	215287	348034	3222	2542	914493	39212	52498	54278	41220	50585
13606	18	0	320704	79734	75213	60491	107046	0	0	0	0	0	319766	399035	938	1	69	869	65	68	4	1	1	4	0	69	5	69	0	0	0	69	0	2540955	222736	215356	361645	3222	2542	1062533	300	90655	98596	73874	112011
58840	2581	2221	165631	46227	41535	33249	47712	0	0	0	0	0	120976	296290	44655	1678	44113	542	41906	42436	2207	1677	605	1135	342	44113	2812	44113	2235	2083	152	42030	2083	2706843	267393	259469	420499	1361	529	1116916	39742	52717	54312	41607	50945
13794	29	0	321810	80002	75383	61085	107135	0	0	0	0	0	320843	400368	967	3	83	884	78	81	5	2	1	4	1	83	6	83	0	0	0	83	0	3028910	268362	259553	434308	1361	529	1264956	307	91007	99280	74419	112019
58094	2733	2250	164646	45938	41497	32815	47429	0	0	0	0	0	120616	293414	44030	1711	43476	554	41166	41767	2310	1709	585	1186	328	43476	2895	43476	2259	2136	123	41340	2136	3193807	312395	303029	492416	3620	2665	1319328	38989	52272	54338	41200	50578
13663	25	0	321356	80207	74801	60917	107255	0	0	0	0	0	320456	399995	900	0	71	829	71	71	0	0	0	0	0	71	0	71	0	0	0	71	0	3515420	313295	303100	506086	3620	2665	1467379	273	91153	98552	74037	112127
57893	2784	2225	165127	46261	41806	32828	47389	0	0	0	0	0	121273	293993	43854	1798	43305	549	40919	41509	2386	1796	572	1162	354	43305	2958	43305	2228	2088	140	41217	2088	3680814	357153	346406	563989	1752	657	1521751	38749	52726	54864	41042	50604
14015	16	0	320800	79069	75202	60670	107663	0	0	0	0	0	319877	398724	923	0	75	848	72	75	3	0	0	3	0	75	3	75	0	0	0	75	0	4001868	358077	346481	578012	1752	657	1669802	293	90107	99016	74120	112417
57448	2630	2277	164030	45769	41040	32840	47305	0	0	0	0	0	120532	291702	43498	1719	42928	570	40676	41211	2252	1717	568	1103	371	42928	2820	42928	2284	2148	136	40780	2148	4166180	401575	389409	635473	4036	2805	1724174	38381	51946	53748	41093	50536
13679	19	0	320989	79752	75021	60692	107339	0	0	0	0	0	320057	399435	932	1	69	863	67	69	2	0	0	2	0	69	2	69	0	0	0	69	0	4487410	402508	389478	649160	4036	2805	1872223	276	90720	98781	73939	112218
59237	2773	2207	165770	46406	41891	33064	47544	0	0	0	0	0	120873	296990	44897	1849	44308	589	41942	42462	2366	1846	614	1134	381	44308	2980	44308	2218	2079	139	42229	2079	4653454	447406	433786	708410	2158	788	1926596	39842	52962	54771	41387	50750
13905	33	0	320422	79443	75238	60469	107109	0	0	0	0	0	319513	399107	909	3	66	843	61	64	5	2	0	3	1	66	5	66	0	0	0	66	0	4974165	448315	433852	722322	2158	788	2074635	275	90494	98853	73868	111970
58151	2634	2197	164379	46259	41224	32561	47367	0	0	0	0	0	120284	293442	44095	1774	43512	583	41227	41743	2285	1769	571	1087	372	43512	2856	43512	2209	2068	141	41444	2068	5138814	492410	477364	780478	271	2856	2129019	38914	52578	54107	40870	50616
13986	22	0	321793	79731	74733	60989	108155	0	0	0	0	0	320833	400156	960	3	73	887	71	72	2	1	1	2	1	73	3	73	0	0	0	73	0	5460911	493371	477438	794474	271	2856	2277058	291	90660	98402	74078	113039
60552	2726	2360	167197	46868	42291	33602	47649	0	0	0	0	0	121123	300993	46074	1827	45464	610	43137	43640	2327	1824	627	1130	404	45464	2954	45464	2369	2225	144	43239	2225	5628388	539446	522902	855036	2640	985	2331442	40830	53444	55267	41957	50910
13884	31	0	320584	79808	75084	60694	106877	0	0	0	0	0	319683	398730	901	5	79	822	73	75	6	4	3	5	0	79	9	79	0	0	0	79	0	5949223	540347	522981	868928	2640	985	2479481	326	90756	98873	74026	111805
56129	2613	2204	163558	45634	41268	32410	47267	0	0	0	0	0	120997	288946	42561	1680	42018	543	39779	40341	2239	1677	541	1103	344	42018	2780	42018	2213	2078	135	39940	2078	6113045	582909	564999	925076	757	3063	2533854	37650	51936	53857	40814	50509
13759	18	0	321104	79476	75001	61103	107388	0	0	0	0	0	320207	399593	897	1	70	827	68	69	2	1	1	2	0	70	3	70	0	0	0	70	0	6434436	583806	565069	938852	757	3063	2681904	282	90454	98664	74355	112325
57519	2665	2240	164094	46007	41274	32631	47236	0	0	0	0	0	120557	291824	43537	1731	42985	552	40728	41257	2257	1728	549	1078	363	42985	2806	42985	2249	2118	131	40867	2118	6598815	627344	608054	996388	3006	1085	2736277	38603	52339	53889	40924	50484
13759	20	0	321564	79937	75156	60654	107611	0	0	0	0	0	320635	400554	929	1	75	854	74	74	1	1	0	0	0	75	1	75	0	0	0	75	0	6920658	628273	608129	1010158	3006	1085	2884327	298	90715	98858	74108	112563
58405	2701	2346	164756	46151	41344	32950	47373	0	0	0	0	0	120516	294162	44240	1766	43666	574	41357	41901	2309	1765	573	1117	353	43666	2882	43666	2353	2198	155	41468	2198	7085694	672513	651795	1068574	1263	3283	2938700	39255	52496	54204	41218	50623
13765	18	0	321116	80046	74783	60736	107351	0	0	0	0	0	320217	399838	899	1	68	831	67	67	1	1	1	1	0	68	2	68	0	0	0	68	0	7407076	673413	651864	1082351	1263	3283	3086739	278	90967	98725	74157	112161
59095	2779	2333	165635	46185	41864	33099	47656	0	0	0	0	0	120629	296963	45006	1809	44462	544	42092	42654	2370	1808	570	1132	365	44462	2940	44462	2341	2168	173	42294	2168	7572994	718419	696326	1141459	3604	1355	3141123	39745	52701	54667	41534	50902
13852	19	0	321621	80379	75001	60803	107304	0	0	0	0	0	320711	400160	910	1	89	821	88	88	1	1	1	1	1	89	2	89	0	0	0	89	0	7894827	719330	696415	1155329	3604	1355	3289162	313	91351	99002	74035	112224
55796	2514	2121	163099	45316	40959	32450	47259	0	0	0	0	0	121057	287789	42042	1685	41451	591	39308	39771	2143	1680	551	1014	322	41451	2694	41451	2125	1994	131	39457	1994	8058165	761373	737866	1211135	1633	3349	3343546	37405	51731	53628	40632	50469
13732	30	0	321360	80320	74812	60649	107376	0	0	0	0	0	320481	399867	879	2	76	803	69	74	7	2	1	6	0	76	8	76	0	0	0	76	0	8379790	762252	737942	1224881	1633	3349	3491585	330	91211	98671	73934	112203

processed_m4429_ME21_HV0_test40_SRCoff_170713_235500_TMBCounters.txt																																													
alct0 valid pattern flag received	alct1 valid pattern flag received	raw hits readout   	Pretrigger   	Pretrigger on CFEB0	Pretrigger on CFEB1	Pretrigger on CFEB2	Pretrigger on CFEB3	Pretrigger on CFEB4	Pretrigger on CFEB5	Pretrigger on CFEB6	Pretrigger on ME1A CFEB 4-6 only	Pretrigger on ME1B CFEBs 0-3 only	Discarded, CLCT0 invalid pattern after drift	BX pretrig waiting for triads to dissipate	clct0 sent to TMB matching section	clct1 sent to TMB matching section	TMB accepted alct	TMB match reject event  	Matching found one ALCT	Matching found one CLCT	Matching found two ALCTs	Matching found two CLCTs	ALCT0 copied into ALCT1 to make 2nd LCT	CLCT0 copied into CLCT1 to make 2nd LCT	LCT1 has higher quality than LCT0 	Transmitted LCT0 to MPC	Transmitted LCT1 to MPC	MPC rejected both LCT0 and LCT1	L1A received   	L1A received, TMB in L1A window	L1A received, no TMB in window	TMB triggered, no L1A in window	TMB readouts completed	Pretrigger counter   	CLCT counter   	TMB trigger counter	ALCTs received counter	L1As received counter 	Readout counter 	Orbit counter	CLCT pre-trigger and ALCT coincidence counter	CFEB0 active flag sent to DMB for readout	CFEB1 active flag sent to DMB for readout	CFEB2 active flag sent to DMB for readout	CFEB3 active flag sent to DMB for readout
57375	2605	2269	165946	46285	41448	32971	48326	0	0	0	0	0	122174	294039	43772	1813	43219	553	40973	41407	2246	1812	587	1021	361	43219	2833	43219	2279	2157	122	41062	2157	277494	44087	43252	62359	2279	2157	104812	34985	52694	54289	41112	51592
14403	27	0	326179	80320	75986	61378	110429	0	0	0	0	0	325212	406175	967	2	79	888	73	77	6	2	0	4	0	79	6	79	0	0	0	79	0	604164	45056	43331	76776	2279	2157	252851	306	91292	99933	74782	115478
55801	2568	2267	164926	45897	41381	32237	48381	0	0	0	0	0	122349	290627	42577	1740	41969	608	39794	40231	2175	1738	604	1041	347	41969	2779	41969	2279	2159	120	39810	2159	769362	87633	85300	132588	462	220	307224	33640	52233	54107	40458	51503
14565	26	0	327598	80924	75858	61810	110939	0	0	0	0	0	326657	407603	941	4	72	869	64	68	8	4	0	4	1	72	8	72	0	0	0	72	0	1097240	88574	85372	147163	462	220	455274	281	92191	100177	75151	115970
59121	2653	2259	167641	46879	42179	33185	48589	0	0	0	0	0	122346	298977	45295	1838	44733	562	42432	42895	2301	1838	628	1091	342	44733	2929	44733	2268	2162	106	42571	2162	1265145	133870	130105	206293	2730	2382	509647	35966	53378	55154	41566	51848
14522	26	0	326202	80244	75857	61479	110455	0	0	0	0	0	325259	405890	943	2	77	866	75	75	2	2	1	1	0	77	3	77	0	0	0	77	0	1591600	134813	130182	220824	2730	2382	657697	305	91389	99906	74823	115323
58861	2770	2288	167280	46730	41907	33392	48534	0	0	0	0	0	122070	298873	45210	1916	44602	608	42206	42688	2396	1914	616	1098	384	44602	3012	44602	2301	2190	111	42412	2190	1759168	180024	174784	279690	935	476	712070	35680	53196	54983	41751	51846
14814	25	0	326166	80912	75629	61222	110294	0	0	0	0	0	325199	406413	967	1	79	888	75	78	4	1	0	3	0	79	4	79	0	0	0	79	0	2085633	180994	174863	294521	935	476	860120	300	91931	99761	74675	115287
60438	2797	2327	168808	47277	42436	33515	48810	0	0	0	0	0	122462	303058	46346	1904	45782	564	43329	43880	2453	1902	591	1142	369	45782	3044	45782	2341	2225	116	43557	2225	2254691	227340	220645	354971	3276	2701	914493	36877	53901	55588	42003	52169
14728	20	0	326433	80719	75759	61220	110607	0	0	0	0	0	325468	406187	965	3	86	879	82	83	4	3	2	3	2	86	6	86	0	0	0	86	0	2581420	228305	220731	369711	3276	2701	1062532	308	91687	99875	74606	115635
56479	2598	2179	165953	45951	41628	32802	48557	0	0	0	0	0	122797	292400	43156	1648	42610	546	40336	40962	2274	1648	561	1187	339	42610	2835	42610	2188	2076	112	40534	2076	2747629	271461	263341	426201	1368	681	1116916	34073	52352	54408	41068	51770
14485	31	0	326913	81020	76013	61109	110620	0	0	0	0	0	325970	406724	943	5	90	853	85	87	5	3	2	4	1	90	7	90	0	0	0	90	0	3074798	272404	263431	440698	1368	681	1264954	297	92018	100008	74746	115539
59826	2718	2260	168356	46987	41859	33554	49159	0	0	0	0	0	122504	301282	45852	1812	45303	549	42964	43494	2339	1809	600	1130	379	45303	2939	45303	2267	2161	106	43142	2161	3243446	318257	308734	500535	3635	2842	1319338	36305	53537	54933	42046	52508
14911	25	0	326665	80772	75894	61399	110496	0	0	0	0	0	325683	406167	982	2	97	885	95	95	2	2	1	1	0	97	3	97	0	0	0	97	0	3570372	319240	308831	515455	3635	2842	1467377	297	91743	100157	74839	115376
60838	2701	2424	168575	47258	42434	33452	48738	0	0	0	0	0	122098	302658	46477	1930	45926	551	43623	43996	2303	1930	685	1058	363	45926	2988	45926	2430	2299	131	43627	2299	3739234	365717	354757	576297	1969	1045	1521749	37028	53763	55563	41894	51981
14570	28	0	327085	80674	76172	61328	110821	0	0	0	0	0	326111	407426	974	2	90	884	85	89	5	1	1	5	0	90	6	90	0	0	0	90	0	4066589	366691	354847	590882	1969	1045	1669800	298	91797	100373	74750	115776
60006	2755	2349	168958	46770	42326	33778	49344	0	0	0	0	0	122830	302560	46128	1917	45565	563	43174	43649	2391	1916	634	1109	407	45565	3025	45565	2362	2256	106	43309	2256	4235812	412820	400412	650902	235	3301	1724172	36639	53263	55355	42125	52631
14853	20	0	326374	80879	75704	61127	110557	0	0	0	0	0	325434	405740	940	2	72	868	72	72	0	0	0	0	0	72	0	72	0	0	0	72	0	4562431	413761	400484	665766	235	3301	1872223	289	92211	99940	74517	115508
59556	2696	2292	167817	46587	42289	33587	48624	0	0	0	0	0	122307	300112	45510	1834	44955	555	42609	43125	2346	1830	613	1129	369	44955	2959	44955	2301	2180	121	42775	2180	4730548	459272	445440	725336	2536	1385	1926595	36271	53157	55541	41971	51822
14560	30	0	326936	80878	75545	61750	110569	0	0	0	0	0	325994	406411	942	2	75	867	71	73	4	2	1	3	0	75	5	75	0	0	0	75	0	5057741	460214	445515	739914	2536	1385	2074635	294	92023	99777	75222	115481
58419	2701	2252	167486	46637	42234	32997	48850	0	0	0	0	0	122783	297627	44703	1826	44143	560	41788	42320	2355	1823	577	1109	368	44143	2932	44143	2261	2161	100	41982	2161	5225478	504917	489658	798340	701	3546	2129018	35551	53123	54753	41415	52199
14696	20	0	326845	81374	75551	61417	110377	0	0	0	0	0	325855	406577	990	4	87	903	84	84	3	3	2	2	1	87	5	87	0	0	0	87	0	5552617	505908	489745	813046	701	3546	2277057	290	92523	99986	74807	115391
60595	2813	2364	169721	47160	42785	33885	49192	0	0	0	0	0	123027	304512	46694	1908	46121	573	43719	44214	2402	1907	645	1140	374	46121	3047	46121	2372	2258	114	43863	2258	5722581	552604	535866	873652	3073	1708	2331441	36973	53645	55930	42368	52554
14534	24	0	326862	80675	75718	61499	110799	0	0	0	0	0	325884	406280	978	2	83	895	79	81	4	2	0	2	0	83	4	83	0	0	0	83	0	6049713	553582	535949	888201	3073	1708	2479481	302	91721	99755	74838	115725
60686	2851	2320	169124	47275	42499	33660	48963	0	0	0	0	0	122759	303285	46365	1917	45782	583	43300	43867	2482	1915	605	1172	374	45782	3087	45782	2331	2208	123	43574	2208	6219111	599947	581731	948897	1308	3916	2533864	37077	53836	55716	42146	52361
14697	33	0	326356	81442	75478	61376	109947	0	0	0	0	0	325401	406191	955	4	93	862	86	89	7	4	1	4	1	93	8	93	0	0	0	93	0	6545719	600902	581824	963606	1308	3916	2681903	299	92586	99436	74837	114907
60875	2770	2438	168608	47160	42423	33508	48752	0	0	0	0	0	121860	303503	46748	1876	46164	584	43761	44289	2403	1875	657	1185	385	46164	3060	46164	2445	2323	122	43841	2323	6714606	647650	627988	1024491	3753	2143	2736276	36999	53662	55561	41996	52026
14581	16	0	326715	81021	75439	61101	110993	0	0	0	0	0	325814	406474	901	2	75	826	74	73	1	2	1	0	0	75	2	75	0	0	0	75	0	7041580	648552	628063	1039088	3753	2143	2884326	277	92059	99535	74481	116013
60085	2826	2357	169447	47389	42243	33854	49228	0	0	0	0	0	123298	303668	46149	1930	45561	588	43151	43631	2410	1930	651	1131	395	45561	3061	45561	2366	2267	99	43294	2267	7211266	694703	673624	1099180	2023	314	2938699	36522	54058	55464	42233	52527
14581	28	0	327227	81014	75633	61601	110793	0	0	0	0	0	326282	406960	945	3	79	866	75	76	4	3	1	2	0	79	5	79	0	0	0	79	0	7538728	695649	673703	1113776	2023	314	3086750	301	92097	99948	74984	115784
59236	2726	2197	167740	46533	41842	33604	48919	0	0	0	0	0	122425	299538	45315	1917	44736	579	42383	42821	2353	1915	665	1103	393	44736	3018	44736	2209	2107	102	42629	2107	7706729	740964	718439	1173026	136	2421	3141122	35944	52957	54772	41871	52260
14556	27	0	326766	80843	75878	61350	110551	0	0	0	0	0	325803	406421	963	2	88	875	85	87	3	1	0	2	0	88	3	88	0	0	0	88	0	8033750	741927	718527	1187587	136	2421	3289160	306	92197	99856	74842	115615
59811	2711	2303	168283	47028	42141	33590	48699	0	0	0	0	0	122391	301019	45892	1866	45333	558	43011	43471	2322	1862	625	1085	407	45333	2947	45333	2314	2202	112	43131	2202	8202326	787821	763861	1247406	2450	527	3343545	36514	53503	55381	42052	52073
14750	19	0	325745	80390	75903	60841	110430	0	0	0	0	0	324818	405338	927	3	92	835	86	90	6	2	1	5	0	92	7	92	0	0	0	92	0	8528370	788748	763953	1262169	2450	527	3491583	307	91459	99951	74073	115200

processed_m4430_ME21_HV0_test40_SRCoff_170714_000321_TMBCounters.txt																																													
alct0 valid pattern flag received	alct1 valid pattern flag received	raw hits readout   	Pretrigger   	Pretrigger on CFEB0	Pretrigger on CFEB1	Pretrigger on CFEB2	Pretrigger on CFEB3	Pretrigger on CFEB4	Pretrigger on CFEB5	Pretrigger on CFEB6	Pretrigger on ME1A CFEB 4-6 only	Pretrigger on ME1B CFEBs 0-3 only	Discarded, CLCT0 invalid pattern after drift	BX pretrig waiting for triads to dissipate	clct0 sent to TMB matching section	clct1 sent to TMB matching section	TMB accepted alct	TMB match reject event  	Matching found one ALCT	Matching found one CLCT	Matching found two ALCTs	Matching found two CLCTs	ALCT0 copied into ALCT1 to make 2nd LCT	CLCT0 copied into CLCT1 to make 2nd LCT	LCT1 has higher quality than LCT0 	Transmitted LCT0 to MPC	Transmitted LCT1 to MPC	MPC rejected both LCT0 and LCT1	L1A received   	L1A received, TMB in L1A window	L1A received, no TMB in window	TMB triggered, no L1A in window	TMB readouts completed	Pretrigger counter   	CLCT counter   	TMB trigger counter	ALCTs received counter	L1As received counter 	Readout counter 	Orbit counter	CLCT pre-trigger and ALCT coincidence counter	CFEB0 active flag sent to DMB for readout	CFEB1 active flag sent to DMB for readout	CFEB2 active flag sent to DMB for readout	CFEB3 active flag sent to DMB for readout
59514	2798	2287	170555	47652	42626	33751	49911	0	0	0	0	0	124985	303377	45570	1939	44980	590	42552	43045	2428	1935	627	1120	361	44980	3055	44980	2297	2188	109	42792	2188	283949	45904	44997	64725	2297	2188	104824	32030	54345	56021	42179	53203
15404	32	0	332804	82114	76760	62431	113385	0	0	0	0	0	331746	414616	1058	5	109	949	103	104	6	5	3	4	1	109	9	109	0	0	0	109	0	617031	46962	45106	80140	2297	2188	252864	323	93528	101465	76004	118511
62752	2967	2390	172893	48432	43223	34331	50319	0	0	0	0	0	124538	311512	48355	2042	47767	588	45196	45728	2571	2039	621	1153	377	47767	3192	47767	2402	2290	112	45477	2290	790215	95319	92873	142909	603	382	307236	34215	55237	56582	43103	53802
15692	35	0	332556	82257	76601	61917	113685	0	0	0	0	0	331574	414137	982	4	74	908	66	70	8	4	0	4	1	74	8	74	0	0	0	74	0	1123030	96304	92948	158615	603	382	455285	301	93817	101026	75320	118684
62939	2882	2424	173059	48329	43240	34113	50793	0	0	0	0	0	124433	312413	48626	1970	48004	622	45499	46034	2505	1970	627	1162	384	48004	3132	48004	2442	2311	131	45693	2311	1296354	144931	140952	221567	3045	2693	509661	34302	55157	56664	42802	54128
15728	23	0	332226	81676	76601	62124	113782	0	0	0	0	0	331289	413753	937	1	73	864	71	72	2	1	0	1	0	73	2	73	0	0	0	73	0	1628850	145869	141025	237306	3045	2693	657708	305	93116	100923	75631	118820
61163	2898	2343	171536	47652	42999	33935	50406	0	0	0	0	0	124708	307193	46828	1991	46260	568	43723	44272	2537	1988	649	1198	442	46260	3186	46260	2354	2250	104	44010	2250	1800663	192698	187285	298482	1303	847	712082	33096	54328	56241	42604	53775
15510	17	0	333515	82074	77345	61953	114076	0	0	0	0	0	332575	415685	940	1	81	859	78	80	3	1	0	2	0	81	3	81	0	0	0	81	0	2134463	193638	187366	314002	1303	847	860120	309	93561	101858	75942	119137
60186	2755	2357	170165	47386	42766	33759	49646	0	0	0	0	0	123664	304019	46501	1939	45893	608	43510	43958	2383	1935	628	1076	383	45893	3011	45893	2372	2275	97	43618	2275	2304853	240139	233259	374203	3675	3122	914516	32776	54068	55791	42200	52996
15497	28	0	332651	82053	76967	61839	113719	0	0	0	0	0	331658	414229	993	2	77	916	73	75	4	2	0	2	1	77	4	77	0	0	0	77	0	2637762	241132	233336	389716	3675	3122	1062543	300	93471	101551	75481	118778
59438	2672	2336	169549	47013	42706	33635	49548	0	0	0	0	0	124027	301288	45522	1873	44943	579	42633	43074	2310	1869	625	1066	390	44943	2935	44943	2345	2246	99	42697	2246	2807594	286654	278279	449164	1924	1272	1116928	32406	53645	55782	41916	52924
15372	26	0	333173	82232	76580	62207	113955	0	0	0	0	0	332197	414649	976	1	76	900	74	76	2	0	0	2	0	76	2	76	0	0	0	76	0	3141006	287631	278355	464549	1924	1272	1264966	268	93477	101031	76015	119039
63249	2930	2415	173227	48414	43320	34588	50436	0	0	0	0	0	124572	312333	48655	2061	48076	579	45537	46017	2539	2059	686	1166	405	48076	3225	48076	2423	2330	93	45746	2330	3314512	336286	326431	527810	251	3602	1319339	34567	55270	56714	43266	53900
15471	31	0	333916	82551	77142	62113	114026	0	0	0	0	0	332917	415596	999	1	83	916	80	82	3	1	0	2	0	83	3	83	0	0	0	83	0	3648709	337285	326514	543297	251	3602	1467389	276	93802	101969	75805	119110
62153	2822	2417	171935	48199	42948	33858	50302	0	0	0	0	0	124241	308766	47694	1986	47110	584	44641	45125	2469	1985	664	1148	378	47110	3133	47110	2426	2328	98	44782	2328	3820965	384979	373624	605460	2677	1834	1521762	33653	54809	56184	42499	53654
15484	24	0	332971	81946	76590	62219	114125	0	0	0	0	0	332022	414156	949	0	77	872	76	77	1	0	0	1	0	77	1	77	0	0	0	77	0	4154173	385930	373701	620950	2677	1834	1669812	286	93274	101267	76096	119212
64174	2957	2510	175251	49064	43928	34790	51036	0	0	0	0	0	125560	317010	49691	2069	49061	630	46482	46996	2579	2065	693	1207	400	49061	3272	49061	2521	2405	116	46656	2405	4329714	435623	422762	685134	1102	143	1724187	35158	55913	57779	43535	54542
15142	31	0	334095	82233	77228	62153	114339	0	0	0	0	0	333100	415825	995	4	81	914	73	77	8	4	0	4	1	81	8	81	0	0	0	81	0	4664074	436618	422843	700292	1102	143	1872224	308	93706	101925	75946	119421
62714	2759	2469	172728	48762	43199	34041	50214	0	0	0	0	0	124545	311026	48183	2006	47600	583	45188	45596	2412	2004	679	1087	409	47600	3091	47600	2475	2373	102	45227	2373	4837077	484801	470443	763019	3577	2516	1926608	34057	55486	56611	42773	53664
15675	29	0	332055	81407	76711	62105	113695	0	0	0	0	0	331063	413720	992	3	76	916	73	75	3	1	1	3	0	76	4	76	0	0	0	76	0	5169386	485793	470519	778708	3577	2516	2074647	320	92679	101407	75649	118659
61397	2810	2371	172328	48346	43059	34083	50266	0	0	0	0	0	124929	308893	47399	1973	46821	578	44373	44849	2448	1972	655	1131	358	46821	3103	46821	2376	2268	108	44553	2268	5341991	533192	517340	840118	1857	688	2129031	33352	54995	56468	42622	53536
15684	27	0	333231	81781	77386	61913	114038	0	0	0	0	0	332279	414913	952	1	80	872	77	79	3	1	0	2	1	80	3	80	0	0	0	80	0	5675486	534144	517420	855815	1857	688	2277070	251	93263	101579	75658	119104
62265	2793	2442	172006	47950	43207	34099	50152	0	0	0	0	0	124066	310013	47940	1978	47323	617	44903	45348	2420	1975	672	1117	394	47323	3092	47323	2449	2351	98	44972	2351	5847777	582085	564744	918089	210	3039	2331443	33828	54628	56491	42785	53607
15618	37	0	333798	82367	77058	62156	114173	0	0	0	0	0	332800	415680	998	1	97	901	90	96	7	1	0	6	0	97	7	97	0	0	0	97	0	6181849	583083	564841	933719	210	3039	2479493	293	93776	101776	75675	119254
62159	2852	2446	172544	48031	43347	34054	50494	0	0	0	0	0	124641	310081	47903	1949	47300	603	44834	45352	2466	1948	598	1116	438	47300	3064	47300	2452	2353	99	44947	2353	6354672	630986	612141	995882	2662	1296	2533866	33896	54749	56564	42763	53939
15454	27	0	333377	81847	77024	62397	114040	0	0	0	0	0	332408	415285	969	4	84	885	83	81	1	3	2	0	3	84	3	84	0	0	0	84	0	6688318	631955	612225	1011351	2662	1296	2681916	320	93252	101823	75961	119076
62432	2956	2465	172224	48050	42848	34165	50612	0	0	0	0	0	124136	310041	48088	2028	47450	638	44881	45422	2569	2028	692	1233	430	47450	3261	47450	2477	2374	103	45076	2374	6860801	680044	659675	1073796	1043	3670	2736288	34001	54779	56222	42761	54054
15506	18	0	333086	81819	77288	62006	113824	0	0	0	0	0	332082	414267	1004	3	73	931	71	70	2	3	2	1	0	73	4	73	0	0	0	73	0	7194166	681048	659748	1089316	1043	3670	2884339	280	93312	102115	75648	118872
58841	2699	2191	169217	46757	42777	33230	49728	0	0	0	0	0	124151	300593	45066	1930	44480	586	42158	42553	2322	1927	668	1063	379	44480	2990	44480	2201	2106	95	42374	2106	7363648	726115	704228	1148171	3244	1680	2938711	31957	53510	55673	41507	52930
15607	32	0	332489	81832	77284	61913	113347	0	0	0	0	0	331427	414176	1062	1	78	984	72	77	6	1	1	6	0	78	7	78	0	0	0	78	0	7696410	727177	704306	1163791	3244	1680	3086750	294	93371	101874	75764	118432
67290	3072	2605	176295	49651	44406	34895	51019	0	0	0	0	0	124260	323138	52035	2085	51399	636	48773	49317	2626	2082	727	1271	395	51399	3353	51399	2610	2501	109	48898	2501	7872979	779212	755705	1231096	1758	85	3141133	36728	56645	58057	43940	54499
15622	28	0	332487	82122	76335	62163	113734	0	0	0	0	0	331532	414177	955	1	83	872	78	82	5	1	0	4	1	83	5	83	0	0	0	83	0	8205776	780170	755789	1246735	1758	85	3289173	310	93405	100840	75631	118838

processed_m4431_ME21_HV0_test40_SRCoff_170714_001101_TMBCounters.txt																																													
alct0 valid pattern flag received	alct1 valid pattern flag received	raw hits readout   	Pretrigger   	Pretrigger on CFEB0	Pretrigger on CFEB1	Pretrigger on CFEB2	Pretrigger on CFEB3	Pretrigger on CFEB4	Pretrigger on CFEB5	Pretrigger on CFEB6	Pretrigger on ME1A CFEB 4-6 only	Pretrigger on ME1B CFEBs 0-3 only	Discarded, CLCT0 invalid pattern after drift	BX pretrig waiting for triads to dissipate	clct0 sent to TMB matching section	clct1 sent to TMB matching section	TMB accepted alct	TMB match reject event  	Matching found one ALCT	Matching found one CLCT	Matching found two ALCTs	Matching found two CLCTs	ALCT0 copied into ALCT1 to make 2nd LCT	CLCT0 copied into CLCT1 to make 2nd LCT	LCT1 has higher quality than LCT0 	Transmitted LCT0 to MPC	Transmitted LCT1 to MPC	MPC rejected both LCT0 and LCT1	L1A received   	L1A received, TMB in L1A window	L1A received, no TMB in window	TMB triggered, no L1A in window	TMB readouts completed	Pretrigger counter   	CLCT counter   	TMB trigger counter	ALCTs received counter	L1As received counter 	Readout counter 	Orbit counter	CLCT pre-trigger and ALCT coincidence counter	CFEB0 active flag sent to DMB for readout	CFEB1 active flag sent to DMB for readout	CFEB2 active flag sent to DMB for readout	CFEB3 active flag sent to DMB for readout
62881	2869	2439	176261	49143	43929	34575	52154	0	0	0	0	0	127918	314996	48343	1987	47763	580	45240	45780	2523	1983	664	1204	391	47763	3187	47763	2457	2361	96	45402	2361	291909	48689	47793	68476	2457	2361	104812	29992	56055	57603	43219	55683
16609	19	0	339785	82870	78296	63253	117285	0	0	0	0	0	338778	423251	1007	2	89	918	86	88	3	1	0	2	0	89	3	89	0	0	0	89	0	632471	49696	47882	85127	2457	2361	252850	278	94537	103216	77312	122399
63898	2950	2437	176238	48871	44183	34827	51885	0	0	0	0	0	126933	317174	49305	2023	48695	610	46131	46674	2564	2021	652	1195	408	48695	3216	48695	2443	2367	76	46328	2367	808966	99003	96578	149039	804	632	307224	30751	55901	57915	43617	55341
16545	29	0	339835	82715	78129	63315	117662	0	0	0	0	0	338814	423477	1021	3	83	938	77	80	6	3	1	4	2	83	7	83	0	0	0	83	0	1149089	100024	96661	165596	804	632	455273	284	94318	103066	77446	122774
60581	2742	2358	173092	48143	43006	34137	51306	0	0	0	0	0	126658	307412	46434	1976	45832	602	43457	43858	2375	1974	678	1079	407	45832	3053	45832	2369	2275	94	43557	2275	1322471	146458	142493	226188	3173	2907	509645	28979	54829	56617	42614	54719
16488	28	0	339628	83343	77639	62965	117542	0	0	0	0	0	338670	422698	958	3	80	878	77	77	3	3	2	2	1	80	5	80	0	0	0	80	0	1662381	147416	142573	242697	3173	2907	657696	282	94900	102664	76829	122764
62652	2917	2416	174556	48392	43781	34359	51529	0	0	0	0	0	126268	312492	48288	1986	47594	693	45054	45611	2540	1983	633	1190	382	47594	3173	47594	2419	2337	82	45257	2337	1837228	195704	190167	305361	1496	1148	712068	29984	55241	57319	43032	54921
16310	29	0	341046	83247	78677	63328	117725	0	0	0	0	0	340000	424398	1046	5	91	955	83	87	8	4	1	5	1	91	9	91	0	0	0	91	0	2178550	196751	190258	321685	1496	1148	860107	306	94989	103940	77161	122852
64660	2959	2465	176905	49221	44230	34804	52235	0	0	0	0	0	126878	319062	50027	2082	49435	592	46876	47355	2559	2080	692	1171	420	49435	3251	49435	2478	2388	90	47047	2388	2355758	246779	239693	386359	3974	3536	914493	31106	56185	57826	43679	55807
16178	34	0	339978	83124	78365	62855	117568	0	0	0	0	0	338990	423929	988	3	80	908	77	77	3	3	1	1	1	80	4	80	0	0	0	80	0	2695990	247768	239773	402553	3974	3536	1062531	282	94779	103369	76834	122605
62931	2796	2365	175717	48501	44200	34658	51828	0	0	0	0	0	127099	314902	48618	1992	48018	600	45564	46030	2454	1988	671	1137	409	48018	3125	48018	2373	2281	92	45737	2281	2871994	296386	287791	465489	2251	1721	1116916	30404	55653	57668	43416	55317
16388	44	0	339477	82978	78137	62871	117533	0	0	0	0	0	338458	422783	1019	1	87	932	78	86	9	1	0	8	0	87	9	87	0	0	0	87	0	3211722	297407	287878	481893	2251	1721	1264953	310	94618	102770	76679	122689
63116	2779	2443	175462	48741	44024	34248	51837	0	0	0	0	0	126756	315133	48706	1930	48085	621	45673	46159	2412	1926	661	1147	387	48085	3073	48085	2455	2355	100	45730	2355	3387460	346113	335963	545029	610	4076	1319326	30408	55697	57510	42908	55289
16449	36	0	339418	83143	78012	62820	117488	0	0	0	0	0	338457	422902	961	4	65	896	59	61	6	4	1	3	0	65	7	65	0	0	0	65	0	3727154	347076	336028	561491	610	4076	1467376	270	94706	102786	76796	122581
63548	2906	2444	175885	48965	43758	34679	52055	0	0	0	0	0	126828	316040	49057	2092	48449	608	45907	46357	2542	2092	710	1160	426	48449	3252	48449	2457	2377	80	46072	2377	3903309	396134	384477	625057	3067	2357	1521749	30404	55840	57412	43390	55507
16426	27	0	340393	83528	78099	63687	117055	0	0	0	0	0	339363	424002	1030	3	88	942	85	86	3	2	1	2	1	88	4	88	0	0	0	88	0	4243980	397165	384566	641493	3067	2357	1669800	324	95225	103089	77595	122226
64026	2862	2424	176426	49254	43813	34714	52146	0	0	0	0	0	127177	317361	49249	2027	48629	620	46146	46602	2483	2027	711	1167	413	48629	3194	48629	2441	2336	105	46293	2336	4420692	446415	433195	705534	1412	597	1724172	30692	56082	57468	43425	55656
16434	27	0	339830	83411	78059	63260	117024	0	0	0	0	0	338847	423583	983	2	74	909	72	72	2	2	1	1	0	74	3	74	0	0	0	74	0	4760797	447398	433269	721979	1412	597	1872223	291	95217	103421	76951	122031
63582	2859	2425	176510	49337	43719	35138	51925	0	0	0	0	0	127499	316615	49011	2014	48361	650	45894	46351	2467	2010	723	1180	390	48361	3190	48361	2433	2341	92	46020	2341	4937596	496410	481630	785575	3845	2938	1926595	30695	56210	57545	43818	55373
16541	37	0	339827	83487	78146	63269	116937	0	0	0	0	0	338825	423210	1002	5	95	907	89	90	6	5	2	3	0	95	8	95	0	0	0	95	0	5277678	497412	481725	802130	3845	2938	2074633	297	95209	103263	77239	122075
64265	2867	2529	176073	49103	44183	34647	51712	0	0	0	0	0	126490	317363	49583	2003	48955	628	46454	46952	2501	2003	684	1182	388	48955	3185	48955	2535	2431	104	46524	2431	5454036	546995	530680	866410	2284	1273	2129018	31035	55867	57734	43512	55078
16326	31	0	339488	82985	77999	62922	117484	0	0	0	0	0	338474	422819	1014	2	68	946	62	66	6	2	0	4	1	68	6	68	0	0	0	68	0	5793804	548011	530748	882744	2284	1273	2277058	288	94626	102603	76878	122742
64546	3025	2494	177592	49405	44408	35070	52354	0	0	0	0	0	127646	319845	49946	2117	49353	593	46729	47238	2624	2115	712	1221	421	49353	3336	49353	2503	2400	103	46953	2400	5971695	597958	580101	947302	691	3673	2331431	31449	56429	58122	43945	55775
16514	30	0	340393	83156	78156	63617	117458	0	0	0	0	0	339417	423395	976	1	85	891	81	84	4	1	0	3	0	85	4	85	0	0	0	85	0	6312374	598934	580186	963830	691	3673	2479479	323	94840	103402	77527	122607
62906	2854	2456	175180	48312	44193	34618	51498	0	0	0	0	0	126720	313770	48460	1911	47821	639	45361	45912	2460	1909	638	1189	373	47821	3098	47821	2465	2366	99	45455	2366	6487845	647394	628007	1026750	3156	1943	2533853	30187	55244	57838	43332	54925
16530	32	0	340049	83686	77930	63087	117299	0	0	0	0	0	339051	423275	998	5	80	918	74	76	6	4	1	3	0	80	7	80	0	0	0	80	0	6828181	648394	628087	1043295	3156	1943	2681902	293	95376	103214	77009	122467
60129	2713	2243	172089	47641	42814	34062	50882	0	0	0	0	0	126103	305168	45986	1852	45411	575	43027	43562	2384	1849	556	1091	360	45411	2940	45411	2252	2154	98	43257	2154	7000530	694380	673498	1103439	1312	1	2736276	28743	54323	56241	42539	54307
16427	40	0	340301	83105	78286	63094	117820	0	0	0	0	0	339291	423940	1010	4	82	928	78	78	4	4	2	2	0	82	6	82	0	0	0	82	0	7341085	695390	673580	1119879	1312	1	2884325	281	94704	103286	76875	123136
65771	3080	2558	177737	49735	44511	34935	52266	0	0	0	0	0	126765	322162	50972	2099	50381	591	47691	48284	2690	2097	718	1311	439	50381	3408	50381	2569	2480	89	47901	2480	7519129	746362	723961	1185670	3881	2481	2938699	31635	56730	58209	44004	55636
16510	32	0	340073	82781	78849	63018	117473	0	0	0	0	0	339127	423157	946	8	92	854	84	87	8	5	1	4	2	92	9	92	0	0	0	92	0	7859485	747309	724053	1202200	3881	2481	3086738	311	94421	103799	76836	122575
60873	2746	2313	173055	48009	42896	34203	51380	0	0	0	0	0	126254	307988	46801	1888	46219	582	43813	44332	2406	1887	608	1127	367	46219	3014	46219	2323	2224	99	43995	2224	8032819	794110	770272	1263086	2108	609	3141122	29128	54694	56442	42690	54784
16413	30	0	339791	82761	78577	63571	116841	0	0	0	0	0	338781	423208	1010	1	92	918	89	91	3	1	1	3	0	92	4	92	0	0	0	92	0	8372874	795121	770364	1279510	2108	609	3289160	304	94480	103635	77395	122057

processed_m4432_ME21_HV0_test40_SRCoff_170714_001905_TMBCounters.txt																																													
alct0 valid pattern flag received	alct1 valid pattern flag received	raw hits readout   	Pretrigger   	Pretrigger on CFEB0	Pretrigger on CFEB1	Pretrigger on CFEB2	Pretrigger on CFEB3	Pretrigger on CFEB4	Pretrigger on CFEB5	Pretrigger on CFEB6	Pretrigger on ME1A CFEB 4-6 only	Pretrigger on ME1B CFEBs 0-3 only	Discarded, CLCT0 invalid pattern after drift	BX pretrig waiting for triads to dissipate	clct0 sent to TMB matching section	clct1 sent to TMB matching section	TMB accepted alct	TMB match reject event  	Matching found one ALCT	Matching found one CLCT	Matching found two ALCTs	Matching found two CLCTs	ALCT0 copied into ALCT1 to make 2nd LCT	CLCT0 copied into CLCT1 to make 2nd LCT	LCT1 has higher quality than LCT0 	Transmitted LCT0 to MPC	Transmitted LCT1 to MPC	MPC rejected both LCT0 and LCT1	L1A received   	L1A received, TMB in L1A window	L1A received, no TMB in window	TMB triggered, no L1A in window	TMB readouts completed	Pretrigger counter   	CLCT counter   	TMB trigger counter	ALCTs received counter	L1As received counter 	Readout counter 	Orbit counter	CLCT pre-trigger and ALCT coincidence counter	CFEB0 active flag sent to DMB for readout	CFEB1 active flag sent to DMB for readout	CFEB2 active flag sent to DMB for readout	CFEB3 active flag sent to DMB for readout
64423	2868	2404	188139	51375	47259	36383	56933	0	0	0	0	0	139377	329515	48762	2055	48128	634	45659	46078	2469	2050	729	1148	424	48128	3198	48128	2417	2342	75	45786	2342	315093	49142	48151	71451	2417	2342	104813	17635	58911	62085	45891	60653
20430	33	0	374410	90380	86463	68334	131464	0	0	0	0	0	373332	466911	1078	1	86	992	83	85	3	1	1	3	1	86	4	86	0	0	0	86	0	689815	50220	48237	91901	2417	2342	252851	279	103953	114361	84059	137144
62750	2787	2371	186731	51062	46198	36150	57032	0	0	0	0	0	139228	325060	47503	1997	46841	662	44419	44846	2422	1995	690	1117	394	46841	3112	46841	2385	2309	76	44532	2309	876846	97723	95078	154662	706	555	307225	17193	58538	60705	45496	60758
20268	41	0	375430	90622	86305	68256	132489	0	0	0	0	0	374330	467558	1100	2	97	1003	89	95	8	2	1	7	0	97	9	97	0	0	0	97	0	1252594	98823	95175	174950	706	555	455274	273	104177	114291	84006	138234
62541	2885	2384	186649	51089	46048	36000	57189	0	0	0	0	0	139379	324157	47270	2021	46650	620	44130	44630	2520	2020	667	1167	420	46650	3187	46650	2389	2324	65	44326	2324	1439586	146103	141833	237513	3095	2879	509648	16980	58487	60640	45334	60763
20372	41	0	374498	90174	86105	68216	132186	0	0	0	0	0	373367	466458	1131	2	87	1044	78	85	9	2	0	7	0	87	9	87	0	0	0	87	0	1814400	147236	141920	257899	3095	2879	657697	319	103455	113895	84141	138012
65078	2996	2476	188161	51741	46868	36595	56832	0	0	0	0	0	138779	330617	49382	2084	48798	584	46197	46714	2601	2084	705	1222	415	48798	3306	48798	2488	2407	81	46391	2407	2002877	196620	190718	322992	1487	1190	712071	17697	59270	61588	45954	60576
20119	23	0	373427	89877	85604	68274	131834	0	0	0	0	0	372273	465061	1154	2	94	1060	92	92	2	2	1	1	0	94	3	94	0	0	0	94	0	2376599	197774	190812	343133	1487	1190	860120	293	103136	113281	83757	137572
65108	2859	2434	189064	51810	46739	36923	57369	0	0	0	0	0	139671	331716	49393	2009	48735	657	46270	46731	2465	2004	708	1169	419	48735	3173	48735	2439	2372	67	46363	2372	2565970	247167	239547	408258	3926	3562	914493	18010	59437	61739	46225	61089
20388	38	0	373825	89924	85808	68066	132249	0	0	0	0	0	372693	465759	1132	1	93	1039	90	92	3	1	1	3	0	93	4	93	0	0	0	93	0	2940109	248299	239640	428667	3926	3562	1062543	325	103297	113258	83721	138033
69025	3129	2573	191781	52749	47921	37557	57648	0	0	0	0	0	139019	341669	52762	2188	52093	669	49396	49907	2697	2186	747	1258	424	52093	3444	52093	2585	2495	90	49598	2495	3132218	301061	291733	497703	2415	1961	1116916	18902	60443	62887	47303	61467
20210	46	0	374759	90478	86273	68312	131962	0	0	0	0	0	373666	466524	1093	7	96	997	90	89	6	7	3	2	4	96	9	96	0	0	0	96	0	3507277	302155	291829	517929	2415	1961	1264955	295	103702	114440	83816	137676
65910	2937	2418	190143	52052	47467	36859	57608	0	0	0	0	0	139951	334811	50192	2118	49569	623	47030	47451	2539	2118	724	1145	422	49569	3263	49569	2435	2352	83	47217	2352	3697716	352348	341398	583854	754	217	1319328	18246	59716	62190	46422	61268
20403	36	0	375421	90725	86239	68129	132598	0	0	0	0	0	374203	468001	1218	3	99	1119	97	97	2	2	0	0	0	99	2	99	0	0	0	99	0	4073447	353571	341497	604280	754	217	1467378	309	103984	114038	83966	138279
67395	3107	2483	190025	52297	47350	37117	57309	0	0	0	0	0	138841	336603	51184	2145	50530	654	47869	48388	2661	2142	707	1226	431	50530	3368	50530	2494	2424	70	48106	2424	4263795	404755	392027	671690	3248	2641	1521751	18553	59921	62365	46624	61080
20436	42	0	374337	90614	85630	67953	132335	0	0	0	0	0	373210	466523	1127	5	97	1030	92	93	5	4	1	2	1	97	6	97	0	0	0	97	0	4638441	405883	392124	692144	3248	2641	1669801	289	104070	113447	83590	138070
66907	3030	2481	189916	52072	47391	36777	57617	0	0	0	0	0	139077	335323	50839	2228	50162	677	47532	47936	2630	2226	784	1188	413	50162	3414	50162	2500	2403	97	47759	2403	4828687	456722	442286	759067	1652	948	1724174	18325	59644	62186	46327	61213
20235	35	0	376191	90713	86247	68389	132976	0	0	0	0	0	375029	469143	1162	5	99	1063	95	95	4	4	2	2	1	99	6	99	0	0	0	99	0	5205198	457885	442385	779323	1652	948	1872225	314	104237	114215	84082	138778
64315	2936	2380	188173	51350	46639	36553	57478	0	0	0	0	0	139422	329497	48751	1986	48153	598	45608	46169	2545	1984	621	1182	389	48153	3166	48153	2387	2337	50	45816	2337	5393661	506636	490538	843656	4039	3285	1926597	17728	58941	61271	45828	61115
20260	31	0	375217	90136	86471	68351	132362	0	0	0	0	0	374106	467613	1111	1	108	1003	103	107	5	1	1	5	0	108	6	108	0	0	0	108	0	5769219	507747	490646	863927	4039	3285	2074636	295	103676	114165	84149	138324
66720	3062	2558	190640	52431	47481	36937	57685	0	0	0	0	0	139741	336800	50899	2158	50252	647	47584	48094	2668	2158	727	1237	423	50252	3395	50252	2572	2490	82	47762	2490	5960197	558646	540898	930662	2515	1679	2129020	18342	60035	62356	46489	61452
20300	19	0	374995	90458	86253	68058	132451	0	0	0	0	0	373926	467700	1069	1	78	991	76	77	2	1	1	2	0	78	3	78	0	0	0	78	0	6335538	559718	540977	950980	2515	1679	2277059	284	103891	114185	83772	138109
64221	2825	2349	187556	51188	46977	36302	56868	0	0	0	0	0	139010	328109	48546	2047	47934	612	45449	45891	2485	2043	683	1125	415	47934	3168	47934	2356	2269	87	45665	2269	6523407	608264	588911	1015216	775	3948	2331443	17645	58674	61472	45810	60651
20157	39	0	373580	90037	86125	67624	132021	0	0	0	0	0	372497	465426	1083	3	97	986	90	94	7	3	2	6	0	97	9	97	0	0	0	97	0	6897281	609348	589008	1035399	775	3948	2479482	285	103475	113895	83243	137836
65829	2938	2459	189402	51592	47574	36765	57214	0	0	0	0	0	139238	333838	50164	2083	49501	663	46933	47421	2568	2080	688	1176	401	49501	3256	49501	2467	2404	63	47097	2404	7086984	659514	638509	1101243	3242	2256	2533855	18031	59271	62171	46262	60873
20275	41	0	374416	90364	86231	68485	131564	0	0	0	0	0	373267	466414	1149	3	78	1071	73	76	5	2	0	3	1	78	5	78	0	0	0	78	0	7461714	660663	638587	1121531	3242	2256	2681905	314	103936	113892	84304	137411
64572	2985	2414	188386	51275	47257	36400	57339	0	0	0	0	0	139296	330477	49090	2050	48465	625	45878	46419	2587	2046	677	1218	394	48465	3264	48465	2427	2347	80	46118	2347	7650435	709753	687052	1186127	1573	507	2736276	17931	58783	61766	45782	60930
20401	35	0	374136	90393	85841	68487	131639	0	0	0	0	0	373061	466156	1075	0	78	997	74	78	4	0	0	4	0	78	4	78	0	0	0	78	0	8024877	710829	687130	1206551	1573	507	2884327	288	103551	113885	84336	137469
64234	3017	2382	188100	51085	46794	36624	57440	0	0	0	0	0	139407	329285	48693	2153	48047	646	45419	45895	2628	2152	708	1184	416	48047	3336	48047	2393	2322	71	45725	2322	8213266	759523	735177	1270797	3966	2829	2938699	17748	58573	61307	45866	61199
20381	45	0	374227	90415	86449	67943	131633	0	0	0	0	0	373101	467310	1126	4	84	1042	79	81	5	3	2	4	2	84	7	84	0	0	0	84	0	8587808	760649	735261	1291200	3966	2829	3086739	283	103806	114592	83672	137334
66117	3046	2439	190297	52146	47115	36971	58024	0	0	0	0	0	139861	335339	50436	2098	49757	679	47086	47660	2671	2097	645	1219	444	49757	3316	49757	2450	2386	64	47371	2386	8778394	811086	785018	1357337	2320	1119	3141122	18029	59733	62072	46542	61745
20373	48	0	374147	90192	86210	68129	131946	0	0	0	0	0	373027	466319	1120	5	82	1038	76	77	6	5	1	2	2	82	7	82	0	0	0	82	0	9152852	812207	785100	1377729	2320	1119	3289162	307	103582	113625	83908	137666

processed_m4433_ME21_HV0_test40_SRCoff_170714_002635_TMBCounters.txt																																													
alct0 valid pattern flag received	alct1 valid pattern flag received	raw hits readout   	Pretrigger   	Pretrigger on CFEB0	Pretrigger on CFEB1	Pretrigger on CFEB2	Pretrigger on CFEB3	Pretrigger on CFEB4	Pretrigger on CFEB5	Pretrigger on CFEB6	Pretrigger on ME1A CFEB 4-6 only	Pretrigger on ME1B CFEBs 0-3 only	Discarded, CLCT0 invalid pattern after drift	BX pretrig waiting for triads to dissipate	clct0 sent to TMB matching section	clct1 sent to TMB matching section	TMB accepted alct	TMB match reject event  	Matching found one ALCT	Matching found one CLCT	Matching found two ALCTs	Matching found two CLCTs	ALCT0 copied into ALCT1 to make 2nd LCT	CLCT0 copied into CLCT1 to make 2nd LCT	LCT1 has higher quality than LCT0 	Transmitted LCT0 to MPC	Transmitted LCT1 to MPC	MPC rejected both LCT0 and LCT1	L1A received   	L1A received, TMB in L1A window	L1A received, no TMB in window	TMB triggered, no L1A in window	TMB readouts completed	Pretrigger counter   	CLCT counter   	TMB trigger counter	ALCTs received counter	L1As received counter 	Readout counter 	Orbit counter	CLCT pre-trigger and ALCT coincidence counter	CFEB0 active flag sent to DMB for readout	CFEB1 active flag sent to DMB for readout	CFEB2 active flag sent to DMB for readout	CFEB3 active flag sent to DMB for readout
68484	2973	2505	208927	55739	51377	40256	65664	0	0	0	0	0	158571	357671	50356	2081	49613	743	47033	47533	2580	2080	693	1193	455	49613	3273	49613	2513	2423	90	47190	2423	353725	50818	49639	77618	2513	2423	104813	15023	64154	67582	50864	69963
26276	39	0	425751	100425	98222	77180	152536	0	0	0	0	0	424425	531245	1326	2	87	1239	86	85	1	2	2	1	0	87	3	87	0	0	0	87	0	780347	52146	49726	103951	2513	2423	252863	345	116215	129994	95545	159521
66729	2916	2398	206861	55204	50735	39888	65005	0	0	0	0	0	158193	352104	48668	2074	48004	664	45500	45932	2504	2072	741	1173	410	48004	3245	48004	2404	2325	79	45679	2325	987571	100816	97731	170707	821	652	307236	14215	63584	66828	50194	69209
26102	50	0	425764	100766	98005	76879	152748	0	0	0	0	0	424427	531387	1337	4	88	1249	83	86	5	2	2	5	1	88	7	88	0	0	0	88	0	1413668	102154	97819	196835	821	652	455275	307	116660	129857	95319	159764
66566	2870	2392	206791	55303	51248	39533	64675	0	0	0	0	0	157735	352461	49056	2003	48314	742	45811	46312	2503	2002	688	1189	382	48314	3191	48314	2399	2322	77	45992	2322	1620776	151211	146133	263430	3220	2974	509658	14255	63670	67434	49847	68900
26237	41	0	424994	100468	97974	76932	152250	0	0	0	0	0	423719	530525	1275	1	80	1195	79	79	1	1	1	1	0	80	2	80	0	0	0	80	0	2046103	152487	146213	289698	3220	2974	657709	332	116198	129623	95184	159370
66671	2942	2496	206096	54892	50888	39469	64878	0	0	0	0	0	157005	352119	49091	2015	48346	745	45802	46334	2544	2012	640	1172	412	48346	3184	48346	2509	2404	105	45942	2404	2252570	201579	194559	356387	1633	1282	712092	14334	63270	66880	49826	69020
26230	47	0	427724	100681	98193	77458	154073	0	0	0	0	0	426380	533495	1344	3	91	1253	86	89	5	2	0	3	0	91	5	91	0	0	0	91	0	2680672	202923	194650	382631	1633	1282	860132	323	116455	130370	95875	161128
69393	3148	2503	209231	55834	51789	40132	65625	0	0	0	0	0	158522	359546	50709	2079	49993	716	47278	47915	2715	2078	651	1288	444	49993	3366	49993	2515	2410	105	47583	2410	2890254	253636	244646	452046	52	3692	914504	14876	64284	68178	50728	70039
26172	51	0	426409	100271	98074	77638	152987	0	0	0	0	0	425085	531679	1324	3	92	1232	89	90	3	2	2	3	0	92	5	92	0	0	0	92	0	3317017	254963	244739	478242	52	3692	1062544	352	116302	129990	96047	160216
69081	2984	2434	209759	56142	51686	40253	65739	0	0	0	0	0	158928	360415	50831	2060	50147	684	47548	48088	2599	2059	704	1244	471	50147	3303	50147	2444	2344	100	47803	2344	3527136	305798	294887	547343	2496	1940	1116927	14742	64820	67880	50721	69980
26771	48	0	427634	100277	98280	76726	155030	0	0	0	0	0	426340	533468	1294	3	100	1194	94	97	6	3	2	5	2	100	8	100	0	0	0	100	0	3955132	307094	294988	574136	2496	1940	1264978	359	116048	130155	95228	162021
69709	3123	2462	209227	55980	51818	40645	65029	0	0	0	0	0	157977	360302	51250	2197	50501	749	47775	48305	2726	2196	685	1215	446	50501	3411	50501	2473	2376	97	48125	2376	4164695	358344	345489	643878	873	220	1319338	15322	64492	68139	51176	69341
26266	57	0	425776	100847	98275	76896	152447	0	0	0	0	0	424393	530681	1383	1	94	1289	84	93	10	1	0	9	0	94	10	94	0	0	0	94	0	4590838	359727	345583	670169	873	220	1467377	345	116974	130154	95332	159373
67883	3029	2481	207734	55335	51675	40341	64588	0	0	0	0	0	157753	355869	49981	2087	49256	725	46660	47170	2596	2086	751	1261	403	49256	3347	49256	2488	2387	101	46869	2387	4798959	409711	394839	738078	3361	2607	1521773	14781	63784	68004	50920	68823
26386	33	0	424175	100191	97693	77348	151559	0	0	0	0	0	422896	528824	1279	0	79	1200	74	79	5	0	0	5	0	79	5	79	0	0	0	79	0	5223482	410990	394918	764492	3361	2607	1669801	332	116105	129493	95668	158671
65266	2898	2339	205496	54805	50848	39214	64527	0	0	0	0	0	157955	348191	47541	1983	46849	692	44341	44867	2508	1982	664	1190	419	46849	3172	46849	2345	2260	85	44589	2260	5429340	458534	441767	829775	1610	771	1724173	13867	63245	66806	49308	68713
26014	42	0	423766	100231	97693	76562	151970	0	0	0	0	0	422425	529097	1341	2	83	1258	78	81	5	2	1	4	0	83	6	83	0	0	0	83	0	5853416	459876	441850	855818	1610	771	1872223	347	116241	129683	94799	158882
70901	3204	2582	210210	56849	51838	40355	65359	0	0	0	0	0	157761	363566	52449	2187	51681	768	48904	49499	2777	2182	740	1335	419	51681	3517	51681	2593	2483	110	49198	2483	6064003	512325	493531	926739	107	3254	1926607	15508	65364	68143	50837	69590
26283	53	0	425116	100767	97981	76887	152104	0	0	0	0	0	423725	530568	1391	5	90	1301	83	85	7	5	1	3	2	90	8	90	0	0	0	90	0	6489497	513717	493621	953053	107	3254	2074646	356	116484	129948	95358	159067
67726	3073	2445	206832	55451	51034	40015	64439	0	0	0	0	0	157122	354121	49710	2119	49027	683	46392	46909	2635	2118	715	1232	442	49027	3350	49027	2456	2390	66	46637	2390	6696675	563427	542648	1020803	2563	1548	2129019	14620	63942	67163	50327	68705
26036	45	0	426311	100881	97948	77569	152524	0	0	0	0	0	424992	532298	1319	2	93	1226	87	91	6	2	2	6	0	93	8	93	0	0	0	93	0	7123312	564747	542741	1046864	2563	1548	2277080	342	116859	130013	96024	159645
67980	3060	2415	207470	55279	51398	39796	65019	0	0	0	0	0	157398	355725	50072	2133	49376	696	46749	47244	2627	2132	718	1213	434	49376	3345	49376	2426	2333	93	47043	2333	7331138	614820	592117	1114861	893	3881	2331465	14822	63885	67318	50404	69245
25724	46	0	425114	100482	98017	76972	152369	0	0	0	0	0	423782	529154	1332	4	102	1230	97	99	5	3	1	3	1	102	6	102	0	0	0	102	0	7756587	616154	592219	1140607	893	3881	2479492	304	116305	129948	95317	159268
70682	3128	2582	209900	56383	52093	40583	64960	0	0	0	0	0	157634	362843	52266	2179	51542	724	48825	49363	2717	2179	740	1278	411	51542	3457	51542	2597	2496	101	49046	2496	7966823	668422	643761	1211299	3490	2281	2533865	15401	65000	68707	51166	69230
25901	61	0	425722	100547	98274	77354	152148	0	0	0	0	0	424426	530763	1296	1	83	1213	78	82	5	1	0	4	0	83	5	83	0	0	0	83	0	8392893	669720	643844	1237229	3490	2281	2681915	333	116609	130250	95903	159231
68507	3012	2547	208487	55758	51949	40039	64906	0	0	0	0	0	157834	357761	50653	2133	49931	722	47325	47804	2606	2127	727	1206	436	49931	3333	49931	2557	2443	114	47488	2443	8601747	720375	693775	1305759	1951	628	2736288	14816	64246	68197	50559	69107
25537	47	0	425373	100599	97302	77605	152443	0	0	0	0	0	424116	530338	1257	1	77	1180	72	76	5	1	1	5	0	77	6	77	0	0	0	77	0	9027473	721634	693852	1331317	1951	628	2884326	306	116361	129224	96000	159491
66312	3053	2407	206942	54803	51678	39697	64747	0	0	0	0	0	158143	352789	48799	2071	48064	735	45434	45994	2630	2070	683	1243	432	48064	3313	48064	2413	2323	90	45741	2323	9234771	770434	741916	1397654	268	2951	2938711	14407	63239	67739	50201	68839
25790	53	0	425884	100948	98563	77005	152026	0	0	0	0	0	424554	531463	1330	3	90	1240	85	87	5	3	1	3	1	90	6	90	0	0	0	90	0	9661003	771764	742006	1423461	268	2951	3086751	330	117155	130654	95259	159208
67417	3060	2456	207457	55412	51510	39885	64693	0	0	0	0	0	157815	355006	49642	2050	48919	723	46306	46871	2613	2048	682	1247	429	48919	3295	48919	2462	2374	88	46545	2374	9868827	821408	790925	1490898	2730	1229	3141123	14627	64068	67824	50276	68856
25613	53	0	425086	100571	97852	76683	152581	0	0	0	0	0	423830	530285	1256	3	81	1175	75	78	6	3	1	4	2	81	7	81	0	0	0	81	0	10294298	822665	791007	1516533	2730	1229	3289172	327	116490	129849	94879	159451

processed_m4434_ME21_HV0_test40_SRCoff_170714_003357_TMBCounters.txt																																													
alct0 valid pattern flag received	alct1 valid pattern flag received	raw hits readout   	Pretrigger   	Pretrigger on CFEB0	Pretrigger on CFEB1	Pretrigger on CFEB2	Pretrigger on CFEB3	Pretrigger on CFEB4	Pretrigger on CFEB5	Pretrigger on CFEB6	Pretrigger on ME1A CFEB 4-6 only	Pretrigger on ME1B CFEBs 0-3 only	Discarded, CLCT0 invalid pattern after drift	BX pretrig waiting for triads to dissipate	clct0 sent to TMB matching section	clct1 sent to TMB matching section	TMB accepted alct	TMB match reject event  	Matching found one ALCT	Matching found one CLCT	Matching found two ALCTs	Matching found two CLCTs	ALCT0 copied into ALCT1 to make 2nd LCT	CLCT0 copied into CLCT1 to make 2nd LCT	LCT1 has higher quality than LCT0 	Transmitted LCT0 to MPC	Transmitted LCT1 to MPC	MPC rejected both LCT0 and LCT1	L1A received   	L1A received, TMB in L1A window	L1A received, no TMB in window	TMB triggered, no L1A in window	TMB readouts completed	Pretrigger counter   	CLCT counter   	TMB trigger counter	ALCTs received counter	L1As received counter 	Readout counter 	Orbit counter	CLCT pre-trigger and ALCT coincidence counter	CFEB0 active flag sent to DMB for readout	CFEB1 active flag sent to DMB for readout	CFEB2 active flag sent to DMB for readout	CFEB3 active flag sent to DMB for readout
73299	3126	2503	249940	64444	61753	48452	79880	0	0	0	0	0	198957	410310	50983	2124	50096	887	47406	47972	2690	2124	734	1300	421	50096	3424	50096	2513	2416	97	47680	2416	432447	51646	50126	86046	2513	2416	104813	9787	74819	81409	61330	85432
37652	64	0	534848	122159	124322	98378	193543	0	0	0	0	0	532917	669125	1931	2	78	1853	74	76	4	2	1	3	1	78	5	78	0	0	0	78	0	967726	53578	50204	123732	2513	2416	252864	390	142895	164488	122811	204109
70400	2909	2351	247082	63184	61190	47505	79592	0	0	0	0	0	198450	401435	48632	2035	47678	954	45206	45648	2472	2030	684	1126	388	47678	3156	47678	2360	2264	96	45414	2264	1215269	102210	97882	194170	777	584	307236	9183	73495	80321	60208	85025
36791	67	0	537079	122346	124569	99225	194608	0	0	0	0	0	535095	672255	1984	1	94	1890	87	93	7	1	0	6	0	94	7	94	0	0	0	94	0	1752777	104194	97976	230985	777	584	455287	411	143238	165086	123656	205308
72917	3089	2486	249262	64310	61621	48155	79809	0	0	0	0	0	197973	410144	51289	2164	50385	904	47727	48224	2658	2161	710	1207	446	50385	3368	50385	2495	2392	103	47993	2392	2002466	155485	148361	303938	3272	2976	509658	9853	74572	81347	61029	85313
35074	70	0	534958	122989	124172	98741	192641	0	0	0	0	0	533096	669254	1862	3	96	1766	89	93	7	3	2	6	0	96	9	96	0	0	0	96	0	2537842	157350	148457	339037	3272	2976	657697	395	143990	164617	123556	203205
74291	3242	2639	250704	64794	61989	48726	79841	0	0	0	0	0	198273	413881	52431	2215	51525	906	48732	49311	2793	2214	739	1318	441	51525	3532	51525	2646	2549	97	48976	2549	2789000	209782	199982	413361	1822	1429	712081	10057	75303	81626	61537	85416
36220	72	0	535311	123224	125219	99117	191407	0	0	0	0	0	533401	669611	1910	5	109	1801	107	106	2	3	2	1	1	109	4	109	0	0	0	109	0	3324759	211694	200091	449618	1822	1429	860120	433	144077	166170	123764	201913
71391	3031	2407	248074	63810	61147	48143	79471	0	0	0	0	0	198213	405330	49861	2058	48958	903	46359	46905	2599	2053	697	1243	417	48958	3296	48958	2414	2326	88	46632	2326	3573263	261559	249050	521039	140	3755	914504	9566	74123	80603	60870	84968
35964	80	0	533630	122156	124663	98561	191856	0	0	0	0	0	531806	666946	1824	2	90	1734	83	88	7	2	1	6	2	90	8	90	0	0	0	90	0	4107283	263385	249140	557019	140	3755	1062544	417	142954	164887	123409	202332
70949	3068	2411	247346	63593	61181	47728	79344	0	0	0	0	0	197858	403794	49488	2078	48545	943	45910	46470	2635	2075	668	1228	408	48545	3303	48545	2422	2321	101	46224	2321	4355070	312875	297685	628001	2562	1980	1116916	9488	73923	80863	60453	84667
35986	56	0	535051	122207	124191	98587	193646	0	0	0	0	0	533168	668502	1883	2	93	1790	89	91	4	2	0	2	1	93	4	93	0	0	0	93	0	4890593	314759	297778	664011	2562	1980	1264966	429	143001	164623	123179	204283
72201	3073	2479	248507	63368	61535	48342	79893	0	0	0	0	0	197644	407496	50863	2063	49939	924	47272	47877	2667	2062	651	1256	408	49939	3318	49939	2490	2397	93	47542	2397	5139537	365624	347718	736238	956	281	1319339	9794	73770	81098	60981	85523
35148	60	0	533860	122632	124866	98367	191580	0	0	0	0	0	531931	667276	1929	1	83	1846	82	82	1	1	0	0	0	83	1	83	0	0	0	83	0	5673839	367553	347801	771417	956	281	1467378	441	143730	164987	122925	202013
72643	3062	2559	247484	63740	61072	48094	79071	0	0	0	0	0	196770	406617	50714	2062	49767	947	47134	47710	2633	2057	695	1271	398	49767	3328	49767	2573	2467	106	47300	2467	5921744	418267	397568	844089	3529	2748	1521762	9828	74021	80617	60850	84560
35196	54	0	534050	122598	124326	98800	191892	0	0	0	0	0	532120	668334	1930	1	98	1832	91	97	7	1	0	6	0	98	7	98	0	0	0	98	0	6456242	420198	397666	879307	3529	2748	1669801	411	143753	164897	123311	202647
70725	3033	2513	247286	63737	60948	48012	79103	0	0	0	0	0	197619	404274	49667	2080	48753	914	46135	46675	2618	2078	736	1276	421	48753	3354	48753	2520	2413	107	46340	2413	6703981	469866	446419	950057	1953	1065	1724177	9429	73984	80378	60641	84597
34231	63	0	533654	122432	124880	98789	191159	0	0	0	0	0	531747	666765	1907	2	89	1818	84	87	5	2	1	4	0	89	6	89	0	0	0	89	0	7238062	471774	446508	984323	1953	1065	1872224	403	143654	165450	123276	201739
72467	3089	2502	248601	64604	61528	47985	79120	0	0	0	0	0	197611	408734	50990	2188	50048	942	47368	47863	2680	2185	728	1223	448	50048	3408	50048	2509	2413	96	47635	2413	7487102	522766	496556	1056816	366	3478	1926608	9896	74919	81035	60918	84623
34771	67	0	535070	122854	124345	98787	192732	0	0	0	0	0	533274	669092	1796	3	87	1709	81	85	6	2	1	5	0	87	7	87	0	0	0	87	0	8022614	524563	496643	1091620	366	3478	2074647	422	143890	164835	123368	203205
71551	3035	2436	247586	63598	61474	48344	78645	0	0	0	0	0	197309	406481	50277	2096	49318	959	46707	47226	2611	2092	695	1214	445	49318	3306	49318	2451	2353	98	46965	2353	8270642	574845	545961	1163195	2817	1735	2129020	9637	74016	80960	61195	84112
35200	62	0	534727	123290	124962	99059	190945	0	0	0	0	0	532840	668246	1887	5	98	1789	89	93	9	5	2	6	1	98	11	98	0	0	0	98	0	8805835	576732	546059	1198420	2817	1735	2277070	419	144330	165901	123953	201503
72783	3236	2602	248859	63846	61508	48327	79690	0	0	0	0	0	197727	409381	51132	2127	50162	970	47382	48037	2780	2125	647	1302	411	50162	3427	50162	2612	2509	103	47653	2509	9055129	627867	596221	1271231	1333	148	2331441	9856	74381	81117	61152	85200
35060	71	0	533384	122332	124064	98532	192091	0	0	0	0	0	531531	667118	1853	5	97	1756	93	93	4	4	2	2	3	97	6	97	0	0	0	97	0	9588939	629720	596318	1306322	1333	148	2479492	424	143268	164715	123272	202691
73033	3217	2592	248946	64601	61441	48175	79416	0	0	0	0	0	197226	410429	51720	2183	50794	926	48001	48613	2793	2181	673	1285	421	50794	3466	50794	2599	2488	111	48306	2488	9838316	681441	647112	1379376	3932	2636	2533866	9913	74880	81037	61128	84804
35515	82	0	533641	123021	124177	98445	191653	0	0	0	0	0	531756	666838	1885	3	98	1787	92	95	6	3	0	3	1	98	6	98	0	0	0	98	0	10372386	683326	647210	1414921	3932	2636	2681904	440	143936	164593	122974	202185
70357	2994	2431	247479	63950	60880	48034	79052	0	0	0	0	0	198471	403415	49008	2062	48099	909	45545	46041	2554	2058	668	1164	388	48099	3222	48099	2441	2338	103	45761	2338	10620282	732334	695309	1485312	2277	878	2736287	9365	74183	80471	60696	84350
36025	64	0	536484	122471	124643	98835	194134	0	0	0	0	0	534712	670789	1772	2	73	1699	70	72	3	1	0	2	0	73	3	73	0	0	0	73	0	11157241	734107	695382	1521366	2277	878	2884326	431	143452	165294	123335	204690
73115	3114	2520	250345	64140	61631	48376	80685	0	0	0	0	0	198975	411289	51370	2110	50375	995	47691	48270	2684	2105	726	1305	408	50375	3410	50375	2529	2451	78	47924	2451	11407980	785478	745757	1594502	710	3329	2938710	9784	74651	81298	61269	86215
35644	72	0	535925	122856	124564	98505	193611	0	0	0	0	0	534043	670501	1882	3	100	1782	96	98	4	2	1	3	1	100	5	100	0	0	0	100	0	11944381	787361	745857	1630173	710	3329	3086750	446	143762	165251	123002	204067
73536	3211	2554	250309	64576	61758	48697	79948	0	0	0	0	0	198493	411917	51816	2213	50869	947	48074	48659	2795	2210	711	1296	433	50869	3506	50869	2563	2447	116	48422	2447	12195122	839178	796726	1703742	3273	1680	3141123	9907	75092	81519	61889	85528

