processed_m4563_ME11_HV0_test40_SRCoff_170716_093305_TMBCounters.txt																																													
alct0 valid pattern flag received	alct1 valid pattern flag received	raw hits readout   	Pretrigger   	Pretrigger on CFEB0	Pretrigger on CFEB1	Pretrigger on CFEB2	Pretrigger on CFEB3	Pretrigger on CFEB4	Pretrigger on CFEB5	Pretrigger on CFEB6	Pretrigger on ME1A CFEB 4-6 only	Pretrigger on ME1B CFEBs 0-3 only	Discarded, CLCT0 invalid pattern after drift	BX pretrig waiting for triads to dissipate	clct0 sent to TMB matching section	clct1 sent to TMB matching section	TMB accepted alct	TMB match reject event  	Matching found one ALCT	Matching found one CLCT	Matching found two ALCTs	Matching found two CLCTs	ALCT0 copied into ALCT1 to make 2nd LCT	CLCT0 copied into CLCT1 to make 2nd LCT	LCT1 has higher quality than LCT0 	Transmitted LCT0 to MPC	Transmitted LCT1 to MPC	MPC rejected both LCT0 and LCT1	L1A received   	L1A received, TMB in L1A window	L1A received, no TMB in window	TMB triggered, no L1A in window	TMB readouts completed	Pretrigger counter   	CLCT counter   	TMB trigger counter	ALCTs received counter	L1As received counter 	Readout counter 	Orbit counter	CLCT pre-trigger and ALCT coincidence counter	CFEB0 active flag sent to DMB for readout	CFEB1 active flag sent to DMB for readout	CFEB2 active flag sent to DMB for readout	CFEB3 active flag sent to DMB for readout
27557	819	2969	25165	10343	8000	7377	0	275	262	246	753	24402	3340	74307	21825	531	21778	47	21079	21247	699	531	156	324	88	21778	855	21778	2980	2965	15	18813	2965	27665	21832	21782	27839	2980	2965	104802	0	0	0	0	0
760	4	0	7275	1989	2174	2717	0	187	122	139	444	6831	7253	9043	22	0	16	6	16	16	0	0	0	0	0	16	0	16	0	0	0	16	0	34963	21854	21798	28604	2980	2965	252851	0	0	0	0	0
29380	754	3153	26486	10864	8449	7739	0	301	265	282	811	25665	3361	78548	23125	564	23079	46	22423	22515	656	564	202	294	104	23079	858	23079	3162	3150	12	19929	3150	61461	44979	44877	57987	2046	2019	307224	0	0	0	0	0
751	7	0	7223	1928	2235	2685	0	217	118	119	449	6774	7197	9058	26	0	15	11	14	15	1	0	0	1	0	15	1	15	0	0	0	15	0	68690	45005	44892	58738	2046	2019	455275	0	0	0	0	0
28761	801	3056	26140	10709	8211	7719	0	314	267	290	818	25309	3341	77343	22799	565	22747	52	22067	22182	680	565	212	327	90	22747	892	22747	3066	3047	19	19700	3047	94838	67804	67639	87500	1016	970	509647	0	0	0	0	0
730	4	0	7289	2023	2163	2732	0	196	116	115	426	6863	7260	9045	29	1	14	15	14	14	0	0	0	0	0	14	0	14	0	0	0	14	0	102138	67833	67653	88232	1016	970	657698	0	0	0	0	0
27482	733	3026	25030	10239	8030	7358	0	267	279	256	747	24269	3313	74045	21717	525	21663	54	21012	21138	651	525	182	308	88	21663	833	21663	3037	3024	13	18639	3024	127178	89550	89316	115715	4053	3994	712070	0	0	0	0	0
750	3	0	7378	2074	2232	2706	0	183	124	123	429	6949	7351	9181	27	1	20	7	18	19	2	1	0	1	0	20	2	20	0	0	0	20	0	134572	89577	89336	116466	4053	3994	860110	0	0	0	0	0
29244	781	3175	26449	10727	8457	7813	0	292	260	296	803	25628	3399	78405	23050	564	23010	40	22327	22446	683	564	189	308	103	23010	872	23010	3183	3170	13	19840	3170	161033	112627	112346	145713	3140	3068	914493	0	0	0	0	0
796	7	0	7238	1911	2134	2811	0	187	144	114	444	6794	7210	9035	28	0	20	8	19	20	1	0	0	1	0	20	1	20	0	0	0	20	0	168283	112655	112366	146511	3140	3068	1062531	0	0	0	0	0
30928	834	3348	27898	11435	8819	8249	0	315	281	274	826	27061	3406	82926	24492	598	24432	60	23701	23834	731	598	207	340	98	24432	938	24432	3354	3337	17	21095	3337	196193	137147	136798	177439	2398	2309	1116904	0	0	0	0	0
763	5	0	7268	2009	2157	2710	0	210	141	101	448	6820	7246	9107	22	0	15	7	14	15	1	0	0	1	0	15	1	15	0	0	0	15	0	203474	137169	136813	178203	2398	2309	1264954	0	0	0	0	0
29259	856	3189	26542	10897	8445	7739	0	276	304	291	826	25706	3385	78692	23157	601	23104	53	22367	22503	737	601	209	345	98	23104	946	23104	3197	3185	12	19919	3185	230026	160326	159917	207462	1499	1398	1319327	0	0	0	0	0
753	8	0	7224	2044	2112	2669	0	197	118	139	454	6770	7199	9095	25	0	13	12	12	13	1	0	0	1	0	13	1	13	0	0	0	13	0	237266	160351	159930	208216	1499	1398	1467377	0	0	0	0	0
28370	810	3170	25825	10433	8177	7740	0	292	275	284	809	25006	3336	76409	22489	551	22438	51	21733	21887	705	551	188	342	87	22438	893	22438	3180	3158	22	19280	3158	263103	182840	182368	236587	583	460	1521750	0	0	0	0	0
782	4	0	7143	1941	2140	2700	0	179	124	112	415	6728	7119	8967	24	0	14	10	14	14	0	0	0	0	0	14	0	14	0	0	0	14	0	270255	182864	182382	237370	583	460	1669800	0	0	0	0	0
28984	797	3183	26253	10616	8463	7701	0	301	280	266	798	25440	3395	77712	22858	583	22811	47	22102	22229	709	582	181	308	87	22811	890	22811	3184	3176	8	19635	3176	296529	205722	205193	266355	3767	3636	1724173	0	0	0	0	0
778	1	0	7436	2043	2248	2813	0	167	113	127	405	7031	7414	9310	22	0	13	9	13	13	0	0	0	0	0	13	0	13	0	0	0	13	0	303977	205744	205206	267133	3767	3636	1872223	0	0	0	0	0
30004	796	3209	27130	11030	8561	8018	0	305	290	334	876	26242	3472	80416	23658	584	23595	63	22903	23012	692	583	226	335	83	23595	918	23595	3218	3201	17	20394	3201	331119	229402	228801	297139	2889	2741	1926596	0	0	0	0	0
782	9	0	7134	1971	2092	2682	0	208	130	116	451	6683	7112	8945	22	0	17	5	15	17	2	0	0	2	0	17	2	17	0	0	0	17	0	338261	229424	228818	297922	2889	2741	2074635	0	0	0	0	0
28298	805	3121	25758	10440	8209	7653	0	293	264	289	797	24944	3413	76039	22345	538	22283	62	21592	21745	691	538	186	339	82	22283	877	22283	3127	3112	15	19171	3112	364029	251769	251101	326220	1920	1757	2129019	0	0	0	0	0
789	3	0	7151	2058	2131	2632	0	157	104	125	386	6765	7135	8885	16	0	10	6	10	10	0	0	0	0	0	10	0	10	0	0	0	10	0	371190	251785	251111	327011	1920	1757	2277058	0	0	0	0	0
29607	822	3295	26883	11016	8595	7793	0	290	290	314	847	26019	3425	79733	23458	571	23401	57	22715	22831	686	570	206	322	92	23401	892	23401	3301	3286	15	20115	3286	398088	275243	274512	356619	1125	947	2331431	0	0	0	0	0
787	3	0	7205	1970	2190	2665	0	187	130	125	439	6766	7180	9005	25	1	16	9	15	15	1	1	0	0	0	16	1	16	0	0	0	16	0	405310	275268	274528	357407	1125	947	2479481	0	0	0	0	0

processed_m4564_ME11_HV0_test40_SRCoff_170716_093939_TMBCounters.txt																																													
alct0 valid pattern flag received	alct1 valid pattern flag received	raw hits readout   	Pretrigger   	Pretrigger on CFEB0	Pretrigger on CFEB1	Pretrigger on CFEB2	Pretrigger on CFEB3	Pretrigger on CFEB4	Pretrigger on CFEB5	Pretrigger on CFEB6	Pretrigger on ME1A CFEB 4-6 only	Pretrigger on ME1B CFEBs 0-3 only	Discarded, CLCT0 invalid pattern after drift	BX pretrig waiting for triads to dissipate	clct0 sent to TMB matching section	clct1 sent to TMB matching section	TMB accepted alct	TMB match reject event  	Matching found one ALCT	Matching found one CLCT	Matching found two ALCTs	Matching found two CLCTs	ALCT0 copied into ALCT1 to make 2nd LCT	CLCT0 copied into CLCT1 to make 2nd LCT	LCT1 has higher quality than LCT0 	Transmitted LCT0 to MPC	Transmitted LCT1 to MPC	MPC rejected both LCT0 and LCT1	L1A received   	L1A received, TMB in L1A window	L1A received, no TMB in window	TMB triggered, no L1A in window	TMB readouts completed	Pretrigger counter   	CLCT counter   	TMB trigger counter	ALCTs received counter	L1As received counter 	Readout counter 	Orbit counter	CLCT pre-trigger and ALCT coincidence counter	CFEB0 active flag sent to DMB for readout	CFEB1 active flag sent to DMB for readout	CFEB2 active flag sent to DMB for readout	CFEB3 active flag sent to DMB for readout
21715	444	2649	7341	2768	2786	1888	0	42	36	29	105	7236	5832	13521	1509	39	1485	24	1350	1447	135	38	5	102	7	1485	140	1485	3183	348	2835	1137	348	8287	1509	1485	21860	3183	348	104811	0	0	0	0	0
391	0	0	2714	709	875	1020	0	62	34	34	130	2584	2712	3362	2	0	0	2	0	0	0	0	0	0	0	0	0	0	0	0	0	0	0	11137	1511	1485	22278	3183	348	252862	0	0	0	0	0
21684	425	2750	7513	2755	2868	1988	0	42	40	36	117	7396	6053	13837	1460	52	1447	13	1331	1395	116	52	17	81	8	1447	133	1447	3270	335	2935	1112	335	18652	2971	2932	43963	2357	683	307234	0	0	0	0	0
442	3	0	2764	733	951	974	0	53	37	43	133	2631	2762	3393	2	0	0	2	0	0	0	0	0	0	0	0	0	0	0	0	0	0	0	21421	2973	2932	44406	2357	683	455284	0	0	0	0	0
21759	436	2653	7323	2748	2739	1928	0	37	50	34	117	7205	5895	13436	1428	39	1408	20	1285	1369	123	39	7	91	8	1408	130	1408	3182	281	2901	1127	281	28751	4401	4340	66165	1443	964	509657	0	0	0	0	0
448	0	0	2755	705	940	1023	0	44	30	36	110	2645	2753	3408	2	0	0	2	0	0	0	0	0	0	0	0	0	0	0	0	0	0	0	31509	4403	4340	66614	1443	964	657708	0	0	0	0	0
21896	402	2721	7601	2825	2926	1966	0	28	45	32	105	7496	6126	13863	1475	39	1461	14	1341	1422	120	39	9	90	4	1461	129	1461	3304	330	2974	1131	330	39115	5878	5801	88510	651	1294	712080	0	0	0	0	0
457	3	0	2804	741	906	1054	0	51	36	44	130	2674	2803	3479	1	0	0	1	0	0	0	0	0	0	0	0	0	0	0	0	0	0	0	41927	5879	5801	88967	651	1294	860118	0	0	0	0	0
22559	466	2801	7564	2817	2854	1969	0	43	49	42	130	7434	6022	13959	1542	41	1526	16	1389	1485	137	41	10	106	8	1526	147	1526	3348	319	3029	1207	319	49497	7421	7327	111526	3999	1613	914503	0	0	0	0	0
414	2	0	2812	750	909	1073	0	53	29	24	105	2707	2805	3468	7	0	4	3	4	4	0	0	0	0	0	4	0	4	0	0	0	4	0	52314	7428	7331	111940	3999	1613	1062541	0	0	0	0	0
22792	467	2874	7724	2895	2916	2021	0	30	39	44	112	7611	6225	14146	1499	47	1477	22	1355	1430	122	47	16	91	6	1477	138	1477	3436	334	3102	1143	334	60041	8927	8808	134733	3339	1947	1116915	0	0	0	0	0
443	1	0	2866	741	956	1068	0	54	49	31	130	2736	2864	3504	2	0	0	2	0	0	0	0	0	0	0	0	0	0	0	0	0	0	0	62915	8929	8808	135177	3339	1947	1264964	0	0	0	0	0
22186	429	2769	7438	2724	2838	1967	0	39	44	36	118	7320	5978	13680	1460	35	1440	20	1308	1405	132	35	8	105	9	1440	140	1440	3310	333	2977	1107	333	70357	10389	10248	157363	2553	2280	1319337	0	0	0	0	0
438	1	0	2839	767	961	1026	0	43	36	32	110	2729	2833	3486	6	0	2	4	2	2	0	0	0	0	0	2	0	2	0	0	0	2	0	73198	10395	10250	157803	2553	2280	1467389	0	0	0	0	0
21322	360	2595	7274	2616	2833	1904	0	35	36	43	114	7160	5888	13249	1386	31	1367	19	1269	1336	98	31	8	75	8	1367	106	1367	3090	307	2783	1060	307	80478	11781	11617	179126	1547	2587	1521760	0	0	0	0	0
441	1	0	2856	751	967	1051	0	41	33	35	107	2749	2856	3501	0	0	0	0	0	0	0	0	0	0	0	0	0	0	0	0	0	0	0	83336	11781	11617	179568	1547	2587	1669799	0	0	0	0	0
23599	475	2928	7788	2859	2968	2048	0	32	42	48	119	7669	6235	14404	1553	43	1538	15	1418	1495	120	43	16	93	9	1538	136	1538	3519	341	3178	1197	341	91133	13334	13155	203167	970	2928	1724183	0	0	0	0	0
423	3	0	2880	751	992	1041	0	51	41	32	123	2757	2878	3561	2	0	0	2	0	0	0	0	0	0	0	0	0	0	0	0	0	0	0	94015	13336	13155	203593	970	2928	1872222	0	0	0	0	0
22762	426	2773	7726	2847	2954	2038	0	37	47	46	125	7601	6212	14217	1514	44	1491	23	1361	1447	130	44	16	102	5	1491	146	1491	3313	323	2990	1168	323	101743	14850	14646	226356	187	3251	1926606	0	0	0	0	0
416	0	0	2824	738	911	1070	0	51	25	43	118	2706	2819	3497	5	0	1	4	1	1	0	0	0	0	0	1	0	1	0	0	0	1	0	104576	14855	14647	226773	187	3251	2074645	0	0	0	0	0
22278	412	2739	7611	2835	2851	2017	0	39	49	40	121	7487	6112	13813	1499	31	1471	28	1347	1440	124	31	7	100	6	1471	131	1471	3249	332	2917	1139	332	112191	16354	16118	249052	3436	3583	2129029	0	0	0	0	0
443	4	0	2801	789	982	958	0	41	43	29	110	2691	2800	3459	1	0	0	1	0	0	0	0	0	0	0	0	0	0	0	0	0	0	0	114997	16355	16118	249496	3436	3583	2277068	0	0	0	0	0
23405	467	2886	7664	2806	2996	1969	0	26	50	38	113	7551	6109	14202	1555	49	1532	23	1403	1483	129	49	19	99	18	1532	148	1532	3433	380	3053	1152	380	122668	17910	17650	272902	2773	3963	2331441	0	0	0	0	0
421	2	0	2756	722	884	1058	0	45	37	35	116	2640	2755	3403	1	0	1	0	1	1	0	0	0	0	0	1	0	1	0	0	0	1	0	125428	17911	17651	273323	2773	3963	2479491	0	0	0	0	0
23207	475	2862	7697	2854	2920	2024	0	45	34	46	122	7575	6114	14304	1583	39	1561	22	1422	1522	139	39	6	106	7	1561	145	1561	3422	355	3067	1206	355	133129	19494	19212	296530	2099	222	2533864	0	0	0	0	0
433	0	0	2850	757	975	1023	0	38	42	38	116	2734	2847	3498	3	0	0	3	0	0	0	0	0	0	0	0	0	0	0	0	0	0	0	135983	19497	19212	296963	2099	222	2681914	0	0	0	0	0
22215	395	2665	7438	2726	2798	1985	0	51	47	41	137	7301	5932	13669	1506	34	1482	24	1364	1448	118	34	10	94	2	1482	128	1482	3192	316	2876	1166	316	143425	21003	20694	319178	1195	538	2736287	0	0	0	0	0
463	3	0	2805	767	957	997	0	54	30	35	119	2686	2803	3480	2	0	0	2	0	0	0	0	0	0	0	0	0	0	0	0	0	0	0	146232	21005	20694	319642	1195	538	2884325	0	0	0	0	0

processed_m4565_ME11_HV0_test40_SRCoff_170716_094640_TMBCounters.txt																																													
alct0 valid pattern flag received	alct1 valid pattern flag received	raw hits readout   	Pretrigger   	Pretrigger on CFEB0	Pretrigger on CFEB1	Pretrigger on CFEB2	Pretrigger on CFEB3	Pretrigger on CFEB4	Pretrigger on CFEB5	Pretrigger on CFEB6	Pretrigger on ME1A CFEB 4-6 only	Pretrigger on ME1B CFEBs 0-3 only	Discarded, CLCT0 invalid pattern after drift	BX pretrig waiting for triads to dissipate	clct0 sent to TMB matching section	clct1 sent to TMB matching section	TMB accepted alct	TMB match reject event  	Matching found one ALCT	Matching found one CLCT	Matching found two ALCTs	Matching found two CLCTs	ALCT0 copied into ALCT1 to make 2nd LCT	CLCT0 copied into CLCT1 to make 2nd LCT	LCT1 has higher quality than LCT0 	Transmitted LCT0 to MPC	Transmitted LCT1 to MPC	MPC rejected both LCT0 and LCT1	L1A received   	L1A received, TMB in L1A window	L1A received, no TMB in window	TMB triggered, no L1A in window	TMB readouts completed	Pretrigger counter   	CLCT counter   	TMB trigger counter	ALCTs received counter	L1As received counter 	Readout counter 	Orbit counter	CLCT pre-trigger and ALCT coincidence counter	CFEB0 active flag sent to DMB for readout	CFEB1 active flag sent to DMB for readout	CFEB2 active flag sent to DMB for readout	CFEB3 active flag sent to DMB for readout
29803	782	3277	24866	9928	8139	7100	0	210	228	207	623	24240	8150	64679	16716	299	16679	37	16106	16380	573	299	97	371	58	16679	670	16679	3281	2663	618	14016	2663	26794	16720	16680	30021	3281	2663	104800	0	0	0	0	0
584	1	0	5407	1488	1732	1981	0	105	84	73	259	5148	5397	6730	10	0	1	9	1	1	0	0	0	0	0	1	0	1	0	0	0	1	0	32212	16730	16681	30606	3281	2663	252839	0	0	0	0	0
29250	799	3248	24436	9696	7961	6961	0	200	243	229	656	23777	7938	63610	16498	309	16475	23	15898	16166	577	309	106	374	65	16475	683	16475	3252	2696	556	13779	2696	56656	33228	33156	59858	2437	1263	307223	0	0	0	0	0
627	4	0	5545	1537	1743	1999	0	124	96	85	302	5243	5528	6873	17	0	6	11	5	6	1	0	0	1	0	6	1	6	0	0	0	6	0	62210	33245	33162	60487	2437	1263	455262	0	0	0	0	0
31542	822	3467	25951	10313	8616	7308	0	216	230	226	649	25296	8355	67767	17596	322	17564	32	16980	17242	584	322	112	374	67	17564	696	17564	3480	2822	658	14742	2822	88169	50841	50726	92030	1821	4085	509646	0	0	0	0	0
544	3	0	5501	1468	1708	2078	0	128	96	70	291	5210	5490	6754	11	0	6	5	5	6	1	0	0	1	0	6	1	6	0	0	0	6	0	93681	50853	50733	92575	1821	4085	657685	0	0	0	0	0
29950	758	3335	24812	9825	8110	7079	0	201	243	237	659	24147	7953	64800	16859	308	16832	27	16263	16524	569	308	83	344	61	16832	652	16832	3342	2729	613	14103	2729	118501	67712	67565	122526	1067	2718	712059	0	0	0	0	0
544	4	0	5551	1497	1807	1992	0	115	98	82	293	5258	5544	6851	7	0	4	3	3	4	1	0	0	1	0	4	1	4	0	0	0	4	0	124061	67719	67569	123073	1067	2718	860098	0	0	0	0	0
29499	742	3238	24550	9744	8133	6924	0	198	241	227	644	23901	8015	63905	16535	306	16499	36	15963	16193	536	306	104	334	74	16499	640	16499	3242	2620	622	13879	2620	148623	84254	84068	152572	213	1242	914481	0	0	0	0	0
546	2	0	5501	1512	1721	2034	0	117	93	74	282	5219	5489	6811	12	0	5	7	5	5	0	0	0	0	0	5	0	5	0	0	0	5	0	154135	84266	84073	153119	213	1242	1062531	0	0	0	0	0
31183	779	3399	25757	10277	8440	7259	0	224	244	230	682	25071	8192	67389	17565	282	17522	43	16956	17240	566	282	96	380	50	17522	662	17522	3402	2755	647	14767	2755	179900	101831	101595	184303	3615	3997	1116914	0	0	0	0	0
613	3	0	5450	1500	1665	2019	0	127	103	90	319	5131	5441	6765	9	0	4	5	4	4	0	0	0	0	0	4	0	4	0	0	0	4	0	185358	101840	101599	184917	3615	3997	1264942	0	0	0	0	0
29160	741	3170	24150	9464	7917	7003	0	184	241	198	602	23540	7709	63183	16441	323	16396	45	15857	16073	539	323	117	333	52	16396	656	16396	3178	2574	604	13822	2574	209520	118281	117995	214077	2697	2475	1319327	0	0	0	0	0
607	2	0	5408	1477	1692	2030	0	109	73	76	254	5154	5397	6689	11	0	6	5	4	6	2	0	0	2	0	6	2	6	0	0	0	6	0	214936	118292	118001	214684	2697	2475	1467377	0	0	0	0	0
29558	775	3224	24600	9688	8049	7012	0	229	246	213	658	23935	7936	63942	16664	289	16636	28	16074	16347	562	289	83	356	56	16636	645	16636	3233	2630	603	14006	2630	239549	134956	134637	244243	1834	1009	1521750	0	0	0	0	0
596	1	0	5556	1541	1723	2071	0	110	94	75	276	5280	5548	6936	8	0	3	5	3	3	0	0	0	0	0	3	0	3	0	0	0	3	0	245113	134964	134640	244842	1834	1009	1669800	0	0	0	0	0
29759	784	3311	24909	9873	8283	7062	0	189	224	229	623	24282	8103	64846	16806	296	16773	33	16225	16477	548	296	94	346	60	16773	642	16773	3316	2689	627	14084	2689	270028	151770	151413	274602	1054	3698	1724173	0	0	0	0	0
565	5	0	5535	1423	1776	2105	0	113	83	84	280	5255	5526	6899	9	0	5	4	3	5	2	0	0	2	0	5	2	5	0	0	0	5	0	275571	151779	151418	275170	1054	3698	1872211	0	0	0	0	0
29932	809	3337	24790	9773	8140	7143	0	199	224	207	608	24179	7977	64653	16813	306	16771	42	16192	16465	579	306	92	365	53	16771	671	16771	3349	2696	653	14075	2696	300367	168592	168189	305104	307	2298	1926596	0	0	0	0	0
607	7	0	5543	1482	1703	2093	0	122	90	96	308	5235	5526	6892	17	0	11	6	10	11	1	0	0	1	0	11	1	11	0	0	0	11	0	305921	168609	168200	305712	307	2298	2074646	0	0	0	0	0
29810	812	3226	24778	9770	7999	7201	0	194	236	246	652	24121	7952	64747	16826	301	16805	21	16222	16504	583	301	91	373	67	16805	674	16805	3237	2652	585	14153	2652	330713	185435	185005	335522	3544	854	2129008	0	0	0	0	0
541	2	0	5448	1464	1668	2077	0	127	84	67	276	5172	5435	6757	13	0	4	9	4	4	0	0	0	0	0	4	0	4	0	0	0	4	0	336172	185448	185009	336063	3544	854	2277069	0	0	0	0	0
30200	829	3273	25100	9951	8225	7156	0	181	239	260	653	24443	8103	65440	16997	319	16962	35	16361	16643	601	319	97	379	62	16962	698	16962	3283	2680	603	14282	2680	361279	202445	201971	366264	2731	3534	2331431	0	0	0	0	0
613	4	0	5405	1494	1673	1972	0	127	101	92	318	5087	5389	6706	16	0	8	8	8	8	0	0	0	0	0	8	0	8	0	0	0	8	0	366690	202461	201979	366878	2731	3534	2479469	0	0	0	0	0

processed_m4566_ME11_HV0_test40_SRCoff_170716_095307_TMBCounters.txt																																													
alct0 valid pattern flag received	alct1 valid pattern flag received	raw hits readout   	Pretrigger   	Pretrigger on CFEB0	Pretrigger on CFEB1	Pretrigger on CFEB2	Pretrigger on CFEB3	Pretrigger on CFEB4	Pretrigger on CFEB5	Pretrigger on CFEB6	Pretrigger on ME1A CFEB 4-6 only	Pretrigger on ME1B CFEBs 0-3 only	Discarded, CLCT0 invalid pattern after drift	BX pretrig waiting for triads to dissipate	clct0 sent to TMB matching section	clct1 sent to TMB matching section	TMB accepted alct	TMB match reject event  	Matching found one ALCT	Matching found one CLCT	Matching found two ALCTs	Matching found two CLCTs	ALCT0 copied into ALCT1 to make 2nd LCT	CLCT0 copied into CLCT1 to make 2nd LCT	LCT1 has higher quality than LCT0 	Transmitted LCT0 to MPC	Transmitted LCT1 to MPC	MPC rejected both LCT0 and LCT1	L1A received   	L1A received, TMB in L1A window	L1A received, no TMB in window	TMB triggered, no L1A in window	TMB readouts completed	Pretrigger counter   	CLCT counter   	TMB trigger counter	ALCTs received counter	L1As received counter 	Readout counter 	Orbit counter	CLCT pre-trigger and ALCT coincidence counter	CFEB0 active flag sent to DMB for readout	CFEB1 active flag sent to DMB for readout	CFEB2 active flag sent to DMB for readout	CFEB3 active flag sent to DMB for readout
28921	827	3100	25605	10250	8146	7501	0	243	281	264	757	24846	3967	75162	21638	452	21600	38	20908	21148	692	452	144	384	103	21600	836	21600	3108	3042	66	18558	3042	27845	21647	21604	29118	3108	3042	104813	0	0	0	0	0
649	2	0	6481	1731	2030	2410	0	154	115	98	365	6116	6459	8107	22	0	11	11	10	11	1	0	0	1	0	11	1	11	0	0	0	11	0	34349	21669	21615	29767	3108	3042	252861	0	0	0	0	0
29040	791	3210	25773	10294	8209	7549	0	275	230	305	775	24986	4067	75687	21706	470	21656	50	20993	21187	663	469	144	338	107	21656	807	21656	3217	3135	82	18521	3135	60133	43375	43271	58808	2229	2081	307234	0	0	0	0	0
659	2	0	6615	1754	2061	2506	0	161	100	91	349	6266	6597	8226	18	0	11	7	10	11	1	0	0	1	0	11	1	11	0	0	0	11	0	66759	43393	43282	59467	2229	2081	455273	0	0	0	0	0
30776	834	3333	27168	10966	8660	7863	0	269	279	273	787	26372	4121	79991	23047	495	23013	34	22319	22518	694	495	169	368	92	23013	863	23013	3342	3251	91	19762	3251	93939	66440	66295	90243	1475	1236	509658	0	0	0	0	0
626	6	0	6563	1822	2028	2439	0	150	112	86	346	6217	6541	8186	22	0	15	7	15	15	0	0	0	0	0	15	0	15	0	0	0	15	0	100518	66462	66310	90870	1475	1236	657697	0	0	0	0	0
30392	855	3252	26804	10786	8535	7807	0	294	274	302	829	25963	4077	78993	22727	505	22677	50	21955	22172	722	505	153	370	102	22677	875	22677	3261	3174	87	19503	3174	127332	89189	88987	121264	640	314	712083	0	0	0	0	0
654	9	0	6480	1811	1930	2406	0	159	108	114	379	6101	6458	8118	22	1	17	5	14	16	3	1	0	2	0	17	3	17	0	0	0	17	0	133822	89211	89004	121918	640	314	860120	0	0	0	0	0
30303	803	3388	26732	10783	8664	7562	0	295	279	256	802	25925	3977	78755	22755	460	22723	32	22059	22263	664	460	147	351	94	22723	811	22723	3397	3313	84	19410	3313	160558	111966	111727	152222	4037	3627	914494	0	0	0	0	0
629	2	0	6377	1737	1970	2356	0	145	111	112	365	6012	6364	7950	13	0	7	6	7	7	0	0	0	0	0	7	0	7	0	0	0	7	0	166947	111979	111734	152852	4037	3627	1062543	0	0	0	0	0
30535	836	3390	26913	10810	8593	7847	0	274	273	310	818	26088	4070	79219	22843	517	22793	50	22100	22276	693	517	178	354	97	22793	871	22793	3397	3325	72	19468	3325	193872	134822	134527	183387	3338	2856	1116917	0	0	0	0	0
594	4	0	6420	1800	1994	2295	0	143	122	114	377	6043	6403	8010	17	0	14	3	14	14	0	0	0	0	0	14	0	14	0	0	0	14	0	200294	134839	134541	183983	3338	2856	1264966	0	0	0	0	0
30158	849	3340	26736	10758	8698	7595	0	303	301	236	810	25918	4173	78524	22563	537	22518	45	21798	21981	720	537	174	357	94	22518	894	22518	3348	3254	94	19264	3254	227040	157403	157060	214143	2590	2014	1319340	0	0	0	0	0
623	6	0	6467	1788	2027	2337	0	172	121	82	374	6093	6449	8046	18	0	9	9	8	9	1	0	0	1	0	9	1	9	0	0	0	9	0	233516	157421	157069	214768	2590	2014	1467378	0	0	0	0	0
29301	795	3255	25789	10294	8436	7384	0	253	278	293	792	24988	3873	75913	21916	470	21884	32	21210	21414	674	470	154	358	85	21884	828	21884	3259	3178	81	18706	3178	259317	179338	178954	244070	1753	1096	1521762	0	0	0	0	0
610	1	0	6529	1818	1958	2442	0	168	115	102	382	6147	6515	8035	14	1	5	9	5	4	0	1	1	0	0	5	1	5	0	0	0	5	0	265857	179352	178959	244681	1753	1096	1669801	0	0	0	0	0
31607	854	3493	27773	11085	9004	8048	0	305	251	298	823	26946	4143	81975	23630	539	23593	37	22881	23054	712	539	197	370	114	23593	909	23593	3500	3411	89	20182	3411	293648	202982	202552	276289	1157	411	1724174	0	0	0	0	0
667	5	0	6391	1801	1857	2445	0	136	110	95	340	6051	6370	7911	21	0	12	9	11	12	1	0	0	1	0	12	1	12	0	0	0	12	0	300046	203003	202564	276956	1157	411	1872224	0	0	0	0	0
30685	790	3359	27044	11054	8540	7812	0	258	273	254	750	26281	4137	79489	22907	462	22862	45	22205	22401	657	461	152	348	108	22862	809	22862	3365	3300	65	19562	3300	327100	225910	225426	307641	426	3711	1926596	0	0	0	0	0
693	5	0	6616	1860	2090	2394	0	140	94	109	342	6274	6592	8245	24	0	13	11	13	13	0	0	0	0	0	13	0	13	0	0	0	13	0	333726	225934	225439	308334	426	3711	2074647	0	0	0	0	0
32519	907	3595	28659	11713	9162	8117	0	310	285	296	850	27797	4257	84511	24402	545	24350	52	23575	23805	775	545	180	410	105	24350	955	24350	3604	3509	95	20841	3509	362393	250336	249789	340854	4030	3124	2129019	0	0	0	0	0
664	2	0	6470	1791	1919	2463	0	136	103	103	342	6128	6455	8096	15	0	7	8	7	7	0	0	0	0	0	7	0	7	0	0	0	7	0	368870	250351	249796	341518	4030	3124	2277070	0	0	0	0	0
29267	772	3117	25947	10478	8251	7563	0	245	256	242	715	25223	4017	76061	21930	446	21885	45	21243	21439	642	446	144	340	89	21885	786	21885	3124	3050	74	18835	3050	394824	272281	271681	370785	3058	2078	2331443	0	0	0	0	0
633	6	0	6361	1792	1864	2381	0	152	118	106	375	5986	6347	7901	14	0	9	5	7	9	2	0	0	2	0	9	2	9	0	0	0	9	0	401194	272295	271690	371422	3058	2078	2479482	0	0	0	0	0

processed_m4567_ME11_HV0_test40_SRCoff_170716_100013_TMBCounters.txt																																													
alct0 valid pattern flag received	alct1 valid pattern flag received	raw hits readout   	Pretrigger   	Pretrigger on CFEB0	Pretrigger on CFEB1	Pretrigger on CFEB2	Pretrigger on CFEB3	Pretrigger on CFEB4	Pretrigger on CFEB5	Pretrigger on CFEB6	Pretrigger on ME1A CFEB 4-6 only	Pretrigger on ME1B CFEBs 0-3 only	Discarded, CLCT0 invalid pattern after drift	BX pretrig waiting for triads to dissipate	clct0 sent to TMB matching section	clct1 sent to TMB matching section	TMB accepted alct	TMB match reject event  	Matching found one ALCT	Matching found one CLCT	Matching found two ALCTs	Matching found two CLCTs	ALCT0 copied into ALCT1 to make 2nd LCT	CLCT0 copied into CLCT1 to make 2nd LCT	LCT1 has higher quality than LCT0 	Transmitted LCT0 to MPC	Transmitted LCT1 to MPC	MPC rejected both LCT0 and LCT1	L1A received   	L1A received, TMB in L1A window	L1A received, no TMB in window	TMB triggered, no L1A in window	TMB readouts completed	Pretrigger counter   	CLCT counter   	TMB trigger counter	ALCTs received counter	L1As received counter 	Readout counter 	Orbit counter	CLCT pre-trigger and ALCT coincidence counter	CFEB0 active flag sent to DMB for readout	CFEB1 active flag sent to DMB for readout	CFEB2 active flag sent to DMB for readout	CFEB3 active flag sent to DMB for readout
30789	838	3323	27466	11128	8684	8010	0	272	289	274	800	26656	3655	81868	23811	527	23746	65	23028	23219	718	527	197	388	94	23746	915	23746	3332	3287	45	20459	3287	29759	23821	23752	31031	3332	3287	104824	0	0	0	0	0
658	5	0	6690	1856	2021	2513	0	147	101	111	356	6334	6671	8299	19	0	8	11	7	8	1	0	0	1	0	8	1	8	0	0	0	8	0	36456	23840	23760	31689	3332	3287	252864	0	0	0	0	0
30603	860	3365	27262	10876	8629	8074	0	290	328	278	848	26400	3675	81405	23587	537	23535	52	22800	22998	735	537	188	386	97	23535	923	23535	3371	3336	35	20199	3336	63733	47427	47295	62293	2607	2527	307237	0	0	0	0	0
627	3	0	6719	1814	1981	2592	0	161	108	120	387	6332	6699	8361	20	0	13	7	12	13	1	0	0	1	0	13	1	13	0	0	0	13	0	70464	47447	47308	62921	2607	2527	455287	0	0	0	0	0
29704	783	3185	26580	10817	8342	7742	0	270	290	290	811	25762	3658	79060	22922	498	22888	34	22215	22390	673	498	157	332	100	22888	830	22888	3188	3156	32	19732	3156	97052	70369	70196	92626	1699	1587	509659	0	0	0	0	0
655	7	0	6633	1772	1994	2532	0	173	111	108	390	6243	6618	8249	15	0	10	5	10	10	0	0	0	0	0	10	0	10	0	0	0	10	0	103700	70384	70206	93282	1699	1587	657708	0	0	0	0	0
28943	791	3167	25840	10465	8219	7489	0	292	261	279	793	25035	3486	76941	22354	496	22309	45	21651	21813	658	496	177	339	94	22309	835	22309	3177	3142	35	19167	3142	129551	92738	92515	122228	780	633	712082	0	0	0	0	0
634	1	0	6508	1867	1916	2427	0	154	105	106	361	6147	6482	8104	26	1	16	10	15	15	1	1	1	1	0	16	2	16	0	0	0	16	0	136073	92764	92531	122862	780	633	860120	0	0	0	0	0
29230	777	3200	26031	10548	8296	7466	0	298	279	304	841	25177	3536	77586	22495	493	22436	59	21773	21943	663	493	170	340	97	22436	833	22436	3206	3167	39	19269	3167	162115	115259	114967	152094	3986	3800	914505	0	0	0	0	0
590	1	0	6540	1858	2026	2353	0	158	103	101	361	6179	6520	8121	20	0	12	8	12	12	0	0	0	0	0	12	0	12	0	0	0	12	0	168664	115279	114979	152684	3986	3800	1062545	0	0	0	0	0
29676	811	3290	26567	10669	8553	7773	0	286	295	261	801	25756	3689	78938	22878	576	22823	55	22128	22247	695	576	208	327	94	22823	903	22823	3296	3260	36	19563	3260	195241	138157	137802	182361	3186	2964	1116928	0	0	0	0	0
643	7	0	6606	1770	1977	2531	0	170	104	117	387	6218	6592	8176	14	1	7	7	5	6	2	1	0	1	0	7	2	7	0	0	0	7	0	201854	138171	137809	183005	3186	2964	1264966	0	0	0	0	0
28489	781	3166	25534	10267	8114	7403	0	305	261	264	794	24731	3591	75969	21943	485	21896	47	21224	21411	672	485	169	356	92	21896	841	21896	3172	3140	32	18756	3140	227402	160114	159705	211495	2262	2008	1319339	0	0	0	0	0
641	4	0	6596	1841	2029	2440	0	152	95	106	350	6246	6574	8181	22	0	12	10	12	12	0	0	0	0	0	12	0	12	0	0	0	12	0	234005	160136	159717	212139	2262	2008	1467389	0	0	0	0	0
30148	805	3295	26741	10731	8561	7748	0	290	302	272	831	25902	3545	79895	23196	527	23157	39	22454	22630	703	527	191	367	107	23157	894	23157	3307	3270	37	19887	3270	260756	183333	182875	242288	1473	1182	1521762	0	0	0	0	0
617	1	0	6712	1792	2122	2498	0	157	106	105	364	6348	6695	8329	17	0	9	8	9	9	0	0	0	0	0	9	0	9	0	0	0	9	0	267478	183350	182884	242908	1473	1182	1669802	0	0	0	0	0
30303	870	3275	26932	10910	8569	7803	0	287	306	273	826	26095	3693	80184	23239	552	23187	52	22459	22635	728	552	186	362	103	23187	914	23187	3286	3251	35	19936	3251	294425	206589	206071	273211	663	337	1724185	0	0	0	0	0
605	1	0	6672	1836	2033	2481	0	163	121	100	380	6292	6654	8318	18	0	13	5	13	13	0	0	0	0	0	13	0	13	0	0	0	13	0	301106	206607	206084	273817	663	337	1872224	0	0	0	0	0
30287	842	3269	26950	10750	8659	7845	0	275	301	308	853	26092	3681	80087	23269	551	23221	48	22510	22670	711	551	188	348	114	23221	899	23221	3278	3238	40	19983	3238	328069	229876	229305	304106	3941	3575	1926608	0	0	0	0	0
681	5	0	6680	1846	2027	2507	0	159	108	103	367	6313	6662	8315	18	0	7	11	7	7	0	0	0	0	0	7	0	7	0	0	0	7	0	334755	229894	229312	304790	3941	3575	2074647	0	0	0	0	0
28944	821	3087	25778	10467	8137	7504	0	254	261	269	753	25015	3619	76675	22159	527	22120	39	21420	21594	700	526	174	348	100	22120	874	22120	3097	3056	41	19064	3056	360549	252058	251437	333741	2943	2536	2129020	0	0	0	0	0
648	3	0	6643	1836	2013	2451	0	154	131	96	381	6262	6628	8240	15	0	6	9	6	6	0	0	0	0	0	6	0	6	0	0	0	6	0	367203	252073	251443	334389	2943	2536	2277070	0	0	0	0	0
29833	797	3228	26547	10719	8455	7738	0	283	295	281	824	25717	3713	78905	22834	484	22774	60	22086	22290	688	484	146	350	86	22774	834	22774	3238	3201	37	19573	3201	393761	274907	274217	364223	2085	1641	2331443	0	0	0	0	0
635	1	0	6547	1721	2081	2428	0	161	116	98	370	6177	6534	8177	13	0	7	6	7	7	0	0	0	0	0	7	0	7	0	0	0	7	0	400323	274921	274224	364858	2085	1641	2479493	0	0	0	0	0

processed_m4568_ME11_HV0_test40_SRCoff_170716_100828_TMBCounters.txt																																													
alct0 valid pattern flag received	alct1 valid pattern flag received	raw hits readout   	Pretrigger   	Pretrigger on CFEB0	Pretrigger on CFEB1	Pretrigger on CFEB2	Pretrigger on CFEB3	Pretrigger on CFEB4	Pretrigger on CFEB5	Pretrigger on CFEB6	Pretrigger on ME1A CFEB 4-6 only	Pretrigger on ME1B CFEBs 0-3 only	Discarded, CLCT0 invalid pattern after drift	BX pretrig waiting for triads to dissipate	clct0 sent to TMB matching section	clct1 sent to TMB matching section	TMB accepted alct	TMB match reject event  	Matching found one ALCT	Matching found one CLCT	Matching found two ALCTs	Matching found two CLCTs	ALCT0 copied into ALCT1 to make 2nd LCT	CLCT0 copied into CLCT1 to make 2nd LCT	LCT1 has higher quality than LCT0 	Transmitted LCT0 to MPC	Transmitted LCT1 to MPC	MPC rejected both LCT0 and LCT1	L1A received   	L1A received, TMB in L1A window	L1A received, no TMB in window	TMB triggered, no L1A in window	TMB readouts completed	Pretrigger counter   	CLCT counter   	TMB trigger counter	ALCTs received counter	L1As received counter 	Readout counter 	Orbit counter	CLCT pre-trigger and ALCT coincidence counter	CFEB0 active flag sent to DMB for readout	CFEB1 active flag sent to DMB for readout	CFEB2 active flag sent to DMB for readout	CFEB3 active flag sent to DMB for readout
29219	775	3178	26114	10628	8315	7531	0	269	287	278	791	25308	3423	77986	22691	510	22648	43	21995	22138	653	510	168	311	102	22648	821	22648	3197	3160	37	19488	3160	28403	22698	22653	29453	3197	3160	104814	0	0	0	0	0
676	2	0	6818	1885	1987	2608	0	172	124	100	392	6426	6799	8518	19	0	12	7	12	12	0	0	0	0	0	12	0	12	0	0	0	12	0	35234	22717	22665	30131	3197	3160	252843	0	0	0	0	0
31963	867	3457	28276	11558	8920	8229	0	319	287	284	858	27412	3432	85108	24844	594	24792	52	24049	24198	743	594	205	354	114	24792	948	24792	3468	3442	26	21350	3442	63520	47561	47457	62096	2569	2506	307225	0	0	0	0	0
656	2	0	6888	1879	2014	2638	0	175	121	118	408	6480	6873	8527	15	0	7	8	7	7	0	0	0	0	0	7	0	7	0	0	0	7	0	70421	47576	47464	62752	2569	2506	455263	0	0	0	0	0
30919	855	3396	27578	11119	8665	8155	0	273	289	313	841	26728	3464	82676	24114	551	24066	48	23345	23515	721	551	173	343	131	24066	894	24066	3406	3381	25	20685	3381	98009	71690	71530	93672	1879	1791	509648	0	0	0	0	0
664	7	0	6818	1896	2079	2540	0	151	108	95	353	6465	6798	8468	20	0	12	8	11	12	1	0	0	1	0	12	1	12	0	0	0	12	0	104838	71710	71542	94337	1879	1791	657686	0	0	0	0	0
31937	902	3482	28349	11484	9096	8227	0	307	295	297	854	27480	3457	85298	24892	600	24839	53	24074	24239	765	600	198	363	98	24839	963	24839	3493	3465	28	21374	3465	133199	96602	96381	126274	1276	1160	712071	0	0	0	0	0
622	4	0	6842	1871	2024	2599	0	174	125	116	411	6431	6819	8498	23	1	15	8	14	14	1	1	0	0	0	15	1	15	0	0	0	15	0	140052	96625	96396	126897	1276	1160	860110	0	0	0	0	0
31191	855	3364	27720	11289	8834	8004	0	282	318	267	826	26885	3403	83209	24317	550	24271	46	23539	23721	732	550	178	360	83	24271	910	24271	3374	3348	26	20923	3348	167778	120942	120667	158089	554	412	914482	0	0	0	0	0
705	5	0	6713	1875	1960	2521	0	166	122	117	404	6309	6692	8292	21	1	13	8	12	12	1	1	0	0	1	13	1	13	0	0	0	13	0	174500	120963	120680	158796	554	412	1062532	0	0	0	0	0
30894	888	3402	27485	11089	8773	8009	0	304	318	273	852	26617	3431	82643	24054	594	24002	52	23217	23408	785	594	191	382	110	24002	976	24002	3413	3385	28	20617	3385	201997	145017	144682	189693	3967	3797	1116905	0	0	0	0	0
663	4	0	6732	1869	2043	2491	0	142	122	119	381	6351	6706	8406	26	0	12	14	12	12	0	0	0	0	0	12	0	12	0	0	0	12	0	208745	145043	144694	190356	3967	3797	1264955	0	0	0	0	0
30385	828	3322	27289	11011	8688	7909	0	303	284	296	849	26427	3538	81660	23751	568	23695	56	22959	23128	736	567	193	362	99	23695	929	23695	3331	3306	25	20389	3306	236044	168794	168389	220742	3202	3007	1319328	0	0	0	0	0
644	2	0	6772	1871	2162	2416	0	173	109	109	389	6383	6757	8429	15	0	8	7	8	8	0	0	0	0	0	8	0	8	0	0	0	8	0	242833	168809	168397	221386	3202	3007	1467378	0	0	0	0	0
30763	855	3429	27425	11014	8765	7985	0	310	292	282	846	26566	3521	82186	23904	549	23844	60	23120	23297	724	547	186	363	92	23844	910	23844	3435	3394	41	20450	3394	270271	192713	192241	252150	2541	2305	1521751	0	0	0	0	0
629	3	0	6753	1902	1994	2515	0	181	110	113	399	6354	6732	8402	21	1	13	8	12	12	1	1	0	0	1	13	1	13	0	0	0	13	0	277038	192734	192254	252779	2541	2305	1669790	0	0	0	0	0
30154	840	3370	26996	10933	8681	7748	0	279	310	304	846	26135	3498	80675	23498	549	23458	40	22739	22909	719	549	198	368	104	23458	917	23458	3382	3354	28	20104	3354	304042	216232	215712	282934	1827	1563	1724174	0	0	0	0	0
652	5	0	6751	1922	2000	2510	0	165	108	113	381	6370	6731	8398	20	0	9	11	9	9	0	0	0	0	0	9	0	9	0	0	0	9	0	310808	216252	215721	283589	1827	1563	1872213	0	0	0	0	0
29677	822	3213	26519	10712	8463	7702	0	285	290	302	839	25673	3440	79454	23079	528	23025	54	22323	22498	702	527	154	329	103	23025	856	23025	3222	3195	27	19830	3195	337335	239331	238746	313266	953	662	1926596	0	0	0	0	0
664	6	0	6902	1943	2052	2595	0	174	110	110	390	6512	6884	8620	18	1	10	8	8	9	2	1	1	2	0	10	3	10	0	0	0	10	0	344253	239349	238756	313930	953	662	2074636	0	0	0	0	0
29617	786	3296	26509	10629	8505	7804	0	274	284	299	816	25683	3487	79303	23022	548	22963	59	22288	22415	675	548	207	334	96	22963	882	22963	3304	3277	27	19686	3277	370768	262371	261719	343549	161	3939	2129007	0	0	0	0	0
668	4	0	6803	1889	1985	2588	0	165	124	109	396	6407	6777	8436	26	1	17	9	16	16	1	1	0	0	0	17	1	17	0	0	0	17	0	377578	262397	261736	344217	161	3939	2277060	0	0	0	0	0

processed_m4569_ME11_HV0_test40_SRCoff_170716_101510_TMBCounters.txt																																													
alct0 valid pattern flag received	alct1 valid pattern flag received	raw hits readout   	Pretrigger   	Pretrigger on CFEB0	Pretrigger on CFEB1	Pretrigger on CFEB2	Pretrigger on CFEB3	Pretrigger on CFEB4	Pretrigger on CFEB5	Pretrigger on CFEB6	Pretrigger on ME1A CFEB 4-6 only	Pretrigger on ME1B CFEBs 0-3 only	Discarded, CLCT0 invalid pattern after drift	BX pretrig waiting for triads to dissipate	clct0 sent to TMB matching section	clct1 sent to TMB matching section	TMB accepted alct	TMB match reject event  	Matching found one ALCT	Matching found one CLCT	Matching found two ALCTs	Matching found two CLCTs	ALCT0 copied into ALCT1 to make 2nd LCT	CLCT0 copied into CLCT1 to make 2nd LCT	LCT1 has higher quality than LCT0 	Transmitted LCT0 to MPC	Transmitted LCT1 to MPC	MPC rejected both LCT0 and LCT1	L1A received   	L1A received, TMB in L1A window	L1A received, no TMB in window	TMB triggered, no L1A in window	TMB readouts completed	Pretrigger counter   	CLCT counter   	TMB trigger counter	ALCTs received counter	L1As received counter 	Readout counter 	Orbit counter	CLCT pre-trigger and ALCT coincidence counter	CFEB0 active flag sent to DMB for readout	CFEB1 active flag sent to DMB for readout	CFEB2 active flag sent to DMB for readout	CFEB3 active flag sent to DMB for readout
31691	853	3511	28170	11474	8961	8186	0	304	310	303	874	27279	3367	84786	24803	574	24766	37	24034	24192	732	574	189	347	95	24766	921	24766	3523	3495	28	21271	3495	30439	24810	24772	31922	3523	3495	104813	0	0	0	0	0
689	5	0	6885	1939	2076	2517	0	169	122	111	397	6488	6873	8532	12	0	8	4	8	8	0	0	0	0	0	8	0	8	0	0	0	8	0	37339	24822	24780	32612	3523	3495	252874	0	0	0	0	0
31243	841	3372	27922	11425	8782	8133	0	293	308	330	884	27029	3446	83714	24476	543	24413	63	23697	23870	716	543	183	356	97	24413	899	24413	3384	3363	21	21050	3363	65270	49298	49193	63856	2811	2762	307236	0	0	0	0	0
651	2	0	6941	1852	2066	2675	0	171	123	126	414	6526	6920	8654	21	0	16	5	15	16	1	0	0	1	0	16	1	16	0	0	0	16	0	72220	49319	49209	64507	2811	2762	455274	0	0	0	0	0
29097	801	3191	26054	10521	8264	7690	0	254	280	287	788	25249	3311	77921	22743	532	22689	54	22004	22157	685	532	188	341	102	22689	873	22689	3201	3182	19	19507	3182	98282	72062	71898	93605	1916	1848	509659	0	0	0	0	0
665	7	0	6918	1920	2067	2561	0	184	114	117	413	6505	6888	8660	30	0	17	13	15	17	2	0	0	2	0	17	2	17	0	0	0	17	0	105205	72092	71915	94270	1916	1848	657708	0	0	0	0	0
29605	821	3233	26597	10721	8469	7793	0	280	302	263	805	25783	3303	79725	23294	531	23252	42	22543	22721	709	531	155	333	94	23252	864	23252	3241	3218	23	20034	3218	131815	95386	95167	123876	1061	970	712072	0	0	0	0	0
654	6	0	6938	1924	2054	2651	0	173	106	93	369	6569	6912	8648	26	0	16	10	15	16	1	0	0	1	0	16	1	16	0	0	0	16	0	138770	95412	95183	124530	1061	970	860120	0	0	0	0	0
29703	783	3226	26790	10908	8516	7806	0	259	272	301	802	25982	3504	79877	23286	507	23235	51	22559	22728	676	507	168	337	97	23235	844	23235	3237	3217	20	20018	3217	165570	118698	118418	154234	202	91	914493	0	0	0	0	0
680	6	0	6947	1942	2105	2604	0	173	101	99	370	6576	6932	8627	15	1	5	10	5	4	0	1	1	0	0	5	1	5	0	0	0	5	0	172522	118713	118423	154916	202	91	1062543	0	0	0	0	0
29159	855	3137	26198	10649	8246	7728	0	297	275	266	796	25388	3329	78551	22869	554	22817	52	22073	22263	744	554	161	351	100	22817	905	22817	3146	3129	17	19688	3129	198732	141582	141240	184076	3348	3220	1116916	0	0	0	0	0
689	6	0	6983	1824	2114	2714	0	160	109	115	381	6602	6957	8700	26	0	14	12	12	14	2	0	0	2	0	14	2	14	0	0	0	14	0	205721	141608	141254	184765	3348	3220	1264966	0	0	0	0	0
32166	871	3547	28698	11606	9106	8412	0	345	285	330	904	27780	3353	86449	25345	591	25295	50	24541	24704	754	591	206	369	89	25295	960	25295	3556	3533	23	21762	3533	234430	166953	166549	216931	2808	2657	1319339	0	0	0	0	0
706	2	0	6978	1966	2058	2603	0	175	130	92	395	6583	6960	8762	18	0	7	11	7	7	0	0	0	0	0	7	0	7	0	0	0	7	0	241419	166971	166556	217638	2808	2657	1467378	0	0	0	0	0
30146	812	3340	26994	11003	8687	7725	0	290	278	288	816	26166	3399	80778	23595	576	23541	54	22827	22965	714	576	202	340	85	23541	916	23541	3350	3330	20	20211	3330	268422	190566	190097	247784	2062	1891	1521762	0	0	0	0	0
677	3	0	6954	1958	2118	2552	0	157	135	101	389	6565	6928	8769	26	0	12	14	11	12	1	0	0	1	0	12	1	12	0	0	0	12	0	275383	190592	190109	248463	2062	1891	1669801	0	0	0	0	0
31305	894	3408	27834	11362	8873	8025	0	324	294	313	883	26937	3351	83703	24483	618	24437	46	23665	23820	772	617	198	353	97	24437	970	24437	3427	3395	32	21042	3395	303235	215075	214546	279769	1393	1190	1724185	0	0	0	0	0
677	4	0	6905	1864	2018	2639	0	173	135	112	420	6485	6883	8724	22	1	16	6	15	15	1	1	0	0	1	16	1	16	0	0	0	16	0	310151	215097	214562	280447	1393	1190	1872224	0	0	0	0	0
30074	803	3251	26952	10868	8564	7859	0	306	320	288	880	26066	3458	80613	23494	525	23454	40	22774	22929	680	525	182	337	106	23454	862	23454	3257	3235	22	20219	3235	337113	238591	238016	310522	554	329	1926595	0	0	0	0	0
691	4	0	6780	1906	2081	2465	0	165	110	114	385	6395	6755	8520	25	0	16	9	15	16	1	0	0	1	0	16	1	16	0	0	0	16	0	343903	238616	238032	311213	554	329	2074647	0	0	0	0	0
28503	760	3000	25571	10370	8170	7444	0	281	241	272	752	24806	3303	76551	22268	552	22232	36	21572	21680	660	552	190	298	85	22232	850	22232	3010	2988	22	19244	2988	369486	260884	260264	339719	3564	3317	2129018	0	0	0	0	0
601	7	0	6822	1895	2006	2557	0	185	119	128	426	6396	6806	8488	16	0	8	8	7	8	1	0	0	1	0	8	1	8	0	0	0	8	0	376324	260900	260272	340321	3564	3317	2277070	0	0	0	0	0
33343	970	3707	29513	11986	9628	8406	0	321	299	301	884	28620	3462	88885	26051	636	25998	53	25154	25362	844	636	216	424	90	25998	1060	25998	3714	3700	14	22298	3700	405845	286951	286270	373664	3182	2921	2331441	0	0	0	0	0
669	4	0	6997	1949	2071	2606	0	197	118	107	420	6577	6985	8718	12	0	6	6	5	6	1	0	0	1	0	6	1	6	0	0	0	6	0	412850	286963	286276	374334	3182	2921	2479483	0	0	0	0	0

processed_m4570_ME11_HV0_test40_SRCoff_170716_102110_TMBCounters.txt																																													
alct0 valid pattern flag received	alct1 valid pattern flag received	raw hits readout   	Pretrigger   	Pretrigger on CFEB0	Pretrigger on CFEB1	Pretrigger on CFEB2	Pretrigger on CFEB3	Pretrigger on CFEB4	Pretrigger on CFEB5	Pretrigger on CFEB6	Pretrigger on ME1A CFEB 4-6 only	Pretrigger on ME1B CFEBs 0-3 only	Discarded, CLCT0 invalid pattern after drift	BX pretrig waiting for triads to dissipate	clct0 sent to TMB matching section	clct1 sent to TMB matching section	TMB accepted alct	TMB match reject event  	Matching found one ALCT	Matching found one CLCT	Matching found two ALCTs	Matching found two CLCTs	ALCT0 copied into ALCT1 to make 2nd LCT	CLCT0 copied into CLCT1 to make 2nd LCT	LCT1 has higher quality than LCT0 	Transmitted LCT0 to MPC	Transmitted LCT1 to MPC	MPC rejected both LCT0 and LCT1	L1A received   	L1A received, TMB in L1A window	L1A received, no TMB in window	TMB triggered, no L1A in window	TMB readouts completed	Pretrigger counter   	CLCT counter   	TMB trigger counter	ALCTs received counter	L1As received counter 	Readout counter 	Orbit counter	CLCT pre-trigger and ALCT coincidence counter	CFEB0 active flag sent to DMB for readout	CFEB1 active flag sent to DMB for readout	CFEB2 active flag sent to DMB for readout	CFEB3 active flag sent to DMB for readout
29162	823	3209	26265	10736	8240	7660	0	310	322	283	869	25386	3282	78528	22983	540	22919	64	22218	22380	701	539	178	340	82	22919	879	22919	3218	3198	20	19721	3198	28646	22994	22926	29401	3218	3198	104804	0	0	0	0	0
719	4	0	7039	1976	2100	2601	0	183	127	114	421	6618	7022	8776	17	0	9	8	9	9	0	0	0	0	0	9	0	9	0	0	0	9	0	35697	23011	22935	30120	3218	3198	252852	0	0	0	0	0
31014	869	3482	27822	11338	8917	7969	0	308	309	314	897	26913	3312	83617	24510	555	24460	50	23716	23905	744	555	194	383	112	24460	938	24460	3490	3472	18	20988	3472	63532	47521	47395	61136	2612	2574	307224	0	0	0	0	0
731	4	0	6913	1929	2078	2577	0	161	114	122	393	6519	6894	8601	19	0	9	10	8	9	1	0	0	1	0	9	1	9	0	0	0	9	0	70456	47540	47404	61869	2612	2574	455275	0	0	0	0	0
29328	792	3156	26302	10690	8390	7612	0	300	293	294	837	25450	3304	78731	22998	529	22942	56	22260	22413	682	529	190	343	102	22942	872	22942	3164	3145	19	19797	3145	96767	70538	70346	91197	1680	1623	509647	0	0	0	0	0
748	3	0	7110	1985	2142	2626	0	188	118	117	420	6690	7086	8905	24	1	19	5	18	18	1	1	0	0	0	19	1	19	0	0	0	19	0	103888	70562	70365	91945	1680	1623	657697	0	0	0	0	0
29397	824	3111	26500	10857	8425	7741	0	280	272	250	758	25731	3278	79295	23222	547	23160	62	22461	22613	699	547	177	329	111	23160	876	23160	3120	3101	19	20059	3101	130400	93784	93525	121343	704	628	712061	0	0	0	0	0
695	1	0	6914	1936	2111	2563	0	163	105	93	358	6556	6890	8629	24	0	13	11	13	13	0	0	0	0	0	13	0	13	0	0	0	13	0	137328	93808	93538	122040	704	628	860108	0	0	0	0	0
30605	864	3376	27449	11214	8721	7962	0	299	290	324	870	26563	3358	82390	24091	598	24042	49	23305	23445	737	597	211	351	106	24042	948	24042	3385	3366	19	20676	3366	164789	117899	117580	152645	4089	3994	914493	0	0	0	0	0
655	2	0	6997	1890	2075	2655	0	196	121	120	435	6562	6978	8752	19	1	10	9	10	9	0	1	1	0	0	10	1	10	0	0	0	10	0	171804	117918	117590	153301	4089	3994	1062531	0	0	0	0	0
29762	800	3315	26685	10744	8554	7818	0	316	283	295	854	25827	3294	79873	23391	552	23339	52	22640	22788	699	551	194	342	104	23339	893	23339	3328	3308	20	20031	3308	198494	141309	140929	183065	3321	3206	1116904	0	0	0	0	0
698	4	0	7006	1874	2114	2705	0	181	117	89	385	6621	6985	8806	21	0	12	9	11	12	1	0	0	1	0	12	1	12	0	0	0	12	0	205510	141330	140941	183765	3321	3206	1264954	0	0	0	0	0
28065	763	3112	25340	10229	8147	7365	0	301	270	261	793	24536	3339	75493	22001	546	21947	54	21300	21402	647	545	202	304	96	21947	849	21947	3123	3103	20	18844	3103	230860	163331	162888	211831	2348	2213	1319327	0	0	0	0	0
730	5	0	7101	2026	2082	2641	0	183	120	110	409	6692	7073	8896	28	0	25	3	23	25	2	0	0	2	0	25	2	25	0	0	0	25	0	237975	163360	162914	212562	2348	2213	1467377	0	0	0	0	0
30935	877	3281	27721	11225	8853	8173	0	289	301	273	828	26882	3410	83075	24311	605	24261	50	23513	23656	748	605	214	357	117	24261	962	24261	3292	3269	23	20992	3269	265716	187671	187175	243499	1544	1386	1521750	0	0	0	0	0
688	4	0	7036	1986	2144	2570	0	164	113	115	388	6648	7017	8673	19	0	10	9	9	10	1	0	0	1	0	10	1	10	0	0	0	10	0	272764	187690	187185	244187	1544	1386	1669789	0	0	0	0	0
29874	855	3239	26742	10754	8549	7805	0	300	324	310	888	25842	3337	79972	23405	597	23359	46	22631	22762	728	597	220	351	119	23359	948	23359	3247	3231	16	20128	3231	299519	211095	210544	274062	695	521	1724173	0	0	0	0	0
690	2	0	6952	1958	2058	2574	0	183	117	113	412	6540	6942	8664	10	0	2	8	2	2	0	0	0	0	0	2	0	2	0	0	0	2	0	306486	211105	210546	274752	695	521	1872212	0	0	0	0	0
30388	793	3332	27198	11169	8630	7903	0	282	275	273	800	26386	3329	81616	23869	517	23826	43	23137	23309	689	517	179	351	96	23826	868	23826	3345	3321	24	20505	3321	333694	234974	234372	305142	4040	3842	1926596	0	0	0	0	0
671	4	0	7041	1928	2144	2601	0	195	118	126	433	6608	7013	8831	28	0	18	10	16	18	2	0	0	2	0	18	2	18	0	0	0	18	0	340746	235002	234390	305816	4040	3842	2074635	0	0	0	0	0
30525	823	3410	27442	11245	8650	8068	0	319	276	292	842	26583	3416	82137	24026	614	23980	46	23253	23366	727	614	229	342	105	23980	956	23980	3418	3400	18	20580	3400	368199	259028	258370	336344	3362	3146	2129008	0	0	0	0	0
691	2	0	7021	1924	2156	2583	0	180	113	110	400	6621	6997	8831	24	0	10	14	9	10	1	0	0	1	0	10	1	10	0	0	0	10	0	375225	259052	258380	337039	3362	3146	2277058	0	0	0	0	0
30207	852	3304	26997	11073	8549	7859	0	283	290	298	829	26156	3256	81075	23741	567	23688	53	22946	23121	742	567	205	380	97	23688	947	23688	3310	3295	15	20393	3295	402238	282794	282069	367249	2576	2345	2331431	0	0	0	0	0
739	6	0	7069	2027	2054	2626	0	179	120	131	427	6642	7043	8816	26	2	19	7	16	17	3	2	0	1	0	19	3	19	0	0	0	19	0	409321	282820	282088	367992	2576	2345	2479472	0	0	0	0	0

processed_m4571_ME11_HV0_test40_SRCoff_170716_103036_TMBCounters.txt																																													
alct0 valid pattern flag received	alct1 valid pattern flag received	raw hits readout   	Pretrigger   	Pretrigger on CFEB0	Pretrigger on CFEB1	Pretrigger on CFEB2	Pretrigger on CFEB3	Pretrigger on CFEB4	Pretrigger on CFEB5	Pretrigger on CFEB6	Pretrigger on ME1A CFEB 4-6 only	Pretrigger on ME1B CFEBs 0-3 only	Discarded, CLCT0 invalid pattern after drift	BX pretrig waiting for triads to dissipate	clct0 sent to TMB matching section	clct1 sent to TMB matching section	TMB accepted alct	TMB match reject event  	Matching found one ALCT	Matching found one CLCT	Matching found two ALCTs	Matching found two CLCTs	ALCT0 copied into ALCT1 to make 2nd LCT	CLCT0 copied into CLCT1 to make 2nd LCT	LCT1 has higher quality than LCT0 	Transmitted LCT0 to MPC	Transmitted LCT1 to MPC	MPC rejected both LCT0 and LCT1	L1A received   	L1A received, TMB in L1A window	L1A received, no TMB in window	TMB triggered, no L1A in window	TMB readouts completed	Pretrigger counter   	CLCT counter   	TMB trigger counter	ALCTs received counter	L1As received counter 	Readout counter 	Orbit counter	CLCT pre-trigger and ALCT coincidence counter	CFEB0 active flag sent to DMB for readout	CFEB1 active flag sent to DMB for readout	CFEB2 active flag sent to DMB for readout	CFEB3 active flag sent to DMB for readout
28528	784	3187	25807	10339	8272	7626	0	277	287	291	811	24981	3391	76564	22416	587	22366	50	21680	21779	686	587	205	304	101	22366	891	22366	3195	3182	13	19184	3182	28264	22431	22373	28793	3195	3182	104801	0	0	0	0	0
735	3	0	7065	1921	2114	2645	0	199	119	121	435	6630	7046	8814	19	0	8	11	8	8	0	0	0	0	0	8	0	8	0	0	0	8	0	35343	22450	22381	29528	3195	3182	252850	0	0	0	0	0
31159	833	3341	27951	11437	8868	8190	0	301	292	309	860	27082	3418	83437	24533	592	24497	36	23766	23905	731	592	218	357	103	24497	949	24497	3349	3335	14	21162	3335	63307	46983	46878	60687	2448	2421	307222	0	0	0	0	0
715	3	0	7165	1996	2157	2681	0	168	112	111	389	6776	7147	8962	18	0	12	6	12	12	0	0	0	0	0	12	0	12	0	0	0	12	0	70486	47002	46891	61403	2448	2421	455262	0	0	0	0	0
31540	885	3556	28333	11436	8984	8417	0	318	310	299	883	27437	3385	84718	24948	618	24888	60	24127	24270	761	618	213	356	103	24888	974	24888	3561	3549	12	21339	3549	98832	71950	71779	92944	1913	1874	509647	0	0	0	0	0
766	8	0	7024	1916	2140	2605	0	176	121	120	412	6612	7002	8765	22	0	16	6	15	16	1	0	0	1	0	16	1	16	0	0	0	16	0	105867	71972	71795	93713	1913	1874	657696	0	0	0	0	0
32534	857	3668	29037	11783	9299	8466	0	317	288	326	875	28142	3382	87010	25655	623	25592	63	24848	24969	744	623	218	339	114	25592	962	25592	3675	3659	16	21933	3659	134921	97627	97387	126247	1492	1437	712068	0	0	0	0	0
751	3	0	7091	1922	2159	2661	0	168	120	112	397	6694	7067	8788	24	0	14	10	13	14	1	0	0	1	0	14	1	14	0	0	0	14	0	142025	97651	97401	127002	1492	1437	860108	0	0	0	0	0
30488	820	3417	27325	11040	8700	8088	0	307	278	289	829	26481	3317	81495	24008	598	23961	47	23241	23363	720	598	229	351	106	23961	949	23961	3432	3409	23	20552	3409	169359	121659	121362	157490	828	750	914480	0	0	0	0	0
719	3	0	7019	1905	2097	2617	0	202	135	120	454	6565	7006	8743	13	0	6	7	6	6	0	0	0	0	0	6	0	6	0	0	0	6	0	176391	121672	121368	158211	828	750	1062531	0	0	0	0	0
30963	779	3410	27856	11214	8890	8207	0	303	344	323	915	26929	3365	83204	24491	552	24421	70	23753	23869	668	552	208	324	84	24421	876	24421	3422	3401	21	21020	3401	204263	146163	145789	189175	154	55	1116903	0	0	0	0	0
721	3	0	7144	2097	2114	2616	0	165	100	112	377	6767	7127	8877	17	0	11	6	11	11	0	0	0	0	0	11	0	11	0	0	0	11	0	211414	146180	145800	189896	154	55	1264954	0	0	0	0	0
31791	869	3551	28610	11654	9145	8298	0	305	319	319	893	27702	3506	85545	25104	635	25047	57	24272	24412	775	635	220	360	104	25047	995	25047	3557	3543	14	21504	3543	240038	171284	170847	221688	3711	3598	1319326	0	0	0	0	0
758	5	0	7068	1947	2176	2626	0	156	118	110	383	6685	7037	8843	31	1	22	9	19	21	3	1	0	2	1	22	3	22	0	0	0	22	0	247116	171315	170869	222450	3711	3598	1467377	0	0	0	0	0
30606	853	3335	27340	11128	8860	7905	0	314	286	302	874	26459	3337	81655	24003	584	23960	43	23213	23376	747	584	200	363	105	23960	947	23960	3347	3327	20	20633	3327	274470	195318	194829	253056	2962	2829	1521750	0	0	0	0	0
711	5	0	7201	2021	2128	2723	0	165	118	105	387	6814	7174	8985	27	0	21	6	19	21	2	0	0	2	0	21	2	21	0	0	0	21	0	281680	195345	194850	253768	2962	2829	1669789	0	0	0	0	0
32779	909	3648	29299	11994	9365	8468	0	331	312	349	938	28348	3388	87959	25911	604	25857	54	25077	25253	780	604	209	385	100	25857	989	25857	3657	3643	14	22214	3643	311000	221256	220707	286552	2523	2376	1724172	0	0	0	0	0
734	4	0	7188	1987	2108	2734	0	173	111	132	410	6777	7165	9005	23	2	16	7	14	14	2	2	0	0	1	16	2	16	0	0	0	16	0	318198	221279	220723	287286	2523	2376	1872210	0	0	0	0	0
30008	820	3284	27028	11019	8599	7885	0	310	281	295	840	26170	3340	80715	23688	553	23633	55	22917	23080	716	553	191	354	76	23633	907	23633	3293	3278	15	20355	3278	345246	244967	244356	317294	1720	1558	1926585	0	0	0	0	0
767	4	0	7076	1904	2131	2656	0	197	145	113	454	6622	7054	8895	22	0	13	9	12	13	1	0	0	1	0	13	1	13	0	0	0	13	0	352332	244989	244369	318061	1720	1558	2074633	0	0	0	0	0
31550	925	3429	28227	11538	9047	8171	0	296	301	307	866	27351	3417	84310	24810	642	24749	61	23947	24107	802	642	215	375	130	24749	1017	24749	3439	3426	13	21323	3426	380568	269799	269118	349614	1063	888	2129006	0	0	0	0	0
711	2	0	7238	2035	2206	2649	0	181	105	113	399	6839	7208	9058	30	1	17	13	16	16	1	1	1	1	0	17	2	17	0	0	0	17	0	387824	269829	269135	350325	1063	888	2277057	0	0	0	0	0

processed_m4572_ME11_HV0_test40_SRCoff_170716_103701_TMBCounters.txt																																													
alct0 valid pattern flag received	alct1 valid pattern flag received	raw hits readout   	Pretrigger   	Pretrigger on CFEB0	Pretrigger on CFEB1	Pretrigger on CFEB2	Pretrigger on CFEB3	Pretrigger on CFEB4	Pretrigger on CFEB5	Pretrigger on CFEB6	Pretrigger on ME1A CFEB 4-6 only	Pretrigger on ME1B CFEBs 0-3 only	Discarded, CLCT0 invalid pattern after drift	BX pretrig waiting for triads to dissipate	clct0 sent to TMB matching section	clct1 sent to TMB matching section	TMB accepted alct	TMB match reject event  	Matching found one ALCT	Matching found one CLCT	Matching found two ALCTs	Matching found two CLCTs	ALCT0 copied into ALCT1 to make 2nd LCT	CLCT0 copied into CLCT1 to make 2nd LCT	LCT1 has higher quality than LCT0 	Transmitted LCT0 to MPC	Transmitted LCT1 to MPC	MPC rejected both LCT0 and LCT1	L1A received   	L1A received, TMB in L1A window	L1A received, no TMB in window	TMB triggered, no L1A in window	TMB readouts completed	Pretrigger counter   	CLCT counter   	TMB trigger counter	ALCTs received counter	L1As received counter 	Readout counter 	Orbit counter	CLCT pre-trigger and ALCT coincidence counter	CFEB0 active flag sent to DMB for readout	CFEB1 active flag sent to DMB for readout	CFEB2 active flag sent to DMB for readout	CFEB3 active flag sent to DMB for readout
30446	824	3254	27533	11302	8733	8117	0	298	315	275	842	26677	3437	81538	24096	647	24041	55	23330	23394	711	647	244	308	107	24041	955	24041	3263	3253	10	20788	3253	30053	24105	24046	30749	3263	3253	104813	0	0	0	0	0
781	4	0	7395	1997	2268	2760	0	213	111	122	441	6953	7367	9221	28	0	20	8	19	20	1	0	0	1	0	20	1	20	0	0	0	20	0	37477	24133	24066	31535	3263	3253	252862	0	0	0	0	0
31639	856	3411	28268	11697	8925	8232	0	324	350	321	935	27318	3463	83833	24805	626	24740	65	24006	24114	734	626	244	352	90	24740	978	24740	3424	3402	22	21338	3402	65756	48938	48806	63174	2591	2559	307235	0	0	0	0	0
800	1	0	7505	2050	2300	2778	0	205	107	127	438	7067	7489	9290	16	0	7	9	7	7	0	0	0	0	0	7	0	7	0	0	0	7	0	73270	48954	48813	63974	2591	2559	455275	0	0	0	0	0
30312	835	3391	27444	11133	8847	8050	0	277	309	294	838	26594	3460	81090	23984	567	23932	52	23208	23365	724	567	193	350	100	23932	917	23932	3407	3389	18	20543	3389	100724	72938	72745	94288	1902	1852	509658	0	0	0	0	0
878	7	0	7439	2074	2180	2802	0	204	119	120	442	6997	7415	9312	24	1	13	11	12	12	1	1	0	0	0	13	1	13	0	0	0	13	0	108169	72962	72758	95168	1902	1852	657708	0	0	0	0	0
30585	866	3281	27656	11426	8739	8066	0	302	268	317	847	26797	3395	82034	24261	609	24201	60	23462	23593	739	608	217	348	86	24201	956	24201	3289	3274	15	20927	3274	135837	97223	96959	125753	1095	1030	712072	0	0	0	0	0
762	4	0	7523	2123	2190	2784	0	210	142	138	488	7034	7503	9386	20	2	15	5	14	13	1	2	1	0	0	15	2	15	0	0	0	15	0	143372	97243	96974	126515	1095	1030	860131	0	0	0	0	0
29570	779	3224	26828	10897	8619	7892	0	293	282	282	812	26002	3471	79120	23357	535	23302	55	22632	22767	670	535	205	340	84	23302	875	23302	3229	3214	15	20088	3214	170211	120600	120276	156086	228	148	914503	0	0	0	0	0
799	4	0	7411	2094	2241	2706	0	172	120	141	429	6982	7389	9322	22	1	14	8	13	13	1	1	1	1	0	14	2	14	0	0	0	14	0	177638	120622	120290	156886	228	148	1062554	0	0	0	0	0
29865	795	3276	27192	10890	8763	8071	0	303	308	306	863	26306	3557	80224	23635	530	23589	46	22899	23059	690	530	189	349	95	23589	879	23589	3285	3268	17	20321	3268	204847	144257	143879	186751	3513	3416	1116926	0	0	0	0	0
806	2	0	7309	1993	2253	2746	0	156	105	125	383	6926	7293	9126	16	0	8	8	7	8	1	0	0	1	0	8	1	8	0	0	0	8	0	212165	144273	143887	187558	3513	3416	1264966	0	0	0	0	0
32043	929	3525	28719	11700	9277	8426	0	317	277	287	837	27871	3497	85348	25222	642	25163	59	24361	24521	802	642	220	380	90	25163	1022	25163	3537	3520	17	21643	3520	240898	169495	169050	219602	2954	2840	1319338	0	0	0	0	0
839	2	0	7480	2083	2182	2834	0	190	127	120	434	7046	7455	9294	25	0	11	14	10	11	1	0	0	1	0	11	1	11	0	0	0	11	0	248389	169520	169061	220441	2954	2840	1467400	0	0	0	0	0
30332	846	3281	27534	11180	8829	8116	0	335	278	289	847	26666	3479	81530	24055	594	24001	54	23251	23408	750	593	213	370	89	24001	963	24001	3288	3269	19	20732	3269	275935	193575	193062	250774	2146	2013	1521754	0	0	0	0	0
825	3	0	7416	2012	2264	2789	0	176	114	135	423	6993	7395	9292	21	0	12	9	12	12	0	0	0	0	0	12	0	12	0	0	0	12	0	283373	193596	193074	251602	2146	2013	1669812	0	0	0	0	0
31209	810	3362	28114	11505	9033	8189	0	296	314	307	866	27233	3511	83355	24603	614	24543	60	23854	23929	689	614	256	331	93	24543	945	24543	3374	3355	19	21188	3355	311494	218199	217617	282812	1424	1272	1724195	0	0	0	0	0
820	7	0	7345	1999	2192	2812	0	172	130	109	408	6937	7325	9150	20	2	12	8	10	10	2	2	0	0	1	12	2	12	0	0	0	12	0	318846	218219	217629	283634	1424	1272	1872235	0	0	0	0	0
30333	805	3243	27371	11085	8791	8071	0	337	280	279	855	26502	3491	80807	23880	565	23836	44	23144	23271	692	565	208	335	87	23836	900	23836	3261	3234	27	20602	3234	346222	242099	241465	313968	589	410	1926606	0	0	0	0	0
767	6	0	7494	2113	2265	2785	0	169	132	111	410	7084	7476	9357	18	0	11	7	11	11	0	0	0	0	0	11	0	11	0	0	0	11	0	353727	242117	241476	314735	589	410	2074656	0	0	0	0	0
30135	867	3298	27172	10892	8807	8136	0	312	326	268	847	26310	3423	80354	23749	589	23710	39	22975	23122	735	588	199	346	70	23710	934	23710	3306	3291	15	20419	3291	380911	265866	265186	344870	3895	3701	2129018	0	0	0	0	0
872	6	0	7527	2032	2355	2733	0	222	123	137	481	7046	7509	9416	18	0	11	7	10	11	1	0	0	1	0	11	1	11	0	0	0	11	0	388457	265884	265197	345742	3895	3701	2277081	0	0	0	0	0
31061	817	3416	28056	11398	9038	8226	0	308	344	335	935	27107	3595	82954	24461	568	24420	41	23730	23852	690	568	197	319	85	24420	887	24420	3424	3412	12	21008	3412	416530	290345	289617	376804	3223	3017	2331441	0	0	0	0	0
809	2	0	7512	2054	2313	2775	0	196	110	118	423	7089	7494	9355	18	0	13	5	12	13	1	0	0	1	0	13	1	13	0	0	0	13	0	424054	290363	289630	377615	3223	3017	2479481	0	0	0	0	0

processed_m4573_ME11_HV0_test40_SRCoff_170716_104346_TMBCounters.txt																																													
alct0 valid pattern flag received	alct1 valid pattern flag received	raw hits readout   	Pretrigger   	Pretrigger on CFEB0	Pretrigger on CFEB1	Pretrigger on CFEB2	Pretrigger on CFEB3	Pretrigger on CFEB4	Pretrigger on CFEB5	Pretrigger on CFEB6	Pretrigger on ME1A CFEB 4-6 only	Pretrigger on ME1B CFEBs 0-3 only	Discarded, CLCT0 invalid pattern after drift	BX pretrig waiting for triads to dissipate	clct0 sent to TMB matching section	clct1 sent to TMB matching section	TMB accepted alct	TMB match reject event  	Matching found one ALCT	Matching found one CLCT	Matching found two ALCTs	Matching found two CLCTs	ALCT0 copied into ALCT1 to make 2nd LCT	CLCT0 copied into CLCT1 to make 2nd LCT	LCT1 has higher quality than LCT0 	Transmitted LCT0 to MPC	Transmitted LCT1 to MPC	MPC rejected both LCT0 and LCT1	L1A received   	L1A received, TMB in L1A window	L1A received, no TMB in window	TMB triggered, no L1A in window	TMB readouts completed	Pretrigger counter   	CLCT counter   	TMB trigger counter	ALCTs received counter	L1As received counter 	Readout counter 	Orbit counter	CLCT pre-trigger and ALCT coincidence counter	CFEB0 active flag sent to DMB for readout	CFEB1 active flag sent to DMB for readout	CFEB2 active flag sent to DMB for readout	CFEB3 active flag sent to DMB for readout
30273	846	3364	27603	11243	8866	8125	0	292	284	298	822	26767	3565	81111	24038	583	23994	44	23256	23412	738	582	189	345	95	23994	927	23994	3368	3360	8	20634	3360	30216	24049	24001	30548	3368	3360	104801	0	0	0	0	0
870	4	0	8103	2281	2447	3025	0	169	124	126	419	7684	8082	10153	21	0	13	8	11	13	2	0	0	2	0	13	2	13	0	0	0	13	0	38344	24070	24014	31419	3368	3360	252851	0	0	0	0	0
30350	768	3292	27661	11345	8871	8055	0	327	299	301	873	26774	3632	81118	24029	570	23968	61	23296	23398	672	570	222	324	83	23968	894	23968	3299	3289	10	20679	3289	66011	48099	47982	61770	2571	2553	307224	0	0	0	0	0
908	6	0	7857	2120	2382	2972	0	189	137	118	440	7417	7835	9841	22	0	14	8	12	14	2	0	0	2	0	14	2	14	0	0	0	14	0	73878	48122	47997	62679	2571	2553	455263	0	0	0	0	0
29565	791	3143	26977	10977	8614	7933	0	310	289	284	836	26123	3620	79146	23357	569	23295	62	22613	22726	682	569	199	312	92	23295	881	23295	3148	3139	9	20156	3139	100870	71480	71293	92250	1623	1596	509647	0	0	0	0	0
875	5	0	7852	2158	2336	2957	0	212	136	114	458	7394	7829	9781	23	0	14	9	14	14	0	0	0	0	0	14	0	14	0	0	0	14	0	108741	71503	71307	93126	1623	1596	657686	0	0	0	0	0
29634	818	3230	27093	11115	8726	7879	0	302	325	274	848	26234	3662	79258	23431	587	23381	50	22661	22794	720	587	220	353	101	23381	940	23381	3241	3226	15	20155	3226	135842	94934	94688	122762	768	726	712058	0	0	0	0	0
863	4	0	8101	2281	2468	2947	0	213	136	119	466	7635	8084	10097	17	0	6	11	6	6	0	0	0	0	0	6	0	6	0	0	0	6	0	143962	94951	94694	123628	768	726	860109	0	0	0	0	0
29690	817	3209	27118	11134	8613	8004	0	304	289	300	844	26261	3680	79430	23438	558	23400	38	22679	22844	721	556	183	348	95	23400	904	23400	3219	3206	13	20194	3206	171096	118389	118094	153318	3987	3932	914481	0	0	0	0	0
913	6	0	7910	2138	2451	2926	0	210	135	126	464	7446	7887	9902	23	1	12	11	11	11	1	1	0	0	0	12	1	12	0	0	0	12	0	179018	118412	118106	154232	3987	3932	1062532	0	0	0	0	0
31486	928	3432	28610	11685	9239	8349	0	306	330	309	895	27702	3664	84208	24946	639	24885	61	24081	24246	804	639	213	378	106	24885	1017	24885	3440	3426	14	21459	3426	207639	143358	142991	185719	3331	3262	1116903	0	0	0	0	0
903	3	0	7984	2255	2435	2921	0	181	126	129	436	7548	7968	9919	16	0	10	6	9	10	1	0	0	1	0	10	1	10	0	0	0	10	0	215639	143374	143001	186622	3331	3262	1264943	0	0	0	0	0
30135	847	3227	27563	11078	8707	8292	0	323	311	319	910	26637	3659	80748	23904	606	23842	62	23110	23236	732	606	240	366	118	23842	972	23842	3233	3220	13	20622	3220	243213	167278	166843	216759	2468	2386	1319326	0	0	0	0	0
2471	12	0	21547	5853	6556	8061	0	525	379	348	1244	20303	21476	27004	71	0	38	33	34	38	4	0	0	4	0	38	4	38	0	0	0	38	0	264772	167349	166881	219231	2468	2386	1723768	0	0	0	0	0
33407	905	3721	30153	12227	9692	8949	0	313	307	319	889	29253	3618	89119	26535	665	26462	73	25681	25797	781	665	266	382	118	26462	1047	26462	3725	3719	6	22743	3719	294934	193884	193343	252639	2097	2009	1778141	0	0	0	0	0
2410	6	0	21563	5985	6488	8087	0	493	368	325	1179	20384	21496	27009	67	1	39	28	38	38	1	1	0	0	0	39	1	39	0	0	0	39	0	316514	193951	193382	255050	2097	2009	2182584	0	0	0	0	0
39348	1117	4349	35196	14694	11155	10222	0	379	381	373	1069	34102	3891	104725	31305	762	31228	77	30260	30466	968	762	289	495	118	31228	1257	31228	4363	4345	18	26883	4345	351723	225256	224610	294399	2364	2258	2236967	0	0	0	0	0
2426	12	0	21584	5870	6699	7973	0	534	377	343	1240	20344	21513	27071	71	1	41	30	39	40	2	1	0	1	0	41	2	41	0	0	0	41	0	373322	225327	224651	296825	2364	2258	2641408	0	0	0	0	0
41129	1116	4590	36663	14983	11810	10724	0	409	380	405	1115	35528	3889	109503	32774	764	32686	88	31703	31923	983	763	254	474	107	32686	1237	32686	4603	4583	20	28103	4583	409997	258101	257337	337954	2871	2745	2695793	0	0	0	0	0
2365	9	0	21827	6064	6633	8125	0	534	360	327	1205	20622	21774	27399	53	1	36	17	35	35	1	1	1	1	0	36	2	36	0	0	0	36	0	431840	258154	257373	340319	2871	2745	3100233	0	0	0	0	0
28512	765	3078	26035	10409	8465	7729	0	314	318	297	869	25152	3561	76155	22474	537	22412	62	21744	21875	668	537	187	318	95	22412	855	22412	3084	3070	14	19342	3070	457885	280628	279785	368832	1859	1719	3154606	0	0	0	0	0
2387	9	0	21709	5985	6549	8140	0	508	360	338	1203	20506	21646	27120	63	0	34	29	34	34	0	0	0	0	0	34	0	34	0	0	0	34	0	479605	280691	279819	371221	1859	1719	3559047	0	0	0	0	0

