processed_m4597_ME11_HV0_test40_SRCoff_170717_080931_TMBCounters.txt																																													
alct0 valid pattern flag received	alct1 valid pattern flag received	raw hits readout   	Pretrigger   	Pretrigger on CFEB0	Pretrigger on CFEB1	Pretrigger on CFEB2	Pretrigger on CFEB3	Pretrigger on CFEB4	Pretrigger on CFEB5	Pretrigger on CFEB6	Pretrigger on ME1A CFEB 4-6 only	Pretrigger on ME1B CFEBs 0-3 only	Discarded, CLCT0 invalid pattern after drift	BX pretrig waiting for triads to dissipate	clct0 sent to TMB matching section	clct1 sent to TMB matching section	TMB accepted alct	TMB match reject event  	Matching found one ALCT	Matching found one CLCT	Matching found two ALCTs	Matching found two CLCTs	ALCT0 copied into ALCT1 to make 2nd LCT	CLCT0 copied into CLCT1 to make 2nd LCT	LCT1 has higher quality than LCT0 	Transmitted LCT0 to MPC	Transmitted LCT1 to MPC	MPC rejected both LCT0 and LCT1	L1A received   	L1A received, TMB in L1A window	L1A received, no TMB in window	TMB triggered, no L1A in window	TMB readouts completed	Pretrigger counter   	CLCT counter   	TMB trigger counter	ALCTs received counter	L1As received counter 	Readout counter 	Orbit counter	CLCT pre-trigger and ALCT coincidence counter	CFEB0 active flag sent to DMB for readout	CFEB1 active flag sent to DMB for readout	CFEB2 active flag sent to DMB for readout	CFEB3 active flag sent to DMB for readout
20219	315	1333	29175	8118	10121	10224	0	360	391	341	1080	28094	28339	38578	836	25	785	51	701	760	84	25	6	65	3	785	90	785	1731	144	1587	641	144	52668	867	785	25465	1731	144	104813	0	0	0	0	0
41539	24	0	187959	50291	62630	69271	0	2612	2630	2387	7554	180404	187718	231601	241	0	3	238	3	3	0	0	0	0	0	3	0	3	0	0	0	3	0	240732	1108	788	67026	1731	144	509265	0	0	0	0	0
20730	320	1378	29467	8070	10220	10468	0	391	366	342	1086	28380	28618	38998	849	36	793	56	705	757	88	36	12	64	4	793	100	793	1789	141	1648	652	141	270324	1957	1581	87781	3520	285	563638	0	0	0	0	0
41423	30	0	188068	49898	62937	69597	0	2702	2498	2402	7549	180519	187789	231717	279	0	3	276	3	3	0	0	0	0	0	3	0	3	0	0	0	3	0	458517	2236	1584	129226	3520	285	968079	0	0	0	0	0
20167	323	1419	28925	7884	10050	10328	0	377	349	323	1044	27880	28122	38384	803	26	758	45	682	732	76	26	10	60	6	758	86	758	1832	141	1691	617	141	487562	3039	2342	149427	1259	426	1022463	0	0	0	0	0
41381	40	0	188673	50438	63171	69324	0	2654	2539	2412	7535	181138	188416	232664	257	1	2	255	1	1	1	1	0	0	0	2	1	2	0	0	0	2	0	676357	3296	2344	190834	1259	426	1426904	0	0	0	0	0
20826	343	1424	29282	8040	10179	10311	0	403	384	346	1121	28161	28448	38548	834	25	782	52	708	757	74	25	5	54	2	782	79	782	1837	156	1681	626	156	705742	4130	3126	211690	3096	582	1481277	0	0	0	0	0
41644	31	0	188109	50116	63176	69252	0	2625	2548	2282	7391	180718	187810	232039	299	0	4	295	3	4	1	0	0	1	0	4	1	4	0	0	0	4	0	893952	4429	3130	253357	3096	582	1885717	0	0	0	0	0
20903	330	1404	29294	8092	10137	10366	0	393	360	332	1076	28218	28411	38842	883	30	845	38	756	815	89	30	6	65	7	845	95	845	1795	165	1630	680	165	923350	5312	3975	274285	795	747	1940102	0	0	0	0	0
41794	23	0	188996	50390	63450	69690	0	2672	2472	2270	7353	181642	188718	233016	278	0	4	274	3	4	1	0	0	1	0	4	1	4	0	0	0	4	0	1112468	5590	3979	316099	795	747	2344543	0	0	0	0	0
20954	303	1444	29320	8120	10280	10290	0	355	337	299	984	28336	28439	38964	881	29	832	49	756	803	76	29	9	56	4	832	85	832	1854	163	1691	669	163	1141909	6472	4811	337081	2649	910	2398917	0	0	0	0	0
41900	19	0	187655	50082	62895	69142	0	2631	2516	2289	7374	180278	187385	231391	270	0	4	266	4	4	0	0	0	0	0	4	0	4	0	0	0	4	0	1329657	6742	4815	379006	2649	910	2803368	0	0	0	0	0
20886	322	1400	29309	8053	10140	10420	0	344	388	345	1069	28240	28435	39028	874	22	822	52	760	800	62	22	6	46	7	822	68	822	1772	150	1622	672	150	1359083	7616	5637	399916	325	1060	2857741	0	0	0	0	0
41987	22	0	188822	50270	62998	69820	0	2603	2602	2337	7484	181338	188559	233202	263	1	2	261	2	1	0	1	1	0	0	2	1	2	0	0	0	2	0	1548016	7879	5639	441924	325	1060	3262183	0	0	0	0	0
20411	296	1399	29124	8041	10176	10209	0	382	377	325	1070	28054	28328	38515	796	23	744	52	673	721	71	23	7	55	3	744	78	744	1770	154	1616	590	154	1577259	8675	6383	462356	2095	1214	3316567	0	0	0	0	0
41989	21	0	188660	50120	63397	69429	0	2689	2597	2312	7539	181120	188360	233033	300	0	12	288	10	12	2	0	0	2	0	12	2	12	0	0	0	12	0	1766030	8975	6395	504361	2095	1214	3721007	0	0	0	0	0
20084	292	1336	29376	8048	10222	10365	0	376	359	381	1105	28271	28547	38773	829	19	784	45	705	765	79	19	6	66	3	784	85	784	1685	151	1534	633	151	1795513	9805	7179	524465	3780	1365	3775380	0	0	0	0	0
42718	23	0	188664	50448	63008	69582	0	2644	2542	2307	7446	181217	188357	233043	307	0	4	303	3	4	1	0	0	1	0	4	1	4	0	0	0	4	0	1984289	10112	7183	567203	3780	1365	4179822	0	0	0	0	0
20139	294	1348	29249	7878	10156	10511	0	384	375	335	1086	28163	28435	38492	814	24	773	41	697	749	76	24	7	59	6	773	83	773	1694	137	1557	636	137	2013648	10926	7956	587360	1378	1502	4234206	0	0	0	0	0
42393	30	0	188920	50492	63143	69679	0	2644	2552	2276	7420	181498	188671	233003	249	0	2	247	1	2	1	0	0	1	0	2	1	2	0	0	0	2	0	2202656	11175	7958	629779	1378	1502	4638646	0	0	0	0	0
21201	301	1439	29177	8021	10118	10386	0	334	378	328	1030	28147	28313	38513	864	19	817	47	739	798	78	19	8	67	3	817	86	817	1828	157	1671	660	157	2231941	12039	8775	651004	3206	1659	4693031	0	0	0	0	0
42219	22	0	187663	49883	63117	69131	0	2540	2582	2254	7312	180351	187386	231104	277	0	1	276	1	1	0	0	0	0	0	1	0	1	0	0	0	1	0	2419729	12318	8776	693241	3206	1659	5097472	0	0	0	0	0
19678	294	1312	29011	7976	9912	10388	0	387	348	346	1073	27938	28253	38001	758	29	712	46	628	683	84	29	3	58	7	712	87	712	1664	133	1531	579	133	2448858	13076	9488	712947	774	1792	5151846	0	0	0	0	0
42350	24	0	188715	50121	63363	69734	0	2598	2471	2306	7308	181406	188450	232187	265	0	3	262	3	3	0	0	0	0	0	3	0	3	0	0	0	3	0	2637691	13342	9491	755323	774	1792	5556287	0	0	0	0	0
20793	310	1454	29673	8189	10215	10569	0	357	359	325	1034	28639	28807	39255	866	22	804	62	734	782	70	22	7	55	2	804	77	804	1827	146	1681	658	146	2667483	14208	10295	776140	2601	1938	5610670	0	0	0	0	0
42360	28	0	187802	49791	63151	69352	0	2627	2557	2221	7348	180454	187520	231426	282	0	5	277	5	5	0	0	0	0	0	5	0	5	0	0	0	5	0	2855389	14491	10300	818528	2601	1938	6015113	0	0	0	0	0
20891	357	1413	29056	8027	10100	10285	0	363	348	293	997	28058	28224	38318	832	31	778	54	687	747	91	31	5	65	6	778	96	778	1790	152	1638	626	152	2884569	15323	11078	839446	295	2090	6069485	0	0	0	0	0
42616	24	0	188144	49839	63421	69276	0	2639	2574	2268	7413	180730	187863	232677	281	0	3	278	3	3	0	0	0	0	0	3	0	3	0	0	0	3	0	3072829	15604	11081	882093	295	2090	6473928	0	0	0	0	0
19723	301	1264	28893	7958	10001	10248	0	334	382	326	1037	27856	28104	37867	789	29	733	56	659	704	74	29	9	54	4	733	83	733	1610	127	1483	606	127	3101835	16393	11814	901838	1905	2217	6528311	0	0	0	0	0
42415	28	0	189158	50280	63411	69970	0	2588	2465	2272	7279	181877	188866	233547	292	0	8	284	8	8	0	0	0	0	0	8	0	8	0	0	0	8	0	3291104	16685	11822	944279	1905	2217	6932751	0	0	0	0	0
20649	311	1392	29200	8053	10262	10223	0	388	352	326	1057	28142	28369	38497	831	22	777	54	694	755	83	22	5	66	5	777	88	777	1746	139	1607	638	139	3320407	17516	12599	964952	3651	2356	6987124	0	0	0	0	0
42699	24	0	189155	50592	63376	69669	0	2566	2578	2293	7387	181766	188913	233495	242	1	4	238	3	3	1	1	0	0	0	4	1	4	0	0	0	4	0	3509686	17758	12603	1007671	3651	2356	7391565	0	0	0	0	0
20508	368	1387	29161	8204	10003	10352	0	360	356	315	1022	28139	28345	38452	816	29	759	57	670	730	89	29	8	68	7	759	97	759	1741	134	1607	625	134	3538975	18574	13362	1028210	1296	2490	7445950	0	0	0	0	0
43013	24	0	187985	50037	63578	68772	0	2604	2554	2314	7402	180582	187732	231762	253	0	4	249	4	4	0	0	0	0	0	4	0	4	0	0	0	4	0	3727052	18828	13366	1071247	1296	2490	7850391	0	0	0	0	0
19728	304	1352	28918	7957	9976	10258	0	362	374	345	1069	27849	28139	38020	779	14	736	43	677	722	59	14	6	51	2	736	65	736	1691	125	1566	611	125	3756079	19607	14102	1090997	2987	2615	7904763	0	0	0	0	0
42491	25	0	188820	50309	63574	69492	0	2507	2528	2301	7276	181543	188577	232770	243	0	3	240	3	3	0	0	0	0	0	3	0	3	0	0	0	3	0	3945009	19850	14105	1133525	2987	2615	8309216	0	0	0	0	0
20133	286	1391	28758	7741	10034	10253	0	374	369	332	1064	27694	27979	37946	779	22	726	53	658	704	68	22	9	55	5	726	77	726	1710	134	1576	592	134	3973900	20630	14831	1153695	601	2749	8363589	0	0	0	0	0
43037	32	0	188636	50446	63257	69435	0	2613	2502	2295	7352	181283	188371	232767	265	0	7	258	7	7	0	0	0	0	0	7	0	7	0	0	0	7	0	4162662	20896	14838	1196758	601	2749	8768029	0	0	0	0	0
19392	278	1288	28837	7952	9961	10248	0	373	360	310	1032	27802	28032	37954	805	13	750	55	681	737	69	13	4	60	2	750	73	750	1624	138	1486	612	138	4191622	21701	15588	1216172	2225	2887	8822413	0	0	0	0	0
42281	33	0	189391	50224	63651	69915	0	2621	2514	2363	7448	181941	189134	233428	257	0	1	256	1	1	0	0	0	0	0	1	0	1	0	0	0	1	0	4381125	21959	15589	1258474	2225	2887	9226855	0	0	0	0	0
20827	305	1393	29058	7912	10053	10491	0	339	369	302	1004	28053	28255	38479	803	29	747	56	666	718	81	29	11	63	6	747	92	747	1733	157	1576	590	157	4410310	22763	16336	1279324	3958	3044	9281228	0	0	0	0	0
42526	27	0	189504	50101	63657	70143	0	2565	2591	2346	7427	182077	189246	233594	258	0	1	257	1	1	0	0	0	0	0	1	0	1	0	0	0	1	0	4599933	23021	16337	1321869	3958	3044	9685669	0	0	0	0	0
20044	305	1392	29059	8004	10097	10266	0	351	360	335	1039	28020	28283	38249	776	28	728	48	650	700	78	28	8	58	4	728	86	728	1732	134	1598	594	134	4629111	23797	17065	1341935	1594	3178	9740053	0	0	0	0	0
42107	25	0	188009	50123	63115	69335	0	2514	2563	2301	7308	180700	187727	232177	282	0	4	278	4	4	0	0	0	0	0	4	0	4	0	0	0	4	0	4817230	24079	17069	1384067	1594	3178	10144495	0	0	0	0	0
21073	345	1509	29046	7990	10104	10245	0	382	372	318	1055	27988	28195	38420	851	25	798	53	714	773	84	25	8	67	3	798	92	798	1850	140	1710	658	140	4846478	24930	17867	1405187	3444	3318	10198867	0	0	0	0	0
42302	19	0	187726	50321	62921	68999	0	2587	2544	2310	7381	180342	187475	231622	251	0	2	249	2	2	0	0	0	0	0	2	0	2	0	0	0	2	0	5034327	25182	17869	1447506	3444	3318	10603309	0	0	0	0	0
20147	333	1338	29183	8051	10120	10355	0	344	333	323	990	28192	28327	38412	856	23	801	55	727	778	74	23	9	60	5	801	83	801	1695	145	1550	656	145	5063607	26038	18670	1467679	1043	3463	10657693	0	0	0	0	0
42486	17	0	188560	50475	62768	69763	0	2611	2545	2301	7404	181153	188292	232504	268	0	3	265	3	3	0	0	0	0	0	3	0	3	0	0	0	3	0	5252276	26307	18673	1510200	1043	3463	11062134	0	0	0	0	0
19921	301	1379	28798	7942	9912	10263	0	349	365	314	1016	27782	28060	37755	738	20	691	47	621	671	70	20	5	55	3	691	75	691	1704	144	1560	547	144	5281198	27045	19364	1530148	2747	3607	11116506	0	0	0	0	0
42490	27	0	188816	50174	63552	69523	0	2586	2648	2309	7467	181345	188556	233048	260	0	6	254	6	6	0	0	0	0	0	6	0	6	0	0	0	6	0	5470128	27305	19370	1572662	2747	3607	11520959	0	0	0	0	0
20330	306	1351	29486	8126	10076	10561	0	382	369	342	1081	28402	28696	38938	790	27	743	47	657	716	86	27	6	65	8	743	92	743	1716	148	1568	595	148	5499735	28095	20113	1593014	367	3755	11575332	0	0	0	0	0
42411	28	0	189648	50694	63877	69591	0	2515	2643	2255	7347	182301	189413	233981	235	0	5	230	5	5	0	0	0	0	0	5	0	5	0	0	0	5	0	5689501	28330	20118	1635450	367	3755	11979772	0	0	0	0	0
21548	343	1459	29256	8100	10140	10306	0	384	369	357	1102	28153	28368	38812	888	16	838	50	765	822	73	16	4	61	3	838	77	838	1835	135	1700	703	135	5718871	29218	20956	1657024	2202	3890	12034145	0	0	0	0	0
42534	26	0	188100	50145	63121	69305	0	2621	2581	2283	7425	180674	187850	231960	250	0	5	245	4	5	1	0	0	1	0	5	1	5	0	0	0	5	0	5907097	29468	20961	1699581	2202	3890	12438598	0	0	0	0	0
21142	349	1419	29356	8059	10166	10529	0	336	331	304	960	28395	28492	38850	864	27	820	44	744	793	76	27	8	57	7	820	84	820	1759	140	1619	680	140	5936577	30332	21781	1720758	3961	4030	12492971	0	0	0	0	0
42769	28	0	188606	50318	63153	69596	0	2552	2520	2379	7392	181214	188319	232792	287	1	4	283	4	3	0	1	1	0	0	4	1	4	0	0	0	4	0	6125281	30619	21785	1763557	3961	4030	12897422	0	0	0	0	0

processed_m4599_ME11_HV0_test40_SRCoff_170717_090138_TMBCounters.txt																																													
alct0 valid pattern flag received	alct1 valid pattern flag received	raw hits readout   	Pretrigger   	Pretrigger on CFEB0	Pretrigger on CFEB1	Pretrigger on CFEB2	Pretrigger on CFEB3	Pretrigger on CFEB4	Pretrigger on CFEB5	Pretrigger on CFEB6	Pretrigger on ME1A CFEB 4-6 only	Pretrigger on ME1B CFEBs 0-3 only	Discarded, CLCT0 invalid pattern after drift	BX pretrig waiting for triads to dissipate	clct0 sent to TMB matching section	clct1 sent to TMB matching section	TMB accepted alct	TMB match reject event  	Matching found one ALCT	Matching found one CLCT	Matching found two ALCTs	Matching found two CLCTs	ALCT0 copied into ALCT1 to make 2nd LCT	CLCT0 copied into CLCT1 to make 2nd LCT	LCT1 has higher quality than LCT0 	Transmitted LCT0 to MPC	Transmitted LCT1 to MPC	MPC rejected both LCT0 and LCT1	L1A received   	L1A received, TMB in L1A window	L1A received, no TMB in window	TMB triggered, no L1A in window	TMB readouts completed	Pretrigger counter   	CLCT counter   	TMB trigger counter	ALCTs received counter	L1As received counter 	Readout counter 	Orbit counter	CLCT pre-trigger and ALCT coincidence counter	CFEB0 active flag sent to DMB for readout	CFEB1 active flag sent to DMB for readout	CFEB2 active flag sent to DMB for readout	CFEB3 active flag sent to DMB for readout
33455	686	2624	76987	23668	23861	27290	0	1291	1123	1115	3479	73505	59886	129635	17101	364	16966	135	16433	16603	533	363	130	300	77	16966	663	16966	2633	2493	140	14473	2493	130741	17204	16968	42312	2633	2493	104813	0	0	0	0	0
70751	48	0	430994	119990	132389	160333	0	8154	7105	6968	22055	408928	430150	534113	844	0	30	814	28	30	2	0	0	2	0	30	2	30	0	0	0	30	0	562000	18048	16998	113101	2633	2493	509254	0	0	0	0	0
30375	633	2425	74502	22729	23207	26375	0	1281	1138	1092	3467	71029	59420	122046	15082	315	14962	120	14455	14647	507	315	115	307	62	14962	622	14962	2429	2277	152	12685	2277	636777	33130	31960	143518	966	674	563627	0	0	0	0	0
70552	45	0	431354	118959	132306	161530	0	8208	7339	6865	22243	409099	430455	534300	899	2	37	862	34	35	3	2	0	1	1	37	3	37	0	0	0	37	0	1068410	34031	31997	214124	966	674	968078	0	0	0	0	0
33132	682	2640	76918	23638	24036	27152	0	1263	1145	1104	3449	73456	60061	128940	16857	386	16717	140	16182	16331	535	386	146	295	74	16717	681	16717	2646	2466	180	14251	2466	1145594	50888	48714	247296	3612	3140	1022452	0	0	0	0	0
70835	54	0	431339	119498	132616	161081	0	8140	7257	6761	21984	409351	430469	534154	870	1	34	836	34	34	0	0	0	0	0	34	0	34	0	0	0	34	0	1577170	51759	48748	318181	3612	3140	1426893	0	0	0	0	0
31547	680	2504	75502	23574	23418	26396	0	1235	1110	1130	3431	72060	59409	125507	16093	338	15941	152	15389	15603	552	338	113	327	67	15941	665	15941	2510	2372	138	13569	2372	1652926	67852	64689	349783	2026	1416	1481277	0	0	0	0	0
70562	48	0	432001	120051	132758	160733	0	8162	7260	7034	22281	409717	431131	534374	870	0	36	834	35	36	1	0	0	1	0	36	1	36	0	0	0	36	0	2085181	68723	64725	420387	2026	1416	1885719	0	0	0	0	0
31424	647	2465	75217	23265	23393	26464	0	1247	1176	1034	3407	71803	59416	124675	15801	334	15659	142	15132	15325	527	334	119	312	62	15659	646	15659	2473	2340	133	13319	2340	2160672	84524	80384	451857	403	3756	1940091	0	0	0	0	0
71046	43	0	430237	119095	132516	160387	0	8052	7253	6860	21988	408241	429434	532668	803	1	27	776	26	26	1	1	1	1	0	27	2	27	0	0	0	27	0	2591160	85327	80411	522960	403	3756	2344532	0	0	0	0	0
32095	635	2524	75647	23258	23619	26668	0	1213	1165	1103	3423	72213	59501	126094	16146	363	16004	142	15492	15641	512	363	122	271	70	16004	634	16004	2532	2380	152	13624	2380	2667072	101473	96415	555095	2935	2040	2398916	0	0	0	0	0
70839	38	0	431195	119045	133084	160813	0	8110	7257	6853	22057	409130	430355	533901	840	0	25	815	24	25	1	0	0	1	0	25	1	25	0	0	0	25	0	3098512	102313	96440	625975	2935	2040	2803369	0	0	0	0	0
31525	596	2434	75319	23181	23417	26409	0	1292	1151	1176	3564	71751	59455	124694	15864	318	15702	162	15239	15384	463	318	125	270	62	15702	588	15702	2441	2286	155	13416	2286	3174077	118178	112142	657553	1280	230	2857730	0	0	0	0	0
70794	58	0	431618	119624	132531	161479	0	8125	7190	6725	21860	409749	430777	534206	841	1	34	807	29	33	5	1	0	4	1	34	5	34	0	0	0	34	0	3605934	119019	112176	728401	1280	230	3262189	0	0	0	0	0
31826	690	2481	75625	23471	23421	26555	0	1241	1146	1128	3470	72147	59712	125850	15913	378	15791	122	15255	15414	536	377	122	281	81	15791	658	15791	2486	2337	149	13454	2337	3681820	134932	127967	760264	3766	2567	3316556	0	0	0	0	0
70576	60	0	430136	118684	132361	161060	0	8098	7158	6837	21927	408201	429295	532564	841	0	29	812	24	29	5	0	0	5	0	29	5	29	0	0	0	29	0	4112230	135773	127996	830885	3766	2567	3721010	0	0	0	0	0
34216	713	2746	77693	24293	24312	26962	0	1261	1164	1131	3507	74176	59788	131563	17905	401	17772	133	17181	17371	591	401	135	325	90	17772	726	17772	2754	2598	156	15174	2598	4190177	153678	145768	865142	2424	1069	3775381	0	0	0	0	0
71494	61	0	431163	119644	132909	160760	0	7928	7280	6733	21780	409377	430237	533981	926	0	40	886	38	40	2	0	0	2	0	40	2	40	0	0	0	40	0	4621569	154605	145809	936680	2424	1069	4179823	0	0	0	0	0
30653	660	2314	74569	23070	23277	26147	0	1212	1136	1091	3390	71170	59344	122692	15225	343	15086	139	14576	14743	510	343	114	281	51	15086	624	15086	2319	2191	128	12895	2191	4696395	169831	160895	967391	647	3260	4234195	0	0	0	0	0
70655	71	0	431019	119264	132754	160541	0	8209	7370	6887	22291	408722	430151	533928	868	0	40	828	38	40	2	0	0	2	0	40	2	40	0	0	0	40	0	5127692	170699	160935	1038085	647	3260	4638636	0	0	0	0	0
30745	591	2275	74295	22949	23261	25921	0	1147	1163	1138	3416	70876	59190	122101	15105	310	14972	133	14511	14662	461	310	118	269	57	14972	579	14972	2284	2130	154	12842	2130	5202280	185806	175908	1068883	2931	1294	4693009	0	0	0	0	0
70798	43	0	429785	119430	131828	160152	0	8210	7145	6969	22154	407621	428948	532676	837	0	27	810	27	27	0	0	0	0	0	27	0	27	0	0	0	27	0	5632319	186643	175935	1139735	2931	1294	5097460	0	0	0	0	0
30057	652	2261	74377	22871	23281	26110	0	1269	1106	1053	3388	70982	59735	121234	14642	348	14511	131	13988	14163	523	348	132	307	70	14511	655	14511	2268	2124	144	12387	2124	5706952	201285	190446	1169835	1103	3418	5151834	0	0	0	0	0
71076	48	0	431149	119303	132861	160652	0	8190	7304	6945	22267	408869	430299	534115	850	0	25	825	25	25	0	0	0	0	0	25	0	25	0	0	0	25	0	6138357	202137	190471	1240946	1103	3418	5556275	0	0	0	0	0
30923	615	2325	74737	22979	23312	26199	0	1281	1167	1129	3524	71204	59466	123007	15271	316	15119	152	14625	14803	494	316	100	278	65	15119	594	15119	2333	2185	148	12934	2185	6213345	217408	205590	1271920	3436	1507	5610648	0	0	0	0	0
70650	51	0	430999	119327	132575	160982	0	8076	7261	6839	22010	408984	430127	533229	872	0	37	835	36	37	1	0	0	1	0	37	1	37	0	0	0	37	0	6644606	218280	205627	1342606	3436	1507	6015101	0	0	0	0	0
28917	540	2153	73223	22499	22541	25978	0	1235	1128	1050	3374	69841	59286	118317	13937	278	13795	142	13366	13517	429	278	107	258	58	13795	536	13795	2155	2036	119	11759	2036	6718083	232217	219422	1371569	1495	3543	6069473	0	0	0	0	0
70998	53	0	431242	119488	132338	160944	0	8146	7428	6925	22338	408898	430322	533826	920	2	33	887	32	31	1	2	1	0	0	33	2	33	0	0	0	33	0	7149582	233137	219455	1442604	1495	3543	6473914	0	0	0	0	0
29721	604	2214	73766	22685	22952	25896	0	1222	1181	1085	3444	70314	59302	120355	14464	312	14304	160	13816	13992	488	312	111	287	62	14304	599	14304	2217	2083	134	12221	2083	7223605	247601	233759	1472367	3712	1530	6528290	0	0	0	0	0
70696	47	0	430565	119197	132818	160414	0	8116	7155	6808	21929	408628	429679	533281	886	0	26	860	26	26	0	0	0	0	0	26	0	26	0	0	0	26	0	7654443	248488	233785	1543107	3712	1530	6932740	0	0	0	0	0
32070	696	2566	75850	23286	23687	26665	0	1317	1140	1145	3553	72294	59626	126115	16224	355	16076	148	15522	15721	554	355	124	323	59	16076	678	16076	2571	2411	160	13665	2411	7730559	264712	249861	1575207	2187	3941	6987112	0	0	0	0	0
70754	49	0	430225	118907	131908	160938	0	8394	7269	6797	22288	407929	429364	532764	861	2	37	824	33	35	4	2	1	3	0	37	5	37	0	0	0	37	0	8161021	265573	249898	1645998	2187	3941	7391553	0	0	0	0	0

processed_m4601_ME11_HV0_test40_SRCoff_170717_093853_TMBCounters.txt																																													
alct0 valid pattern flag received	alct1 valid pattern flag received	raw hits readout   	Pretrigger   	Pretrigger on CFEB0	Pretrigger on CFEB1	Pretrigger on CFEB2	Pretrigger on CFEB3	Pretrigger on CFEB4	Pretrigger on CFEB5	Pretrigger on CFEB6	Pretrigger on ME1A CFEB 4-6 only	Pretrigger on ME1B CFEBs 0-3 only	Discarded, CLCT0 invalid pattern after drift	BX pretrig waiting for triads to dissipate	clct0 sent to TMB matching section	clct1 sent to TMB matching section	TMB accepted alct	TMB match reject event  	Matching found one ALCT	Matching found one CLCT	Matching found two ALCTs	Matching found two CLCTs	ALCT0 copied into ALCT1 to make 2nd LCT	CLCT0 copied into CLCT1 to make 2nd LCT	LCT1 has higher quality than LCT0 	Transmitted LCT0 to MPC	Transmitted LCT1 to MPC	MPC rejected both LCT0 and LCT1	L1A received   	L1A received, TMB in L1A window	L1A received, no TMB in window	TMB triggered, no L1A in window	TMB readouts completed	Pretrigger counter   	CLCT counter   	TMB trigger counter	ALCTs received counter	L1As received counter 	Readout counter 	Orbit counter	CLCT pre-trigger and ALCT coincidence counter	CFEB0 active flag sent to DMB for readout	CFEB1 active flag sent to DMB for readout	CFEB2 active flag sent to DMB for readout	CFEB3 active flag sent to DMB for readout
38808	902	3354	84374	26733	26221	29213	0	1417	1331	1257	3948	80414	62523	148281	21851	513	21671	180	20927	21158	744	513	174	405	118	21671	918	21671	3362	3269	93	18402	3269	141000	21970	21675	48384	3362	3269	104824	0	0	0	0	0
27736	21	0	166163	46190	50354	62341	0	3248	2754	2743	8669	157492	165807	205747	356	0	16	340	16	16	0	0	0	0	0	16	0	16	0	0	0	16	0	307439	22326	21691	76158	3362	3269	252863	0	0	0	0	0
38731	893	3313	83908	26527	25934	29276	0	1375	1288	1215	3809	80080	62205	147141	21703	519	21542	161	20804	21023	738	519	181	400	98	21542	919	21542	3319	3232	87	18310	3232	391630	44030	43233	114932	2585	2405	307236	0	0	0	0	0
28436	22	0	166702	46478	50666	62217	0	3329	2785	2764	8790	157910	166370	206541	332	1	19	313	16	18	3	1	0	2	0	19	3	19	0	0	0	19	0	558593	44363	43252	143420	2585	2405	455286	0	0	0	0	0
38705	867	3147	83473	26454	25915	29007	0	1355	1202	1209	3715	79749	61907	146450	21566	488	21405	161	20693	20918	712	487	164	389	94	21405	876	21405	3155	3082	73	18323	3082	642318	65929	64657	182162	1644	1391	509659	0	0	0	0	0
27702	23	0	166314	46207	50405	62386	0	3373	2822	2679	8797	157513	165966	206014	348	0	11	337	11	11	0	0	0	0	0	11	0	11	0	0	0	11	0	808909	66279	64668	209906	1644	1391	657709	0	0	0	0	0
38345	896	3115	83728	26315	25996	29197	0	1403	1284	1189	3824	79893	62144	146577	21584	496	21408	176	20656	20912	752	496	154	410	95	21408	906	21408	3123	3055	68	18353	3055	892918	87863	86076	248302	671	350	712082	0	0	0	0	0
27938	15	0	165583	46020	50430	61806	0	3287	2817	2761	8797	156785	165240	205410	343	0	15	328	14	15	1	0	0	1	0	15	1	15	0	0	0	15	0	1058740	88206	86091	276296	671	350	860132	0	0	0	0	0
39304	910	3239	84053	26487	26136	29143	0	1499	1290	1205	3925	80119	61797	148635	22256	515	22079	177	21335	21564	744	515	185	414	86	22079	929	22079	3252	3174	78	18905	3174	1143036	110462	108170	315647	3923	3524	914505	0	0	0	0	0
28105	19	0	165573	45987	50340	61930	0	3352	2759	2703	8753	156818	165227	204930	346	0	5	341	5	5	0	0	0	0	0	5	0	5	0	0	0	5	0	1308870	110808	108175	343782	3923	3524	1062555	0	0	0	0	0
38613	893	3125	83694	26303	26020	29059	0	1431	1292	1255	3909	79766	61962	147075	21732	521	21589	143	20841	21068	748	521	168	395	92	21589	916	21589	3134	3056	78	18533	3056	1392823	132540	129764	382429	2961	2484	1116928	0	0	0	0	0
28175	29	0	166222	45905	50795	62263	0	3304	2765	2748	8745	157475	165861	206039	361	1	15	346	15	14	0	1	1	0	0	15	1	15	0	0	0	15	0	1559316	132904	129779	410652	2961	2484	1264966	0	0	0	0	0
39689	869	3241	84594	26852	26342	29306	0	1413	1235	1212	3800	80779	62262	149518	22332	506	22179	153	21465	21673	714	506	188	396	89	22179	902	22179	3251	3164	87	19015	3164	1644169	155236	151958	450387	2116	1552	1319351	0	0	0	0	0
27908	28	0	166546	46424	50505	62088	0	3307	2948	2721	8902	157644	166208	206454	338	0	14	324	13	14	1	0	0	1	0	14	1	14	0	0	0	14	0	1811010	155574	151972	478333	2116	1552	1467389	0	0	0	0	0
39456	842	3257	84401	26802	26176	29240	0	1412	1286	1220	3866	80528	62095	149171	22306	550	22128	178	21439	21578	689	550	202	341	107	22128	891	22128	3267	3181	86	18947	3181	1895654	177880	174100	517834	1287	637	1521763	0	0	0	0	0
28081	21	0	166029	46495	50443	61712	0	3359	2795	2711	8799	157230	165703	205601	326	0	17	309	16	17	1	0	0	1	0	17	1	17	0	0	0	17	0	2061950	178206	174117	545971	1287	637	1669812	0	0	0	0	0
40541	881	3410	85449	27308	26474	29498	0	1450	1275	1268	3922	81516	62413	151799	23036	498	22890	146	22171	22392	719	498	172	393	102	22890	891	22890	3415	3343	72	19547	3343	2147686	201243	197007	586566	606	3980	1724186	0	0	0	0	0
27910	17	0	167303	46461	50602	62909	0	3297	2765	2801	8796	158505	166972	207286	331	0	10	321	9	10	1	0	0	1	0	10	1	10	0	0	0	10	0	2315299	201574	197017	614524	606	3980	1872235	0	0	0	0	0
39236	901	3255	84232	26577	26208	29210	0	1423	1332	1220	3914	80310	61904	148970	22328	523	22167	161	21420	21644	747	523	181	405	104	22167	928	22167	3261	3190	71	18977	3190	2399805	223902	219184	653805	3867	3074	1926609	0	0	0	0	0
27990	23	0	167065	46568	50792	62454	0	3273	2853	2744	8792	158270	166738	207147	327	0	24	303	24	24	0	0	0	0	0	24	0	24	0	0	0	24	0	2567120	224230	219208	681836	3867	3074	2074658	0	0	0	0	0
40496	924	3280	84962	26949	26278	29531	0	1416	1290	1224	3866	81086	61933	151020	23029	520	22857	172	22076	22337	781	520	169	430	105	22857	950	22857	3290	3223	67	19634	3223	2652336	247259	242065	722383	3061	2201	2129031	0	0	0	0	0
28045	19	0	166550	46386	50527	62213	0	3352	2780	2836	8902	157644	166207	206347	343	1	15	328	15	14	0	1	1	0	1	15	1	15	0	0	0	15	0	2819138	247603	242080	750481	3061	2201	2277070	0	0	0	0	0
39723	903	3248	84755	26893	26179	29478	0	1447	1272	1268	3931	80816	62209	150181	22546	546	22392	154	21636	21846	756	546	193	403	95	22392	949	22392	3251	3177	74	19215	3177	2904201	270149	264472	790248	2216	1282	2331454	0	0	0	0	0
27962	20	0	166219	46283	50428	62173	0	3281	2886	2681	8780	157431	165868	205788	351	0	16	335	16	16	0	0	0	0	0	16	0	16	0	0	0	16	0	3070713	270500	264488	818263	2216	1282	2479493	0	0	0	0	0

processed_m4603_ME11_HV0_test40_SRCoff_170717_095514_TMBCounters.txt																																													
alct0 valid pattern flag received	alct1 valid pattern flag received	raw hits readout   	Pretrigger   	Pretrigger on CFEB0	Pretrigger on CFEB1	Pretrigger on CFEB2	Pretrigger on CFEB3	Pretrigger on CFEB4	Pretrigger on CFEB5	Pretrigger on CFEB6	Pretrigger on ME1A CFEB 4-6 only	Pretrigger on ME1B CFEBs 0-3 only	Discarded, CLCT0 invalid pattern after drift	BX pretrig waiting for triads to dissipate	clct0 sent to TMB matching section	clct1 sent to TMB matching section	TMB accepted alct	TMB match reject event  	Matching found one ALCT	Matching found one CLCT	Matching found two ALCTs	Matching found two CLCTs	ALCT0 copied into ALCT1 to make 2nd LCT	CLCT0 copied into CLCT1 to make 2nd LCT	LCT1 has higher quality than LCT0 	Transmitted LCT0 to MPC	Transmitted LCT1 to MPC	MPC rejected both LCT0 and LCT1	L1A received   	L1A received, TMB in L1A window	L1A received, no TMB in window	TMB triggered, no L1A in window	TMB readouts completed	Pretrigger counter   	CLCT counter   	TMB trigger counter	ALCTs received counter	L1As received counter 	Readout counter 	Orbit counter	CLCT pre-trigger and ALCT coincidence counter	CFEB0 active flag sent to DMB for readout	CFEB1 active flag sent to DMB for readout	CFEB2 active flag sent to DMB for readout	CFEB3 active flag sent to DMB for readout
39704	905	3210	85852	26927	26575	30027	0	1525	1363	1244	4064	81766	63526	150738	22326	561	22140	186	21374	21579	766	561	187	392	112	22140	953	22140	3213	3164	49	18976	3164	143776	22458	22145	49934	3213	3164	104812	0	0	0	0	0
30261	26	0	169653	47376	51161	63379	0	3561	2898	2720	9109	160541	169340	210202	313	0	12	301	12	12	0	0	0	0	0	12	0	12	0	0	0	12	0	313698	22771	22157	80246	3213	3164	252841	0	0	0	0	0
38322	832	2983	84159	26851	25743	29313	0	1515	1296	1216	3963	80180	62954	146251	21205	511	21033	172	20311	20522	722	511	172	383	81	21033	894	21033	2994	2946	48	18087	2946	398167	43976	43190	118624	2111	2014	307235	0	0	0	0	0
30130	22	0	170310	47514	51433	63610	0	3498	3003	2901	9316	160987	169942	210974	368	0	15	353	14	15	1	0	0	1	0	15	1	15	0	0	0	15	0	568797	44344	43205	148795	2111	2014	455264	0	0	0	0	0
39596	849	3140	85370	26682	26333	30047	0	1538	1371	1235	4075	81276	63058	150031	22312	530	22153	159	21436	21623	717	530	188	375	76	22153	905	22153	3153	3108	45	19045	3108	654486	66658	65358	188444	1168	1026	509639	0	0	0	0	0
30240	22	0	170043	47272	51614	63502	0	3540	2897	2793	9166	160874	169724	210883	319	0	10	309	10	10	0	0	0	0	0	10	0	10	0	0	0	10	0	824821	66977	65368	218736	1168	1026	657686	0	0	0	0	0
39424	884	3089	85463	27060	26161	29882	0	1519	1332	1302	4089	81362	63393	149638	22070	548	21898	172	21182	21350	716	548	187	355	95	21898	903	21898	3094	3052	42	18846	3052	910605	89048	87267	258199	166	4078	712059	0	0	0	0	0
30184	23	0	170013	47520	51314	63481	0	3487	2996	2785	9196	160814	169676	210389	337	0	15	322	15	15	0	0	0	0	0	15	0	15	0	0	0	15	0	1080900	89385	87282	288433	166	4078	860121	0	0	0	0	0
40453	848	3270	86298	27317	26585	30134	0	1507	1301	1288	4030	82261	63406	151937	22892	505	22721	171	22010	22216	711	505	168	374	97	22721	879	22721	3279	3218	61	19503	3218	1167464	112278	110003	328944	3445	3200	914493	0	0	0	0	0
29946	21	0	169867	47696	51300	63199	0	3518	2899	2833	9189	160677	169539	210691	328	0	15	313	15	15	0	0	0	0	0	15	0	15	0	0	0	15	0	1337628	112606	110018	358939	3445	3200	1062531	0	0	0	0	0
38716	838	3077	84485	26778	26075	29423	0	1460	1323	1196	3918	80547	63029	147434	21456	510	21290	166	20584	20780	706	510	190	386	95	21290	896	21290	3081	3038	43	18252	3038	1422395	134062	131308	397701	2430	2142	1116905	0	0	0	0	0
30151	37	0	170227	47696	51300	63391	0	3608	2933	2891	9351	160870	169874	210872	353	0	16	337	14	16	2	0	0	2	0	16	2	16	0	0	0	16	0	1592888	134415	131324	427895	2430	2142	1264954	0	0	0	0	0
39804	877	3190	85825	27303	26475	29783	0	1524	1305	1254	4024	81791	63334	150944	22491	573	22334	157	21608	21761	726	573	205	358	117	22334	931	22334	3199	3152	47	19182	3152	1678989	156906	153658	467750	1533	1198	1319328	0	0	0	0	0
30242	21	0	170197	47224	51266	63893	0	3489	2970	2844	9225	160967	169865	211025	332	0	10	322	10	10	0	0	0	0	0	10	0	10	0	0	0	10	0	1849456	157238	153668	498043	1533	1198	1467366	0	0	0	0	0
39706	869	3121	85716	27255	26294	29775	0	1479	1340	1331	4082	81617	63349	150395	22367	528	22176	191	21455	21648	721	528	173	366	101	22176	894	22176	3132	3081	51	19095	3081	1935447	179606	175844	537801	569	183	1521751	0	0	0	0	0
29940	22	0	169543	47247	51117	63440	0	3416	2955	2888	9182	160357	169174	209646	369	0	16	353	16	16	0	0	0	0	0	16	0	16	0	0	0	16	0	2105299	179975	175860	567797	569	183	1669789	0	0	0	0	0
39753	842	3147	85727	26863	26675	29776	0	1575	1342	1250	4103	81608	63267	150675	22460	518	22288	172	21582	21770	706	518	191	379	91	22288	897	22288	3160	3109	51	19179	3109	2191327	202435	198148	607599	3729	3292	1724162	0	0	0	0	0
30267	21	0	170069	47523	51159	63833	0	3413	2949	2743	9034	161033	169703	210979	366	0	12	354	11	12	1	0	0	1	0	12	1	12	0	0	0	12	0	2361703	202802	198160	637914	3729	3292	1872212	0	0	0	0	0
39843	840	3092	85788	27044	26432	30058	0	1498	1252	1331	4007	81763	63467	150464	22321	524	22146	175	21422	21622	724	524	172	372	112	22146	896	22146	3099	3052	47	19094	3052	2447823	225123	220306	677806	2732	2248	1926585	0	0	0	0	0
30314	27	0	170147	47611	51608	63271	0	3451	2889	2842	9117	161027	169760	211285	387	0	14	373	14	14	0	0	0	0	0	14	0	14	0	0	0	14	0	2618255	225510	220320	708184	2732	2248	2074635	0	0	0	0	0
39045	895	3177	85226	26874	26375	29642	0	1477	1309	1334	4049	81168	63295	149171	21931	537	21769	162	21024	21233	745	536	207	416	102	21769	952	21769	3186	3140	46	18629	3140	2703796	247441	242089	747277	1822	1292	2129008	0	0	0	0	0
29800	22	0	169961	47449	51318	63391	0	3408	2981	2907	9228	160728	169575	210675	386	0	12	374	11	12	1	0	0	1	0	12	1	12	0	0	0	12	0	2874022	247828	242101	777131	1822	1292	2277058	0	0	0	0	0
39910	836	3163	85361	27228	26223	29664	0	1482	1333	1243	3981	81363	62790	150742	22571	521	22419	152	21725	21898	694	521	187	360	95	22419	881	22419	3173	3119	54	19300	3119	2959680	270400	264520	817086	899	315	2331431	0	0	0	0	0
30100	30	0	170337	47533	51272	63624	0	3468	3017	2926	9342	160993	169967	211008	370	0	16	354	16	16	0	0	0	0	0	16	0	16	0	0	0	16	0	3130332	270770	264536	847232	899	315	2479470	0	0	0	0	0

processed_m4605_ME11_HV0_test40_SRCoff_170717_102918_TMBCounters.txt																																													
alct0 valid pattern flag received	alct1 valid pattern flag received	raw hits readout   	Pretrigger   	Pretrigger on CFEB0	Pretrigger on CFEB1	Pretrigger on CFEB2	Pretrigger on CFEB3	Pretrigger on CFEB4	Pretrigger on CFEB5	Pretrigger on CFEB6	Pretrigger on ME1A CFEB 4-6 only	Pretrigger on ME1B CFEBs 0-3 only	Discarded, CLCT0 invalid pattern after drift	BX pretrig waiting for triads to dissipate	clct0 sent to TMB matching section	clct1 sent to TMB matching section	TMB accepted alct	TMB match reject event  	Matching found one ALCT	Matching found one CLCT	Matching found two ALCTs	Matching found two CLCTs	ALCT0 copied into ALCT1 to make 2nd LCT	CLCT0 copied into CLCT1 to make 2nd LCT	LCT1 has higher quality than LCT0 	Transmitted LCT0 to MPC	Transmitted LCT1 to MPC	MPC rejected both LCT0 and LCT1	L1A received   	L1A received, TMB in L1A window	L1A received, no TMB in window	TMB triggered, no L1A in window	TMB readouts completed	Pretrigger counter   	CLCT counter   	TMB trigger counter	ALCTs received counter	L1As received counter 	Readout counter 	Orbit counter	CLCT pre-trigger and ALCT coincidence counter	CFEB0 active flag sent to DMB for readout	CFEB1 active flag sent to DMB for readout	CFEB2 active flag sent to DMB for readout	CFEB3 active flag sent to DMB for readout
41541	889	3403	88405	27860	27525	30776	0	1479	1306	1269	4004	84386	65094	155398	23311	564	23152	159	22397	22588	755	564	205	396	93	23152	960	23152	3409	3364	45	19788	3364	147241	23440	23160	52876	3409	3364	104801	0	0	0	0	0
32263	30	0	173462	48274	52563	64752	0	3523	3019	2882	9358	164101	173076	215082	386	0	19	367	18	19	1	0	0	1	0	19	1	19	0	0	0	19	0	320985	23827	23179	85189	3409	3364	252841	0	0	0	0	0
42609	948	3513	88745	28493	27360	30761	0	1540	1379	1274	4114	84617	64638	157279	24107	585	23968	139	23189	23383	779	585	215	409	110	23968	994	23968	3520	3471	49	20497	3471	410005	47935	47147	127855	2833	2739	307226	0	0	0	0	0
32254	39	0	173109	48329	52104	64671	0	3723	2846	2947	9446	163659	172765	214656	344	0	26	318	23	26	3	0	0	3	0	26	3	26	0	0	0	26	0	583382	48279	47173	160158	2833	2739	455264	0	0	0	0	0
42099	890	3353	88048	27980	27004	30688	0	1588	1388	1321	4222	83818	64443	155444	23605	560	23442	163	22691	22882	751	560	192	383	95	23442	943	23442	3360	3317	43	20125	3317	671709	71885	70615	202302	2097	1960	509649	0	0	0	0	0
32249	33	0	173978	48374	52543	65076	0	3630	3067	2872	9501	164472	173598	215759	380	0	18	362	16	18	2	0	0	2	0	18	2	18	0	0	0	18	0	845974	72266	70633	234617	2097	1960	657686	0	0	0	0	0
42704	928	3444	88415	28453	27227	30411	0	1539	1359	1371	4193	84201	64140	157648	24275	589	24082	193	23298	23493	784	589	204	399	109	24082	988	24082	3453	3414	39	20668	3414	934715	96541	94715	277376	1454	1278	712059	0	0	0	0	0
32405	25	0	173003	48136	52055	65042	0	3514	2978	2781	9208	163793	172659	214639	344	1	15	329	14	14	1	1	1	1	0	15	2	15	0	0	0	15	0	1108010	96886	94730	309832	1454	1278	860109	0	0	0	0	0
42360	983	3371	88301	28303	27217	30502	0	1501	1340	1357	4132	84155	64316	156794	23985	596	23806	179	22972	23210	834	596	205	443	105	23806	1039	23806	3379	3346	33	20460	3346	1196591	120871	118536	352236	737	528	914482	0	0	0	0	0
32256	34	0	173428	48327	52442	64817	0	3544	2960	2900	9341	164084	173037	215427	391	0	16	375	15	16	1	0	0	1	0	16	1	16	0	0	0	16	0	1370278	121264	118552	384546	737	528	1062533	0	0	0	0	0
42055	918	3456	87595	27795	27032	30431	0	1490	1335	1342	4098	83483	64078	154865	23517	555	23332	185	22569	22777	763	555	199	407	104	23332	962	23332	3462	3420	42	19912	3420	1458155	144781	141884	426661	103	3948	1116906	0	0	0	0	0
32408	23	0	173430	48285	52747	64565	0	3600	2961	2855	9359	164068	173046	214944	384	0	18	366	18	18	0	0	0	0	0	18	0	18	0	0	0	18	0	1631869	145166	141902	459129	103	3948	1264943	0	0	0	0	0
42822	960	3490	88553	28303	27196	30784	0	1548	1328	1320	4144	84401	64161	157852	24392	643	24223	169	23388	23580	835	643	226	418	115	24223	1061	24223	3503	3455	48	20768	3455	1720708	169558	166125	502000	3606	3307	1319328	0	0	0	0	0
32333	34	0	172782	48405	52226	64406	0	3504	2948	2852	9243	163535	172428	214579	354	1	25	329	23	24	2	1	0	1	0	25	2	25	0	0	0	25	0	1893784	169912	166150	534399	3606	3307	1467366	0	0	0	0	0
41665	971	3491	87713	27921	27060	30459	0	1540	1331	1334	4151	83551	64247	154978	23466	584	23290	176	22474	22706	816	584	194	426	87	23290	1010	23290	3499	3450	49	19840	3450	1981754	193378	189440	576122	3009	2661	1521751	0	0	0	0	0
32169	35	0	173331	48242	52690	64571	0	3672	2959	2795	9355	163973	172964	215058	367	0	10	357	10	10	0	0	0	0	0	10	0	10	0	0	0	10	0	2155347	193745	189450	608338	3009	2661	1669789	0	0	0	0	0
42955	968	3558	89111	28342	27460	31115	0	1497	1429	1247	4110	84987	64743	158254	24368	609	24195	173	23385	23586	810	609	219	420	112	24195	1029	24195	3568	3513	55	20682	3513	2244711	218114	213645	651341	2481	2078	1724162	0	0	0	0	0
32343	28	0	173735	48303	52552	65057	0	3475	3025	2892	9320	164411	173336	215431	399	1	24	375	23	23	1	1	0	0	0	24	1	24	0	0	0	24	0	2418726	218514	213669	683737	2481	2078	1872214	0	0	0	0	0
42679	925	3414	88472	28286	27344	30808	0	1529	1321	1196	3977	84479	64383	157141	24089	537	23935	154	23173	23398	762	537	185	410	92	23935	947	23935	3424	3385	39	20550	3385	2507496	242604	237604	726473	1809	1367	1926585	0	0	0	0	0
32415	34	0	173619	48462	52546	64718	0	3577	2966	2954	9428	164189	173278	215284	341	0	12	329	11	12	1	0	0	1	0	12	1	12	0	0	0	12	0	2681362	242945	237616	758944	1809	1367	2074635	0	0	0	0	0
43305	983	3529	88740	28531	27177	30828	0	1511	1371	1299	4093	84628	64108	158609	24632	605	24435	197	23630	23830	805	605	214	414	107	24435	1019	24435	3538	3485	53	20950	3485	2770370	267578	262051	802303	1251	756	2129008	0	0	0	0	0
32223	30	0	173253	48272	52493	64622	0	3574	3025	2870	9389	163860	172910	214558	343	1	18	325	18	17	0	1	1	0	0	18	1	18	0	0	0	18	0	2943923	267922	262069	834575	1251	756	2277047	0	0	0	0	0

