processed_m4115_ME21_HV0_test40_SRCoff_170516_132024_TMBCounters.txt																																													
alct0 valid pattern flag received	alct1 valid pattern flag received	raw hits readout   	Pretrigger   	Pretrigger on CFEB0	Pretrigger on CFEB1	Pretrigger on CFEB2	Pretrigger on CFEB3	Pretrigger on CFEB4	Pretrigger on CFEB5	Pretrigger on CFEB6	Pretrigger on ME1A CFEB 4-6 only	Pretrigger on ME1B CFEBs 0-3 only	Discarded, CLCT0 invalid pattern after drift	BX pretrig waiting for triads to dissipate	clct0 sent to TMB matching section	clct1 sent to TMB matching section	TMB accepted alct	TMB match reject event  	Matching found one ALCT	Matching found one CLCT	Matching found two ALCTs	Matching found two CLCTs	ALCT0 copied into ALCT1 to make 2nd LCT	CLCT0 copied into CLCT1 to make 2nd LCT	LCT1 has higher quality than LCT0 	Transmitted LCT0 to MPC	Transmitted LCT1 to MPC	MPC rejected both LCT0 and LCT1	L1A received   	L1A received, TMB in L1A window	L1A received, no TMB in window	TMB triggered, no L1A in window	TMB readouts completed	Pretrigger counter   	CLCT counter   	TMB trigger counter	ALCTs received counter	L1As received counter 	Readout counter 	Orbit counter	CLCT pre-trigger and ALCT coincidence counter	CFEB0 active flag sent to DMB for readout	CFEB1 active flag sent to DMB for readout	CFEB2 active flag sent to DMB for readout	CFEB3 active flag sent to DMB for readout
37210	1788	3117	32616	13360	9440	6185	5450	0	0	0	0	0	913	104007	31703	1342	31387	316	29810	30049	1577	1338	462	701	238	31387	2039	31387	3143	3104	39	28283	3104	32694	31746	31412	37434	3143	3104	104825	15536	15073	12041	8237	6374
1687	31	0	732	194	192	172	196	0	0	0	0	0	341	1924	391	11	250	141	237	241	13	9	2	6	1	250	15	250	0	0	0	250	0	33426	32137	31662	39124	3143	3104	509255	268	221	244	220	218
34197	1514	2831	29953	12218	8500	5773	5134	0	0	0	0	0	923	95351	29030	1223	28719	311	27399	27498	1320	1221	445	544	189	28719	1765	28719	2848	2818	30	25901	2818	63405	61193	60407	73349	1896	1827	563638	14228	13749	10961	7746	5916
1712	46	0	692	211	157	167	185	0	0	0	0	0	323	1798	369	11	230	139	211	220	19	10	3	12	0	230	22	230	0	0	0	230	0	64097	61562	60637	75062	1896	1827	968080	233	230	210	218	207
35010	1658	2942	30819	12749	8741	5828	5190	0	0	0	0	0	973	98266	29846	1286	29546	300	28076	28262	1470	1284	471	657	221	29546	1941	29546	2974	2935	39	26611	2935	94957	91446	90221	110117	777	669	1022453	14612	14397	11296	7825	5971
1694	35	0	681	189	182	176	169	0	0	0	0	0	334	1752	347	10	213	134	203	204	10	9	7	8	2	213	17	213	0	0	0	213	0	95638	91793	90434	111811	777	669	1426893	240	215	232	226	196
33281	1537	2775	29027	12034	8333	5440	4837	0	0	0	0	0	859	92600	28168	1190	27895	273	26548	26707	1347	1188	416	575	208	27895	1763	27895	2794	2771	23	25124	2771	124692	119987	118354	145122	3573	3442	1481271	13637	13535	10651	7294	5622
1693	42	0	692	188	169	178	175	0	0	0	0	0	314	1780	378	8	237	141	223	229	14	8	6	12	4	237	20	237	0	0	0	237	0	125384	120365	118591	146816	3573	3442	1885719	228	210	220	216	205
225	7	0	112	42	27	31	18	0	0	0	0	0	46	285	66	0	45	21	39	45	6	0	0	6	0	45	6	45	0	0	0	45	0	125496	120431	118636	147041	3573	3442	1940091	46	45	35	39	27
1699	42	0	712	178	190	188	177	0	0	0	0	0	337	1864	375	7	243	132	228	236	15	7	2	10	2	243	17	243	0	0	0	243	0	126208	120806	118879	148742	3573	3442	2344544	234	209	246	239	199
33026	1525	2876	28970	11919	8433	5501	4797	0	0	0	0	0	822	92444	28148	1176	27839	309	26487	26663	1352	1176	401	577	195	27839	1753	27839	2893	2870	23	24969	2870	155267	149039	146803	181875	2379	2225	2398917	13747	13393	10779	7328	5532
1691	34	0	705	185	158	172	208	0	0	0	0	0	311	1833	394	6	243	151	226	237	17	6	1	12	2	243	18	243	0	0	0	243	0	155972	149433	147046	183566	2379	2225	2803359	256	208	214	215	236
33549	1589	2866	29243	12103	8285	5522	4940	0	0	0	0	0	840	93401	28403	1210	28111	292	26707	26901	1404	1210	414	608	208	28111	1818	28111	2885	2856	29	25255	2856	185260	177880	175201	217168	1172	989	2857742	13648	13608	10680	7385	5719
1735	39	0	742	207	162	180	217	0	0	0	0	0	358	1917	384	7	233	151	216	227	17	6	1	12	2	233	18	233	0	0	0	233	0	186003	178265	175435	218905	1172	989	3262183	237	227	224	226	240
34295	1553	2888	29964	12389	8637	5598	4955	0	0	0	0	0	887	95628	29077	1177	28803	274	27427	27627	1376	1176	400	600	191	28803	1776	28803	2911	2881	30	25922	2881	215995	207370	204266	253234	4087	3874	3316557	13997	13978	10951	7500	5755
1766	30	0	711	200	174	161	197	0	0	0	0	0	310	1886	401	8	258	143	246	251	12	7	0	5	1	258	12	258	0	0	0	258	0	216707	207771	204524	255001	4087	3874	3720997	224	223	239	212	212
32744	1613	2704	28610	11849	8098	5413	4796	0	0	0	0	0	844	91281	27766	1226	27502	264	26072	26276	1430	1226	399	603	216	27502	1829	27502	2720	2693	27	24809	2693	245360	235578	232066	287792	2714	2474	3775381	13454	13285	10441	7217	5570
1737	25	0	703	180	174	160	206	0	0	0	0	0	323	1803	380	4	236	144	228	233	8	3	1	6	1	236	9	236	0	0	0	236	0	246063	235958	232302	289529	2714	2474	4179823	262	204	230	218	223
33808	1584	2780	29609	11990	8551	5642	5045	0	0	0	0	0	862	94360	28747	1225	28464	283	27054	27240	1410	1224	431	617	206	28464	1841	28464	2804	2766	38	25698	2766	275720	264752	260813	323389	1426	1148	4234195	14162	13519	10898	7589	5871
1639	25	0	684	181	187	162	185	0	0	0	0	0	311	1787	373	11	220	153	208	211	12	9	2	5	1	220	14	220	0	0	0	220	0	276404	265125	261033	325028	1426	1148	4638636	225	209	246	211	205
5146	215	383	4383	1835	1246	808	737	0	0	0	0	0	153	13909	4230	168	4167	63	3983	3999	184	168	61	77	35	4167	245	4167	384	382	2	3785	382	280884	269450	265294	330289	1818	1537	4693012	2069	2057	1604	1075	854
1696	37	0	704	190	183	166	188	0	0	0	0	0	342	1835	362	8	222	140	206	214	16	8	2	10	2	222	18	222	0	0	0	222	0	281588	269812	265516	331986	1818	1537	5097462	226	217	245	226	207
32583	1579	2751	28580	11722	8140	5400	4896	0	0	0	0	0	829	91357	27751	1149	27492	259	26117	26347	1375	1145	407	637	192	27492	1782	27492	2775	2740	35	24752	2740	310199	297594	293038	364607	498	182	5151834	13521	13221	10469	7214	5699
1719	28	0	711	188	198	177	177	0	0	0	0	0	332	1826	379	11	245	134	234	234	11	11	6	6	4	245	17	245	0	0	0	245	0	310910	297973	293283	366326	498	182	5556287	276	215	242	228	204
32948	1589	2724	28922	11838	8212	5517	4947	0	0	0	0	0	855	92228	28067	1213	27760	307	26357	26551	1403	1209	403	597	223	27760	1806	27760	2744	2717	27	25043	2717	339890	326097	321100	399345	3249	2906	5610660	13708	13287	10460	7314	5756
1687	22	0	701	178	166	188	191	0	0	0	0	0	346	1822	355	5	222	133	212	218	10	4	2	8	1	222	12	222	0	0	0	222	0	340591	326452	321322	401033	3249	2906	6015102	247	207	222	228	229
33291	1566	2747	29172	11921	8413	5525	4890	0	0	0	0	0	873	93118	28299	1212	28014	285	26633	26802	1381	1212	414	583	195	28014	1795	28014	2769	2733	36	25281	2733	369820	354808	349392	434389	1925	1546	6069475	13795	13432	10796	7531	5676
1801	30	0	725	222	167	161	196	0	0	0	0	0	333	1889	392	6	250	142	236	245	14	5	1	10	1	250	15	250	0	0	0	250	0	370545	355200	349642	436190	1925	1546	6473926	247	248	223	218	232
34171	1616	2858	29878	12183	8614	5597	5125	0	0	0	0	0	887	95247	28991	1281	28697	294	27264	27418	1433	1279	420	574	257	28697	1853	28697	2883	2851	32	25846	2851	400518	384284	378430	470474	721	309	6528300	14143	13682	10974	7576	5917
1790	35	0	746	191	197	187	199	0	0	0	0	0	324	1962	422	5	260	162	247	256	13	4	2	11	0	260	15	260	0	0	0	260	0	401264	384706	378690	472264	721	309	6932741	250	216	257	237	218

processed_m4117_ME21_3800_test40_SRCoff_170516_141055_TMBCounters.txt																																													
alct0 valid pattern flag received	alct1 valid pattern flag received	raw hits readout   	Pretrigger   	Pretrigger on CFEB0	Pretrigger on CFEB1	Pretrigger on CFEB2	Pretrigger on CFEB3	Pretrigger on CFEB4	Pretrigger on CFEB5	Pretrigger on CFEB6	Pretrigger on ME1A CFEB 4-6 only	Pretrigger on ME1B CFEBs 0-3 only	Discarded, CLCT0 invalid pattern after drift	BX pretrig waiting for triads to dissipate	clct0 sent to TMB matching section	clct1 sent to TMB matching section	TMB accepted alct	TMB match reject event  	Matching found one ALCT	Matching found one CLCT	Matching found two ALCTs	Matching found two CLCTs	ALCT0 copied into ALCT1 to make 2nd LCT	CLCT0 copied into CLCT1 to make 2nd LCT	LCT1 has higher quality than LCT0 	Transmitted LCT0 to MPC	Transmitted LCT1 to MPC	MPC rejected both LCT0 and LCT1	L1A received   	L1A received, TMB in L1A window	L1A received, no TMB in window	TMB triggered, no L1A in window	TMB readouts completed	Pretrigger counter   	CLCT counter   	TMB trigger counter	ALCTs received counter	L1As received counter 	Readout counter 	Orbit counter	CLCT pre-trigger and ALCT coincidence counter	CFEB0 active flag sent to DMB for readout	CFEB1 active flag sent to DMB for readout	CFEB2 active flag sent to DMB for readout	CFEB3 active flag sent to DMB for readout
35058	1716	2993	30825	12785	8826	5883	5338	0	0	0	0	0	837	96641	29988	1283	29733	255	28229	28450	1504	1283	447	668	198	29733	1951	29733	3007	2979	28	26754	2979	30909	30030	29761	35279	3007	2979	104803	836	14368	11278	7917	6122
1760	42	0	709	195	160	173	211	0	0	0	0	0	307	1929	402	8	234	168	221	227	13	7	2	8	2	234	15	234	0	0	0	234	0	31618	30432	29995	37039	3007	2979	509254	35	219	209	217	239
38877	1804	3340	34086	14162	9789	6479	5813	0	0	0	0	0	938	106918	33148	1365	32861	287	31267	31498	1594	1363	454	685	207	32861	2048	32861	3364	3336	28	29525	3336	65754	63629	62904	75972	2277	2221	563627	818	15897	12565	8598	6744
1876	36	0	743	203	186	186	198	0	0	0	0	0	344	1986	399	11	276	123	262	266	14	10	3	7	2	276	17	276	0	0	0	276	0	66497	64028	63180	77848	2277	2221	968069	35	237	248	235	229
33946	1636	2885	29866	12311	8588	5741	5093	0	0	0	0	0	722	93799	29144	1210	28865	279	27411	27655	1454	1210	400	644	203	28865	1854	28865	2898	2879	19	25986	2879	96399	93207	92080	111836	1085	1010	1022452	733	13829	11056	7657	5900
1801	36	0	731	194	186	177	201	0	0	0	0	0	329	1983	402	8	262	140	253	256	9	6	3	6	1	262	12	262	0	0	0	262	0	97131	93609	92342	113638	1085	1010	1426893	48	221	247	229	237
219	3	0	104	24	31	25	29	0	0	0	0	0	51	272	53	0	33	20	32	33	1	0	0	1	0	33	1	33	0	0	0	33	0	97235	93662	92375	113857	1085	1010	1481267	6	25	37	31	33
1854	33	0	745	177	184	193	218	0	0	0	0	0	319	2007	426	7	263	163	248	257	15	6	2	11	1	263	17	263	0	0	0	263	0	97980	94088	92638	115712	1085	1010	1885707	46	196	247	249	252
32343	1532	2738	28273	11745	8101	5336	4849	0	0	0	0	0	676	88577	27597	1124	27313	284	25966	26192	1347	1121	409	635	198	27313	1756	27313	2756	2736	20	24577	2736	126320	121750	120016	148127	3847	3751	1940091	697	13178	10293	7140	5618
1834	41	0	711	191	193	183	174	0	0	0	0	0	311	1921	400	9	253	147	240	245	13	8	3	8	3	253	16	253	0	0	0	253	0	127031	122150	120269	149961	3847	3751	2344533	38	218	251	229	210
35392	1667	2919	30883	12872	8894	5793	5320	0	0	0	0	0	802	96998	30081	1284	29814	267	28347	28531	1467	1283	423	607	212	29814	1890	29814	2931	2913	18	26901	2913	157958	152273	150125	185401	2686	2572	2398906	803	14430	11444	7790	6154
1771	39	0	725	215	170	179	185	0	0	0	0	0	348	1958	377	9	237	140	224	229	13	8	1	6	3	237	14	237	0	0	0	237	0	158683	152650	150362	187172	2686	2572	2803357	36	236	238	233	212
33911	1573	2796	29663	12297	8427	5751	5045	0	0	0	0	0	805	93025	28858	1196	28624	234	27257	27430	1367	1194	416	589	176	28624	1783	28624	2813	2791	22	25833	2791	188410	181569	179047	221150	1407	1271	2857731	752	13880	10842	7688	5809
1823	47	0	698	202	171	155	202	0	0	0	0	0	338	1859	360	8	215	145	201	207	14	8	3	9	0	215	17	215	0	0	0	215	0	189108	181929	179262	222974	1407	1271	3262172	41	224	223	218	216
34491	1590	2882	30308	12658	8626	5850	5130	0	0	0	0	0	776	95168	29532	1269	29245	287	27821	27977	1424	1268	445	601	212	29245	1869	29245	2906	2878	28	26367	2878	219509	211551	208597	257581	221	57	3316557	835	14209	11187	7762	5944
1900	37	0	741	189	197	179	201	0	0	0	0	0	343	2001	398	8	253	145	239	246	14	7	3	10	2	253	17	253	0	0	0	253	0	220250	211949	208850	259481	221	57	3720997	40	214	259	231	236
36945	1822	3110	32474	13564	9251	6157	5639	0	0	0	0	0	820	101865	31654	1408	31368	286	29766	29962	1602	1406	466	662	207	31368	2068	31368	3131	3101	30	28267	3101	252755	243634	240249	296461	3354	3160	3775370	764	15222	11848	8268	6497
1837	40	0	718	195	169	165	209	0	0	0	0	0	340	1925	378	10	252	126	240	242	12	10	7	9	4	252	19	252	0	0	0	252	0	253474	244012	240501	298298	3354	3160	4179812	51	212	225	218	236
34764	1572	2867	30437	12583	8812	5834	5096	0	0	0	0	0	784	95352	29653	1209	29405	248	28011	28198	1394	1207	432	619	169	29405	1826	29405	2886	2863	23	26542	2863	283972	273726	269967	333130	2150	1933	4234195	805	14102	11306	7849	5874
1856	43	0	772	171	186	210	231	0	0	0	0	0	358	2078	414	7	246	168	227	240	19	6	1	14	1	246	20	246	0	0	0	246	0	284744	274140	270213	334986	2150	1933	4638636	55	199	246	271	261
35212	1682	3016	30922	12749	8932	5948	5324	0	0	0	0	0	788	97068	30134	1303	29879	255	28397	28577	1482	1302	443	623	217	29879	1925	29879	3037	3010	27	26869	3010	315667	304275	300092	370198	1091	847	4693010	826	14386	11507	7910	6156
1819	49	0	752	192	204	175	208	0	0	0	0	0	334	2065	418	9	257	161	238	250	19	7	3	15	3	257	22	257	0	0	0	257	0	316419	304693	300349	372018	1091	847	5097450	49	220	265	231	232
34451	1655	2803	30207	12273	8702	5816	5351	0	0	0	0	0	773	94540	29434	1258	29161	273	27723	27905	1438	1256	428	610	220	29161	1866	29161	2818	2797	21	26364	2797	346627	334127	329510	406470	3909	3644	5151834	776	13867	11133	7719	6143
1809	46	0	688	177	143	209	183	0	0	0	0	0	305	1887	383	9	255	128	241	247	14	8	4	10	0	255	18	255	0	0	0	255	0	347315	334510	329765	408280	3909	3644	5556276	45	195	201	266	223
35345	1740	2965	30939	12816	8940	5987	5238	0	0	0	0	0	828	97034	30111	1289	29851	260	28345	28564	1506	1287	414	633	196	29851	1920	29851	2983	2957	26	26894	2957	378254	364621	359616	443625	2796	2505	5610649	772	14420	11474	7963	6050
1770	26	0	706	188	158	193	192	0	0	0	0	0	355	1881	351	3	214	137	208	211	6	3	0	3	1	214	6	214	0	0	0	214	0	378962	364972	359830	445395	2796	2505	6015091	34	208	224	235	212
34979	1661	2967	30543	12831	8631	5743	5201	0	0	0	0	0	841	95604	29702	1257	29454	248	28008	28200	1446	1254	420	612	215	29454	1866	29454	2982	2964	18	26490	2964	409506	394675	389284	480374	1682	1373	6069474	769	14435	11155	7668	6012
1865	47	0	728	193	192	178	202	0	0	0	0	0	321	1972	407	10	254	153	239	246	15	8	3	10	4	254	18	254	0	0	0	254	0	410234	395082	389538	482239	1682	1373	6473915	44	217	256	227	228

processed_m4119_ME21_3700_test40_SRCoff_170516_143549_TMBCounters.txt																																													
alct0 valid pattern flag received	alct1 valid pattern flag received	raw hits readout   	Pretrigger   	Pretrigger on CFEB0	Pretrigger on CFEB1	Pretrigger on CFEB2	Pretrigger on CFEB3	Pretrigger on CFEB4	Pretrigger on CFEB5	Pretrigger on CFEB6	Pretrigger on ME1A CFEB 4-6 only	Pretrigger on ME1B CFEBs 0-3 only	Discarded, CLCT0 invalid pattern after drift	BX pretrig waiting for triads to dissipate	clct0 sent to TMB matching section	clct1 sent to TMB matching section	TMB accepted alct	TMB match reject event  	Matching found one ALCT	Matching found one CLCT	Matching found two ALCTs	Matching found two CLCTs	ALCT0 copied into ALCT1 to make 2nd LCT	CLCT0 copied into CLCT1 to make 2nd LCT	LCT1 has higher quality than LCT0 	Transmitted LCT0 to MPC	Transmitted LCT1 to MPC	MPC rejected both LCT0 and LCT1	L1A received   	L1A received, TMB in L1A window	L1A received, no TMB in window	TMB triggered, no L1A in window	TMB readouts completed	Pretrigger counter   	CLCT counter   	TMB trigger counter	ALCTs received counter	L1As received counter 	Readout counter 	Orbit counter	CLCT pre-trigger and ALCT coincidence counter	CFEB0 active flag sent to DMB for readout	CFEB1 active flag sent to DMB for readout	CFEB2 active flag sent to DMB for readout	CFEB3 active flag sent to DMB for readout
51291	2388	4292	44930	18446	12834	8548	7730	0	0	0	0	0	1163	141870	43767	1838	43392	375	41273	41556	2119	1836	623	906	306	43392	2742	43392	4314	4285	29	39107	4285	45012	43817	43427	51544	218	189	104812	6751	20673	16476	11380	9031
1832	42	0	769	210	189	197	208	0	0	0	0	0	353	2058	416	7	266	150	252	261	14	5	1	10	1	266	15	266	0	0	0	266	0	45781	44233	43693	53376	218	189	509253	112	236	240	250	238
58117	2685	4887	50996	21142	14642	9606	8583	0	0	0	0	0	1334	161176	49662	2052	49245	417	46902	47200	2343	2045	715	1013	289	49245	3058	49245	4922	4873	49	44372	4873	96808	93926	92969	111531	1047	969	563638	7455	23749	18739	12887	9949
1765	31	0	696	187	165	162	201	0	0	0	0	0	322	1830	374	7	232	142	220	227	12	5	1	8	0	232	13	232	0	0	0	232	0	97504	94300	93201	113296	1047	969	968079	110	207	207	209	218
7307	328	641	6309	2569	1784	1226	1097	0	0	0	0	0	184	19981	6125	253	6054	71	5774	5802	280	252	90	118	38	6054	370	6054	644	637	7	5417	637	103828	100438	99268	120620	1693	1608	1022451	935	2853	2277	1643	1269
1751	54	0	711	192	180	192	180	0	0	0	0	0	315	1896	396	17	262	134	240	247	22	15	4	11	2	262	26	262	0	0	0	262	0	104540	100835	99530	122371	1693	1608	1426893	137	220	251	236	205
50511	2380	4314	44342	18501	12732	8217	7553	0	0	0	0	0	1172	140143	43170	1905	42748	422	40630	40846	2118	1902	620	836	306	42748	2738	42748	4340	4304	36	38444	4304	148891	144014	142287	172893	1940	1819	1481277	6676	20781	16344	11039	8673
1798	37	0	759	205	208	184	190	0	0	0	0	0	336	2039	423	10	267	156	256	259	11	8	4	7	2	267	15	267	0	0	0	267	0	149651	144438	142555	174692	1940	1819	1885717	129	237	271	234	220
57642	2746	4798	50612	20847	14516	9698	8660	0	0	0	0	0	1352	160049	49260	2174	48793	467	46376	46622	2417	2171	760	1006	361	48793	3177	48793	4827	4788	39	44005	4788	200287	193722	191372	232361	2676	2516	1940090	7475	23380	18762	12934	10054
1748	36	0	707	199	174	163	200	0	0	0	0	0	344	1864	363	9	235	128	221	229	14	6	1	9	0	235	15	235	0	0	0	235	0	200994	194085	191607	234109	2676	2516	2344543	119	220	226	215	222
50246	2445	4225	44006	18225	12605	8291	7580	0	0	0	0	0	1220	138976	42786	1904	42382	404	40226	40482	2156	1900	631	887	312	42382	2787	42382	4256	4215	41	38167	4215	245031	236902	234020	284392	2840	2639	2398916	6632	20540	16092	11171	8750
1728	42	0	728	193	178	186	202	0	0	0	0	0	332	1942	396	13	236	160	219	225	17	11	3	9	2	236	20	236	0	0	0	236	0	245759	237298	234256	286120	2840	2639	2803368	118	213	227	243	232
51618	2436	4258	45294	18523	13173	8543	7736	0	0	0	0	0	1220	143378	44074	1923	43670	404	41547	41749	2123	1921	659	861	309	43670	2782	43670	4289	4248	41	39422	4248	291088	281407	277960	337777	3040	2798	2857741	6724	20907	16903	11509	8974
1643	27	0	684	184	180	142	191	0	0	0	0	0	325	1790	359	2	215	144	206	213	9	2	0	7	1	215	9	215	0	0	0	215	0	291772	281766	278175	339420	3040	2798	3262183	96	207	230	202	215
51412	2431	4258	45148	18703	12849	8640	7639	0	0	0	0	0	1239	142493	43909	1873	43495	414	41347	41626	2148	1869	650	929	295	43495	2798	43495	4289	4250	39	39245	4250	336937	325692	321687	390856	3237	2956	3316555	6641	20993	16453	11484	8936
1755	28	0	744	199	156	184	223	0	0	0	0	0	329	2005	415	6	280	135	268	275	12	5	0	7	1	280	12	280	0	0	0	280	0	337681	326107	321967	392611	3237	2956	3720996	106	213	217	238	249
56085	2626	4635	49126	20441	14001	9129	8431	0	0	0	0	0	1334	155381	47792	1984	47363	428	45052	45381	2311	1982	696	1025	337	47363	3007	47363	4667	4614	53	42749	4614	386818	373909	369340	448710	3808	3474	3775381	7329	22925	18027	12225	9706
1778	33	0	699	189	179	180	184	0	0	0	0	0	309	1855	390	11	266	124	255	256	11	10	5	6	4	266	16	266	0	0	0	266	0	387517	374299	369606	450489	3808	3474	4179821	121	213	226	230	209

processed_m4121_ME21_3650_test40_SRCoff_170516_145437_TMBCounters.txt																																													
alct0 valid pattern flag received	alct1 valid pattern flag received	raw hits readout   	Pretrigger   	Pretrigger on CFEB0	Pretrigger on CFEB1	Pretrigger on CFEB2	Pretrigger on CFEB3	Pretrigger on CFEB4	Pretrigger on CFEB5	Pretrigger on CFEB6	Pretrigger on ME1A CFEB 4-6 only	Pretrigger on ME1B CFEBs 0-3 only	Discarded, CLCT0 invalid pattern after drift	BX pretrig waiting for triads to dissipate	clct0 sent to TMB matching section	clct1 sent to TMB matching section	TMB accepted alct	TMB match reject event  	Matching found one ALCT	Matching found one CLCT	Matching found two ALCTs	Matching found two CLCTs	ALCT0 copied into ALCT1 to make 2nd LCT	CLCT0 copied into CLCT1 to make 2nd LCT	LCT1 has higher quality than LCT0 	Transmitted LCT0 to MPC	Transmitted LCT1 to MPC	MPC rejected both LCT0 and LCT1	L1A received   	L1A received, TMB in L1A window	L1A received, no TMB in window	TMB triggered, no L1A in window	TMB readouts completed	Pretrigger counter   	CLCT counter   	TMB trigger counter	ALCTs received counter	L1As received counter 	Readout counter 	Orbit counter	CLCT pre-trigger and ALCT coincidence counter	CFEB0 active flag sent to DMB for readout	CFEB1 active flag sent to DMB for readout	CFEB2 active flag sent to DMB for readout	CFEB3 active flag sent to DMB for readout
53594	2505	4476	46958	19352	13383	8864	8065	0	0	0	0	0	1322	149179	45636	1967	45205	431	43004	43239	2201	1966	698	933	318	45205	2899	45205	4507	4462	45	40743	4462	47058	45685	45233	53824	411	366	104812	13651	21723	17134	11889	9360
1714	30	0	711	205	165	187	185	0	0	0	0	0	317	1893	394	10	242	152	227	233	15	9	2	8	3	242	17	242	0	0	0	242	0	47769	46079	45475	55538	411	366	509254	162	239	216	231	214
51081	2420	4261	44854	18606	12754	8427	7689	0	0	0	0	0	1255	142459	43599	1935	43158	441	41026	41226	2132	1932	684	884	321	43158	2816	43158	4291	4257	34	38901	4257	92645	89699	88654	106644	610	531	563627	13126	20864	16366	11309	8861
1766	36	0	743	202	203	180	191	0	0	0	0	0	335	1982	408	11	263	145	247	254	16	9	3	10	1	263	19	263	0	0	0	263	0	93388	90107	88917	108410	610	531	968078	174	226	267	240	212
53886	2489	4482	47358	19577	13476	8961	8036	0	0	0	0	0	1339	150288	46019	1971	45579	440	43374	43611	2205	1968	705	942	340	45579	2910	45579	4507	4469	38	41110	4469	140768	136145	134515	162319	1025	908	1022452	13857	22030	17275	11990	9245
1750	29	0	666	174	171	167	173	0	0	0	0	0	293	1772	373	11	241	132	225	230	16	11	4	9	2	241	20	241	0	0	0	241	0	141434	136518	134756	164069	1025	908	1426892	175	194	217	213	193
54159	2594	4597	47538	19546	13566	9134	8120	0	0	0	0	0	1307	151183	46231	1982	45798	433	43486	43817	2312	1981	656	987	312	45798	2968	45798	4623	4578	45	41220	4578	188978	182755	180560	218235	1552	1390	1481276	13894	21937	17351	12199	9421
1797	38	0	715	170	192	178	193	0	0	0	0	0	320	1941	395	7	248	147	235	241	13	7	2	8	0	248	15	248	0	0	0	248	0	189693	183150	180808	220033	1552	1390	1885718	163	196	236	230	220
51085	2429	4406	44733	18466	12774	8329	7669	0	0	0	0	0	1270	141906	43463	1858	43039	424	40911	41183	2128	1856	656	928	298	43039	2784	43039	4440	4393	47	38646	4393	234428	226614	223848	271120	1896	1687	1940091	13099	20821	16382	11244	8802
1729	31	0	729	187	180	185	203	0	0	0	0	0	338	1933	391	8	265	126	250	257	15	8	2	9	3	265	17	265	0	0	0	265	0	235158	227006	224114	272851	1896	1687	2344533	173	208	239	231	227
50710	2376	4243	44585	18472	12718	8474	7469	0	0	0	0	0	1220	141698	43365	1862	42914	451	40833	41054	2081	1860	649	870	326	42914	2730	42914	4274	4231	43	38683	4231	279763	270391	267048	323586	2077	1825	2398916	12900	20777	16414	11289	8599
1728	29	0	686	192	181	172	171	0	0	0	0	0	314	1845	372	5	230	142	221	227	9	3	1	7	0	230	10	230	0	0	0	230	0	280449	270763	267278	325314	2077	1825	2803357	157	220	228	218	198
52354	2542	4435	45915	19022	13027	8628	7904	0	0	0	0	0	1281	145796	44634	1972	44232	402	41986	42260	2246	1972	668	942	323	44232	2914	44232	4461	4420	41	39812	4420	326376	315409	311522	377684	2444	2151	2857742	13472	21407	16764	11501	9135
1743	42	0	678	188	156	170	185	0	0	0	0	0	297	1813	381	9	246	135	227	237	19	9	5	15	1	246	24	246	0	0	0	246	0	327054	315790	311768	379427	2444	2151	3262182	159	209	214	212	209
53635	2452	4465	46963	19216	13452	9136	7917	0	0	0	0	0	1333	149338	45630	1925	45185	445	43043	43264	2142	1921	686	907	318	45185	2828	45185	4490	4440	50	40745	4440	374075	361474	357005	433126	2847	2504	3316555	13820	21609	17269	12071	9272
1733	40	0	715	187	174	193	190	0	0	0	0	0	324	1909	391	11	239	152	223	229	16	10	4	10	4	239	20	239	0	0	0	239	0	374790	361865	357244	434859	2847	2504	3720997	181	215	236	235	224
51171	2370	4256	44903	18540	12797	8445	7795	0	0	0	0	0	1244	142660	43659	1879	43219	440	41107	41342	2112	1877	657	892	310	43219	2769	43219	4279	4249	30	38970	4249	419721	405552	400491	486072	3033	2660	3775380	13194	20762	16431	11320	9010
1650	37	0	675	160	168	179	196	0	0	0	0	0	328	1748	347	11	219	128	201	211	18	8	4	14	2	219	22	219	0	0	0	219	0	420396	405899	400710	487723	3033	2660	4179833	185	185	224	227	220

processed_m4123_ME21_3600_test40_SRCoff_170516_151501_TMBCounters.txt																																													
alct0 valid pattern flag received	alct1 valid pattern flag received	raw hits readout   	Pretrigger   	Pretrigger on CFEB0	Pretrigger on CFEB1	Pretrigger on CFEB2	Pretrigger on CFEB3	Pretrigger on CFEB4	Pretrigger on CFEB5	Pretrigger on CFEB6	Pretrigger on ME1A CFEB 4-6 only	Pretrigger on ME1B CFEBs 0-3 only	Discarded, CLCT0 invalid pattern after drift	BX pretrig waiting for triads to dissipate	clct0 sent to TMB matching section	clct1 sent to TMB matching section	TMB accepted alct	TMB match reject event  	Matching found one ALCT	Matching found one CLCT	Matching found two ALCTs	Matching found two CLCTs	ALCT0 copied into ALCT1 to make 2nd LCT	CLCT0 copied into CLCT1 to make 2nd LCT	LCT1 has higher quality than LCT0 	Transmitted LCT0 to MPC	Transmitted LCT1 to MPC	MPC rejected both LCT0 and LCT1	L1A received   	L1A received, TMB in L1A window	L1A received, no TMB in window	TMB triggered, no L1A in window	TMB readouts completed	Pretrigger counter   	CLCT counter   	TMB trigger counter	ALCTs received counter	L1As received counter 	Readout counter 	Orbit counter	CLCT pre-trigger and ALCT coincidence counter	CFEB0 active flag sent to DMB for readout	CFEB1 active flag sent to DMB for readout	CFEB2 active flag sent to DMB for readout	CFEB3 active flag sent to DMB for readout
53863	2561	4608	47234	19523	13504	8978	7815	0	0	0	0	0	1381	150944	45853	1996	45387	466	43116	43393	2271	1994	665	942	341	45387	2936	45387	4646	4590	56	40797	4590	47314	45895	45413	54075	550	494	104813	22589	21887	17376	12017	9091
1707	39	0	707	176	187	171	199	0	0	0	0	0	316	1872	391	8	238	153	224	230	14	8	4	10	2	238	18	238	0	0	0	238	0	48022	46286	45651	55782	550	494	509266	234	211	228	223	221
55798	2668	4717	48844	19995	13882	9251	8339	0	0	0	0	0	1447	155943	47397	1985	46943	454	44586	44960	2357	1983	687	1061	375	46943	3044	46943	4750	4698	52	42245	4698	96886	93699	92610	111601	1207	1099	563639	23637	22464	17885	12456	9662
1693	31	0	686	191	171	165	185	0	0	0	0	0	300	1812	386	9	225	161	209	217	16	8	4	12	2	225	20	225	0	0	0	225	0	97572	94085	92835	113294	1207	1099	968079	222	214	215	221	205
51483	2413	4351	45007	18654	12730	8507	7540	0	0	0	0	0	1278	143836	43729	1829	43302	427	41200	41475	2102	1827	648	923	315	43302	2750	43302	4378	4339	39	38963	4339	142589	137824	136147	164787	1489	1342	1022452	21924	20917	16438	11369	8735
1692	24	0	651	161	169	151	193	0	0	0	0	0	271	1711	380	6	234	146	227	230	7	4	3	6	1	234	10	234	0	0	0	234	0	143240	138204	136381	166479	1489	1342	1426905	219	178	222	197	213
57335	2746	4795	50296	20615	14464	9533	8412	0	0	0	0	0	1450	160639	48846	2023	48404	442	45980	46382	2424	2022	656	1058	353	48404	3080	48404	4830	4775	55	43629	4775	193564	187076	184811	223850	2224	2022	1481278	24539	23202	18536	12617	9739
1653	28	0	706	176	184	187	175	0	0	0	0	0	318	1855	388	8	234	154	225	227	9	7	4	6	0	234	13	234	0	0	0	234	0	194270	187464	185045	225503	2224	2022	1885720	221	206	243	238	198
53879	2517	4532	47233	19352	13485	8877	8068	0	0	0	0	0	1393	150763	45840	1895	45406	434	43175	43513	2231	1893	627	965	337	45406	2858	45406	4559	4519	40	40887	4519	241515	233316	230463	279396	2687	2445	1940103	23040	21805	17295	11951	9250
1773	29	0	668	171	173	156	187	0	0	0	0	0	324	1721	344	7	227	117	214	220	13	7	3	9	2	227	16	227	0	0	0	227	0	242183	233660	230690	281170	2687	2445	2344545	223	195	223	202	212
53563	2510	4418	46927	19227	13338	8808	8010	0	0	0	0	0	1383	149853	45544	1924	45129	415	42920	43207	2209	1922	658	945	353	45129	2867	45129	4454	4405	49	40724	4405	289133	279226	275841	334761	3050	2758	2398916	22787	21620	17188	11864	9276
1771	36	0	722	193	177	182	194	0	0	0	0	0	345	1896	377	5	245	132	234	240	11	5	3	9	0	245	14	245	0	0	0	245	0	289855	279603	276086	336532	3050	2758	2803371	245	218	238	243	217
50500	2376	4172	44235	18120	12654	8366	7509	0	0	0	0	0	1257	141519	42978	1830	42541	437	40462	40713	2079	1828	631	882	332	42541	2710	42541	4207	4155	52	38386	4155	334100	322590	318636	387045	3163	2819	2857743	21555	20377	16208	11183	8713
1784	34	0	718	200	193	184	170	0	0	0	0	0	320	1907	398	5	259	139	246	255	13	4	1	10	1	259	14	259	0	0	0	259	0	334818	322988	318895	388829	3163	2819	3262195	249	218	253	230	195
53895	2522	4661	47260	19538	13562	8819	7899	0	0	0	0	0	1387	150896	45873	1931	45398	475	43178	43469	2220	1929	628	919	313	45398	2848	45398	4694	4646	48	40752	4646	382111	368892	364323	442763	3765	3373	3316557	22827	21930	17248	11828	9181
1657	26	0	647	178	135	189	163	0	0	0	0	0	296	1700	351	10	224	127	214	216	10	8	5	7	3	224	15	224	0	0	0	224	0	382758	369243	364547	444420	3765	3373	3721009	213	198	192	237	188

processed_m4125_ME21_3550_test40_SRCoff_170516_153446_TMBCounters.txt																																													
alct0 valid pattern flag received	alct1 valid pattern flag received	raw hits readout   	Pretrigger   	Pretrigger on CFEB0	Pretrigger on CFEB1	Pretrigger on CFEB2	Pretrigger on CFEB3	Pretrigger on CFEB4	Pretrigger on CFEB5	Pretrigger on CFEB6	Pretrigger on ME1A CFEB 4-6 only	Pretrigger on ME1B CFEBs 0-3 only	Discarded, CLCT0 invalid pattern after drift	BX pretrig waiting for triads to dissipate	clct0 sent to TMB matching section	clct1 sent to TMB matching section	TMB accepted alct	TMB match reject event  	Matching found one ALCT	Matching found one CLCT	Matching found two ALCTs	Matching found two CLCTs	ALCT0 copied into ALCT1 to make 2nd LCT	CLCT0 copied into CLCT1 to make 2nd LCT	LCT1 has higher quality than LCT0 	Transmitted LCT0 to MPC	Transmitted LCT1 to MPC	MPC rejected both LCT0 and LCT1	L1A received   	L1A received, TMB in L1A window	L1A received, no TMB in window	TMB triggered, no L1A in window	TMB readouts completed	Pretrigger counter   	CLCT counter   	TMB trigger counter	ALCTs received counter	L1As received counter 	Readout counter 	Orbit counter	CLCT pre-trigger and ALCT coincidence counter	CFEB0 active flag sent to DMB for readout	CFEB1 active flag sent to DMB for readout	CFEB2 active flag sent to DMB for readout	CFEB3 active flag sent to DMB for readout
54544	2624	4564	47859	19702	13718	8877	8125	0	0	0	0	0	1602	153460	46257	1929	45793	464	43507	43866	2286	1927	665	1024	382	45793	2951	45793	4594	4546	48	41247	4546	47928	46295	45821	54749	498	450	104801	33109	22129	17429	11990	9357
1742	40	0	685	184	171	180	187	0	0	0	0	0	296	1778	389	5	250	139	233	245	17	5	0	12	0	250	17	250	0	0	0	250	0	48613	46684	46071	56491	498	450	509254	304	207	219	235	215
53661	2584	4453	46989	19373	13209	8845	7958	0	0	0	0	0	1675	150686	45314	1927	44815	499	42554	42894	2261	1921	650	990	358	44815	2911	44815	4483	4422	61	40393	4422	95641	92034	90921	110197	891	782	563627	32406	21675	16886	11882	9284
1724	41	0	680	174	171	151	202	0	0	0	0	0	324	1738	356	8	214	142	199	207	15	7	1	9	1	214	16	214	0	0	0	214	0	96322	92391	91135	111922	891	782	968069	276	199	227	203	218
53261	2488	4478	46614	19202	13255	8702	7810	0	0	0	0	0	1545	149728	45069	1882	44627	442	42440	42746	2187	1881	635	941	357	44627	2822	44627	4513	4437	76	40190	4437	142957	137481	135782	165208	1309	1124	1022441	32280	21555	17068	11684	9073
1719	36	0	680	194	176	148	182	0	0	0	0	0	318	1779	362	13	243	119	229	231	14	12	7	9	3	243	21	243	0	0	0	243	0	143637	137843	136025	166927	1309	1124	1426894	304	211	226	195	208
53672	2558	4461	47053	19321	13460	8692	7966	0	0	0	0	0	1575	150970	45478	1962	45032	446	42796	43071	2236	1961	685	960	364	45032	2921	45032	4496	4436	60	40596	4436	190724	183354	181090	220643	1711	1466	1481265	32784	21800	17305	11752	9159
1763	34	0	711	181	201	175	181	0	0	0	0	0	343	1829	368	6	227	141	216	221	11	6	3	8	0	227	14	227	0	0	0	227	0	191436	183723	181318	222407	1711	1466	1885707	308	223	254	218	202
51104	2357	4318	44783	18391	12536	8447	7576	0	0	0	0	0	1473	143619	43310	1702	42869	441	40780	41171	2089	1698	591	982	288	42869	2680	42869	4368	4295	73	38574	4295	236234	227048	224202	273530	1984	1666	1940092	30961	20672	16219	11289	8803
1746	28	0	731	174	178	188	212	0	0	0	0	0	339	1871	392	0	234	158	227	234	7	0	0	7	0	234	7	234	0	0	0	234	0	236966	227441	224437	275277	1984	1666	2344533	316	202	223	241	230
51128	2373	4452	44961	18529	12777	8455	7541	0	0	0	0	0	1474	144531	43487	1746	43035	452	40956	41290	2079	1745	623	957	295	43035	2702	43035	4489	4412	77	38623	4412	281939	270940	267484	326418	2379	1984	2398912	30828	20781	16437	11211	8777
1760	33	0	705	186	196	188	167	0	0	0	0	0	315	1840	390	7	248	142	239	242	9	6	3	6	2	248	12	248	0	0	0	248	0	282644	271330	267732	328178	2379	1984	2803346	309	212	252	235	196
49849	2308	4322	43730	17986	12452	8184	7319	0	0	0	0	0	1502	140199	42228	1717	41739	489	39706	40024	2033	1715	561	879	298	41739	2594	41739	4356	4293	63	37446	4293	326389	313570	309483	378043	2640	2182	2857731	30249	20248	15917	11008	8469
1681	34	0	695	200	192	157	171	0	0	0	0	0	345	1757	350	3	209	141	203	208	6	1	0	5	0	209	6	209	0	0	0	209	0	327084	313920	309692	379726	2640	2182	3262171	276	224	243	207	202
49537	2360	4204	43307	17785	12246	8202	7338	0	0	0	0	0	1430	139345	41877	1795	41451	426	39394	39661	2057	1790	628	895	330	41451	2685	41451	4244	4181	63	37270	4181	370395	355801	351147	429270	2788	2267	3316544	29857	19944	15860	10984	8455
1691	36	0	673	174	181	175	162	0	0	0	0	0	310	1762	363	8	235	128	218	227	17	8	2	11	1	235	19	235	0	0	0	235	0	371068	356164	351382	430961	2788	2267	3720997	300	198	233	225	188
51949	2432	4410	45532	18709	12975	8400	7716	0	0	0	0	0	1545	146136	43987	1869	43553	434	41412	41686	2141	1867	645	919	340	43553	2786	43553	4442	4382	60	39171	4382	416610	400161	394945	482921	3134	2553	3775370	31300	20956	16644	11378	8924
1766	24	0	686	171	160	179	193	0	0	0	0	0	322	1761	364	6	228	136	219	222	9	6	3	6	1	228	12	228	0	0	0	228	0	417297	400526	395174	484689	3134	2553	4179812	291	202	219	230	217

processed_m4127_ME21_3500_test40_SRCoff_170516_155329_TMBCounters.txt																																													
alct0 valid pattern flag received	alct1 valid pattern flag received	raw hits readout   	Pretrigger   	Pretrigger on CFEB0	Pretrigger on CFEB1	Pretrigger on CFEB2	Pretrigger on CFEB3	Pretrigger on CFEB4	Pretrigger on CFEB5	Pretrigger on CFEB6	Pretrigger on ME1A CFEB 4-6 only	Pretrigger on ME1B CFEBs 0-3 only	Discarded, CLCT0 invalid pattern after drift	BX pretrig waiting for triads to dissipate	clct0 sent to TMB matching section	clct1 sent to TMB matching section	TMB accepted alct	TMB match reject event  	Matching found one ALCT	Matching found one CLCT	Matching found two ALCTs	Matching found two CLCTs	ALCT0 copied into ALCT1 to make 2nd LCT	CLCT0 copied into CLCT1 to make 2nd LCT	LCT1 has higher quality than LCT0 	Transmitted LCT0 to MPC	Transmitted LCT1 to MPC	MPC rejected both LCT0 and LCT1	L1A received   	L1A received, TMB in L1A window	L1A received, no TMB in window	TMB triggered, no L1A in window	TMB readouts completed	Pretrigger counter   	CLCT counter   	TMB trigger counter	ALCTs received counter	L1As received counter 	Readout counter 	Orbit counter	CLCT pre-trigger and ALCT coincidence counter	CFEB0 active flag sent to DMB for readout	CFEB1 active flag sent to DMB for readout	CFEB2 active flag sent to DMB for readout	CFEB3 active flag sent to DMB for readout
54846	2589	4677	47818	19646	13367	9099	7969	0	0	0	0	0	2296	152733	45522	1806	45082	440	42829	43278	2253	1804	606	1055	361	45082	2859	45082	4706	4574	132	40508	4574	47889	45562	45110	55041	610	478	104801	40522	21974	17358	12035	9248
1607	31	0	638	174	153	154	174	0	0	0	0	0	301	1605	337	6	213	124	203	207	10	6	2	6	2	213	12	213	0	0	0	213	0	48527	45899	45323	56648	610	478	509243	311	189	208	195	193
50636	2297	4334	44255	18172	12514	8174	7420	0	0	0	0	0	2115	141162	42140	1667	41690	450	39702	40026	1988	1664	563	887	325	41690	2551	41690	4363	4258	105	37432	4258	92793	88050	87024	107300	877	640	563615	37518	20459	16015	10983	8617
1652	39	0	707	189	195	177	163	0	0	0	0	0	345	1784	362	10	222	140	209	212	13	10	4	7	4	222	17	222	0	0	0	222	0	93500	88412	87246	108953	877	640	968067	350	214	251	226	189
51973	2411	4469	45371	18706	12499	8678	7666	0	0	0	0	0	2142	144762	43229	1762	42800	429	40712	41038	2088	1762	610	936	325	42800	2698	42800	4506	4384	122	38416	4384	138877	131647	130052	160932	1287	928	1022441	38475	20825	16180	11506	8883
1652	34	0	661	188	172	158	168	0	0	0	0	0	330	1684	331	8	178	153	171	171	7	7	4	4	0	178	11	178	0	0	0	178	0	139539	131979	130231	162586	1287	928	1426881	311	205	222	227	195
52951	2502	4355	46444	18804	13315	8772	7706	0	0	0	0	0	2181	148438	44263	1817	43829	434	41671	42013	2158	1816	658	1000	368	43829	2816	43829	4389	4264	125	39565	4264	185996	176255	174073	215553	1582	1098	1481265	39409	21151	17101	11738	9010
1788	51	0	714	195	156	171	206	0	0	0	0	0	350	1807	364	10	232	132	216	223	16	9	3	10	2	232	19	232	0	0	0	232	0	186710	176619	174305	217342	1582	1098	1885705	365	216	214	217	248
53239	2561	4555	46531	19095	13136	8686	7800	0	0	0	0	0	2153	148669	44378	1806	43911	467	41691	42109	2220	1802	619	1037	341	43911	2839	43911	4591	4457	134	39454	4457	233258	221013	218232	270599	2082	1464	1940080	39483	21482	16862	11707	9064
1666	37	0	695	171	174	192	186	0	0	0	0	0	315	1791	380	9	234	146	219	226	15	8	3	10	4	234	18	234	0	0	0	234	0	233953	221393	218466	272265	2082	1464	2344522	344	205	217	242	221
51550	2444	4281	45038	18219	12901	8424	7622	0	0	0	0	0	2174	143691	42864	1734	42424	440	40305	40696	2119	1728	573	964	349	42424	2692	42424	4330	4192	138	38232	4192	279029	264294	260927	323859	2319	1563	2398905	38295	20511	16531	11327	8815
1752	34	0	737	185	192	183	196	0	0	0	0	0	348	1855	389	6	244	145	234	239	10	5	2	7	1	244	12	244	0	0	0	244	0	279767	264683	261171	325613	2319	1563	2803346	396	215	249	242	233
50735	2406	4274	44279	18171	12438	8381	7364	0	0	0	0	0	2126	141425	42153	1697	41713	440	39646	40016	2067	1697	575	945	346	41713	2642	41713	4313	4198	115	37515	4198	324063	306851	302899	376364	2536	1665	2857719	37589	20367	16130	11111	8564
1655	27	0	668	182	152	172	182	0	0	0	0	0	322	1728	346	4	201	145	194	198	7	3	0	4	1	201	7	201	0	0	0	201	0	324731	307197	303100	378019	2536	1665	3262160	329	202	217	223	210
50591	2309	4214	44255	18037	12411	8369	7466	0	0	0	0	0	2159	141396	42096	1636	41644	452	39649	40010	1995	1634	569	930	318	41644	2564	41644	4245	4127	118	37517	4127	369019	349324	344774	428648	2687	1698	3316544	37410	20316	15966	11249	8728
1694	23	0	702	204	168	179	172	0	0	0	0	0	328	1795	374	9	230	144	223	222	7	8	4	3	2	230	11	230	0	0	0	230	0	369722	349699	345004	430342	2687	1698	3720984	368	223	226	240	192
54228	2482	4594	47304	19357	13522	8826	7843	0	0	0	0	0	2280	151011	45024	1819	44578	446	42430	42764	2148	1814	621	955	359	44578	2769	44578	4637	4507	130	40071	4507	417049	394744	389603	484595	3232	2112	3775357	40142	21770	17370	11872	9078
1698	26	0	702	178	176	179	196	0	0	0	0	0	357	1764	345	6	221	124	215	215	6	6	4	4	0	221	10	221	0	0	0	221	0	417751	395089	389824	486294	3232	2112	4179810	366	195	228	228	228

processed_m4129_ME21_3450_test40_SRCoff_170516_160911_TMBCounters.txt																																													
alct0 valid pattern flag received	alct1 valid pattern flag received	raw hits readout   	Pretrigger   	Pretrigger on CFEB0	Pretrigger on CFEB1	Pretrigger on CFEB2	Pretrigger on CFEB3	Pretrigger on CFEB4	Pretrigger on CFEB5	Pretrigger on CFEB6	Pretrigger on ME1A CFEB 4-6 only	Pretrigger on ME1B CFEBs 0-3 only	Discarded, CLCT0 invalid pattern after drift	BX pretrig waiting for triads to dissipate	clct0 sent to TMB matching section	clct1 sent to TMB matching section	TMB accepted alct	TMB match reject event  	Matching found one ALCT	Matching found one CLCT	Matching found two ALCTs	Matching found two CLCTs	ALCT0 copied into ALCT1 to make 2nd LCT	CLCT0 copied into CLCT1 to make 2nd LCT	LCT1 has higher quality than LCT0 	Transmitted LCT0 to MPC	Transmitted LCT1 to MPC	MPC rejected both LCT0 and LCT1	L1A received   	L1A received, TMB in L1A window	L1A received, no TMB in window	TMB triggered, no L1A in window	TMB readouts completed	Pretrigger counter   	CLCT counter   	TMB trigger counter	ALCTs received counter	L1As received counter 	Readout counter 	Orbit counter	CLCT pre-trigger and ALCT coincidence counter	CFEB0 active flag sent to DMB for readout	CFEB1 active flag sent to DMB for readout	CFEB2 active flag sent to DMB for readout	CFEB3 active flag sent to DMB for readout
33395	1484	2804	28953	11893	8161	5393	4673	0	0	0	0	0	3168	88599	25785	923	25481	304	24224	24558	1257	923	304	638	194	25481	1561	25481	2821	2531	290	22950	2531	29039	25827	25506	33618	2821	2531	104802	26718	13374	10596	7177	5460
962	20	0	387	102	92	103	103	0	0	0	0	0	191	964	196	4	115	81	107	111	8	4	0	4	2	115	8	115	0	0	0	115	0	29428	26023	25621	34581	2821	2531	333822	209	116	124	129	119
33116	1478	2763	28749	11610	8212	5365	4731	0	0	0	0	0	3047	88191	25702	941	25413	289	24184	24477	1229	936	322	615	227	25413	1551	25413	2790	2504	286	22909	2504	58332	51865	51172	67873	1529	953	388194	26632	13048	10562	7153	5484
590	9	0	224	58	49	60	61	0	0	0	0	0	122	535	102	3	63	39	59	61	4	2	0	2	1	63	4	63	0	0	0	63	0	58556	51967	51235	68464	1529	953	536245	110	62	65	78	71
32823	1424	2716	28367	11520	8168	5223	4681	0	0	0	0	0	3077	86912	25290	938	25020	270	23829	24083	1191	937	347	601	210	25020	1538	25020	2746	2457	289	22563	2457	87125	77435	76432	101534	191	3421	590617	26262	12941	10494	7050	5456
943	18	0	405	113	101	94	113	0	0	0	0	0	207	1023	198	5	105	93	97	101	8	4	0	4	1	105	8	105	0	0	0	105	0	87530	77633	76537	102477	191	3421	819625	200	129	138	121	129
33300	1494	2803	28879	11776	8135	5359	4766	0	0	0	0	0	3159	88360	25720	990	25435	285	24186	24446	1249	989	378	638	209	25435	1627	25435	2822	2511	311	22924	2511	116574	103499	102118	135978	3026	1847	874008	26752	13210	10546	7208	5539
673	11	0	262	66	63	70	70	0	0	0	0	0	123	642	139	7	89	50	85	83	4	6	3	1	0	89	7	89	0	0	0	89	0	116836	103638	102207	136652	3026	1847	1022048	142	73	80	90	83
32985	1463	2790	28502	11673	7867	5425	4675	0	0	0	0	0	3084	87171	25418	874	25115	303	23877	24242	1238	873	297	662	202	25115	1535	25115	2819	2516	303	22599	2516	145551	129240	127504	169894	1773	287	1076420	26396	13070	10246	7199	5415
970	16	0	335	81	89	81	91	0	0	0	0	0	157	832	178	3	106	72	100	103	6	3	1	4	1	106	7	106	0	0	0	106	0	145888	129419	127611	170866	1773	287	1305440	173	94	118	103	99
33567	1539	2850	29115	11867	8343	5357	4772	0	0	0	0	0	3213	89114	25902	956	25640	262	24347	24685	1293	955	330	668	194	25640	1623	25640	2873	2561	312	23080	2561	175230	155529	153456	204704	571	2866	1359813	26991	13365	10708	7263	5554
637	16	0	223	65	48	62	55	0	0	0	0	0	97	563	126	4	75	51	70	71	5	4	1	2	1	75	6	75	0	0	0	75	0	175453	155655	153531	205341	571	2866	1507863	116	74	71	79	61
31707	1387	2635	27412	11173	7663	5154	4524	0	0	0	0	0	2925	83914	24487	862	24232	255	23066	23371	1166	861	302	607	192	24232	1468	24232	2670	2371	299	21861	2371	203185	180434	178051	237429	3279	1172	1562235	25361	12469	9906	6818	5274
940	13	0	383	105	84	95	102	0	0	0	0	0	200	936	183	1	102	81	98	101	4	1	1	4	0	102	5	102	0	0	0	102	0	203568	180617	178153	238369	3279	1172	1791244	188	122	122	124	116
33266	1484	2765	28823	11614	8057	5433	4849	0	0	0	0	0	3046	88398	25777	906	25499	278	24239	24594	1260	905	313	668	196	25499	1573	25499	2787	2477	310	23022	2477	232526	206518	203776	271795	1990	3668	1845629	26641	13063	10417	7285	5640
640	10	0	258	56	69	71	64	0	0	0	0	0	120	645	138	0	81	57	75	81	6	0	0	6	0	81	6	81	0	0	0	81	0	232785	206656	203857	272436	1990	3668	1993667	128	68	94	86	75
32990	1485	2739	28687	11651	8031	5451	4726	0	0	0	0	0	3056	87886	25631	901	25383	248	24144	24485	1239	898	319	660	156	25383	1558	25383	2754	2456	298	22927	2456	261677	232470	229421	305664	671	2048	2048050	26554	13052	10297	7221	5541
958	20	0	372	106	91	95	92	0	0	0	0	0	206	891	166	2	95	71	88	93	7	2	1	6	0	95	8	95	0	0	0	95	0	262049	232636	229516	306622	671	2048	2277058	188	119	111	113	102
33815	1538	2799	29347	11941	8180	5468	4917	0	0	0	0	0	3126	90072	26221	932	25889	332	24603	24961	1286	928	308	666	197	25889	1594	25889	2825	2522	303	23367	2522	291402	258863	255411	340445	3497	475	2331431	27131	13388	10585	7323	5711
622	10	0	242	62	59	72	51	0	0	0	0	0	116	601	126	1	75	51	71	74	4	1	0	3	1	75	4	75	0	0	0	75	0	291644	258989	255486	341068	3497	475	2479481	130	78	82	87	61
32713	1473	2775	28377	11582	8047	5316	4596	0	0	0	0	0	3038	86773	25339	896	25072	267	23829	24176	1243	896	299	646	184	25072	1542	25072	2795	2494	301	22578	2495	320038	284344	280574	373801	2198	2971	2533855	26267	12985	10416	7090	5360
929	10	0	348	84	81	110	83	0	0	0	0	0	174	874	174	6	109	65	105	104	4	5	5	4	2	109	9	109	0	0	0	109	0	320386	284518	280683	374730	2198	2971	2762874	179	90	108	130	106
33633	1487	2850	29113	11987	8233	5377	4693	0	0	0	0	0	3137	89333	25976	906	25666	310	24410	24762	1256	904	314	666	188	25666	1570	25666	2873	2558	315	23108	2558	349510	310505	306360	408376	975	1433	2817258	26922	13457	10622	7248	5454
607	11	0	234	71	56	47	64	0	0	0	0	0	119	571	115	2	70	45	68	68	2	2	1	1	1	70	3	70	0	0	0	70	0	349744	310620	306430	408983	975	1433	2965297	122	77	80	59	69
32221	1445	2681	27907	11392	7841	5214	4569	0	0	0	0	0	2960	85605	24947	901	24674	273	23478	23773	1196	901	328	623	181	24674	1524	24674	2702	2406	296	22268	2406	377662	335577	331114	441216	3680	3842	3019668	25753	12791	10115	7016	5337
972	13	0	361	104	82	84	97	0	0	0	0	0	183	895	178	8	117	61	112	109	5	8	4	1	0	117	9	117	0	0	0	117	0	378023	335755	331231	442189	3680	3842	3248689	203	120	101	105	107
33395	1454	2799	28916	11830	8145	5463	4651	0	0	0	0	0	3100	88444	25816	893	25529	287	24290	24636	1239	893	302	648	202	25529	1541	25529	2826	2499	327	23030	2499	406965	361595	356784	475614	2412	2247	3303061	26706	13262	10505	7224	5428
619	16	0	218	73	65	49	45	0	0	0	0	0	101	545	117	3	66	51	62	63	4	3	1	2	0	66	5	66	0	0	0	66	0	407185	361713	356851	476234	2412	2247	3451112	109	78	86	65	50

processed_m4131_ME21_3400_test40_SRCoff_170516_163300_TMBCounters.txt																																													
alct0 valid pattern flag received	alct1 valid pattern flag received	raw hits readout   	Pretrigger   	Pretrigger on CFEB0	Pretrigger on CFEB1	Pretrigger on CFEB2	Pretrigger on CFEB3	Pretrigger on CFEB4	Pretrigger on CFEB5	Pretrigger on CFEB6	Pretrigger on ME1A CFEB 4-6 only	Pretrigger on ME1B CFEBs 0-3 only	Discarded, CLCT0 invalid pattern after drift	BX pretrig waiting for triads to dissipate	clct0 sent to TMB matching section	clct1 sent to TMB matching section	TMB accepted alct	TMB match reject event  	Matching found one ALCT	Matching found one CLCT	Matching found two ALCTs	Matching found two CLCTs	ALCT0 copied into ALCT1 to make 2nd LCT	CLCT0 copied into CLCT1 to make 2nd LCT	LCT1 has higher quality than LCT0 	Transmitted LCT0 to MPC	Transmitted LCT1 to MPC	MPC rejected both LCT0 and LCT1	L1A received   	L1A received, TMB in L1A window	L1A received, no TMB in window	TMB triggered, no L1A in window	TMB readouts completed	Pretrigger counter   	CLCT counter   	TMB trigger counter	ALCTs received counter	L1As received counter 	Readout counter 	Orbit counter	CLCT pre-trigger and ALCT coincidence counter	CFEB0 active flag sent to DMB for readout	CFEB1 active flag sent to DMB for readout	CFEB2 active flag sent to DMB for readout	CFEB3 active flag sent to DMB for readout
33578	1438	2719	27848	10948	8041	5191	4604	0	0	0	0	0	7868	76060	19980	614	19735	245	18649	19122	1086	613	204	677	145	19735	1290	19735	2738	1751	987	17984	1751	27923	20010	19751	33784	2738	1751	104824	26209	12411	10316	6885	5437
944	14	0	308	87	80	78	71	0	0	0	0	0	177	708	131	2	76	55	73	74	3	2	1	2	0	76	4	76	0	0	0	76	0	28231	20141	19827	34729	2738	1751	333832	170	100	108	102	85
33417	1446	2781	27758	10897	7971	5183	4655	0	0	0	0	0	7836	75758	19922	604	19686	236	18573	19083	1113	603	191	701	131	19686	1304	19686	2810	1764	1046	17922	1764	56022	40084	39534	68182	1455	3518	388216	26158	12373	10233	6958	5399
568	9	0	210	63	46	55	48	0	0	0	0	0	125	468	85	2	36	49	34	34	2	2	0	0	0	36	2	36	0	0	0	36	0	56232	40169	39570	68750	1455	3518	536255	97	65	64	73	58
33670	1460	2870	27941	11059	7850	5268	4704	0	0	0	0	0	7911	76297	20030	622	19789	241	18694	19168	1095	621	191	665	136	19789	1286	19789	2901	1807	1094	17982	1807	84185	60208	59368	102433	260	1229	590628	26332	12434	10258	6977	5502
890	26	0	309	91	85	76	68	0	0	0	0	0	185	712	124	4	71	53	65	67	6	4	2	4	2	71	8	71	0	0	0	71	0	84494	60332	59439	103324	260	1229	819647	158	103	113	96	77
33363	1428	2874	27759	10922	7929	5254	4648	0	0	0	0	0	7839	75757	19920	642	19669	251	18586	19027	1083	642	238	679	130	19669	1321	19669	2897	1829	1068	17840	1829	112262	80258	79114	136698	3158	3059	874020	26194	12358	10277	6949	5386
565	10	0	201	44	57	53	50	0	0	0	0	0	109	472	92	1	50	42	47	49	3	1	0	2	0	50	3	50	0	0	0	50	0	112464	80351	79164	137263	3158	3059	1022070	93	50	77	64	55
32833	1429	2875	27169	10847	7772	5040	4436	0	0	0	0	0	7696	74032	19473	631	19221	252	18162	18591	1059	630	210	639	135	19221	1269	19221	2917	1835	1082	17386	1835	139662	99852	98413	170131	1982	801	1076443	25564	12242	10060	6772	5160
907	15	0	324	74	74	83	102	0	0	0	0	0	187	739	137	1	78	59	76	77	2	1	1	2	0	78	3	78	0	0	0	78	0	139987	99990	98492	171039	1982	801	1305451	169	90	93	115	113
33350	1376	2808	27693	11017	7872	5175	4526	0	0	0	0	0	7835	75477	19858	608	19617	241	18588	19010	1029	607	206	628	121	19617	1235	19617	2843	1810	1033	17807	1810	167697	119860	118121	204412	731	2611	1359834	26111	12372	10185	6935	5266
622	12	0	225	62	50	52	68	0	0	0	0	0	129	511	96	2	66	30	59	64	7	2	1	6	0	66	8	66	0	0	0	66	0	167922	119956	118187	205034	731	2611	1507873	119	69	69	66	80
32944	1408	2716	27213	10734	7746	5158	4509	0	0	0	0	0	7811	74198	19402	613	19161	241	18078	18550	1083	611	198	670	128	19161	1281	19161	2742	1667	1075	17494	1667	195145	139365	137355	237990	3474	182	1562246	25574	12095	10005	6786	5252
951	18	0	289	94	65	66	70	0	0	0	0	0	179	692	110	3	66	44	63	63	3	3	3	3	0	66	6	66	0	0	0	66	0	195434	139475	137421	238941	3474	182	1791267	151	103	90	94	82
33547	1406	2772	27828	10991	7959	5168	4639	0	0	0	0	0	7815	75989	20013	631	19778	235	18709	19148	1069	630	216	655	124	19778	1285	19778	2807	1731	1076	18047	1731	223313	159526	157237	272550	2190	1917	1845638	26217	12426	10260	6970	5352
587	7	0	191	65	50	33	44	0	0	0	0	0	115	415	76	0	44	32	41	44	3	0	0	3	0	44	3	44	0	0	0	44	0	223504	159602	157281	273138	2190	1917	1993680	89	72	66	47	52
32635	1372	2698	26964	10719	7637	5033	4446	0	0	0	0	0	7716	73386	19248	595	19010	238	17946	18415	1064	595	188	657	108	19010	1252	19010	2731	1711	1020	17299	1711	250472	178852	176293	305779	825	3628	2048061	25341	12071	9930	6682	5196
929	20	0	294	70	78	76	76	0	0	0	0	0	164	674	130	1	77	53	74	76	3	1	1	3	0	77	4	77	0	0	0	77	0	250766	178982	176370	306708	825	3628	2277071	158	83	102	93	91
34270	1441	2900	28474	11444	7905	5278	4786	0	0	0	0	0	8068	77604	20406	587	20128	278	19051	19541	1077	587	195	685	149	20128	1272	20128	2932	1825	1107	18303	1825	279268	199413	196523	341010	3762	1361	2331454	26761	12855	10356	6977	5608
614	12	0	192	46	39	52	61	0	0	0	0	0	111	446	81	1	54	27	53	53	1	1	1	1	1	54	2	54	0	0	0	54	0	279460	199494	196577	341625	3762	1361	2479494	102	57	58	64	68
33457	1423	2847	27652	11100	7848	5179	4461	0	0	0	0	0	7738	75490	19914	611	19667	247	18581	19057	1086	610	210	686	115	19667	1296	19667	2876	1787	1089	17880	1787	307129	219424	216259	375101	2544	3149	2533866	26098	12500	10168	6895	5221
920	13	0	309	73	90	74	81	0	0	0	0	0	175	729	134	3	74	60	72	71	2	3	2	1	0	74	4	74	0	0	0	74	0	307438	219558	216333	376022	2544	3149	2762885	157	94	105	97	94
34327	1444	2892	28455	11348	8175	5268	4678	0	0	0	0	0	8005	77619	20450	668	20193	257	19110	19525	1083	668	233	648	122	20193	1316	20193	2931	1883	1048	18310	1883	335907	240020	236538	410372	1379	936	2817258	26878	12829	10576	6966	5425
591	7	0	202	60	38	49	63	0	0	0	0	0	118	462	84	1	46	38	45	46	1	0	0	1	0	46	1	46	0	0	0	46	0	336109	240104	236584	410964	1379	936	2965306	102	64	59	71	67
33748	1470	2847	27937	11173	7927	5119	4690	0	0	0	0	0	8001	76186	19936	639	19663	273	18556	19027	1107	636	206	677	139	19663	1313	19663	2883	1779	1104	17884	1779	364068	260058	256265	444739	169	2717	3019681	26242	12580	10302	6833	5491
964	13	0	316	88	83	75	81	0	0	0	0	0	170	734	146	4	86	60	82	83	4	3	2	3	0	86	6	86	0	0	0	86	0	364384	260204	256351	445703	169	2717	3248700	173	95	111	100	91
34287	1470	2900	28368	11144	8241	5210	4760	0	0	0	0	0	8075	77204	20293	636	20039	254	18963	19408	1076	631	226	671	115	20039	1302	20039	2936	1831	1105	18208	1831	392783	280520	276413	480025	3110	455	3303073	26744	12563	10584	6989	5488
599	8	0	196	51	49	47	52	0	0	0	0	0	111	454	85	0	43	42	40	43	3	0	0	3	0	43	3	43	0	0	0	43	0	392980	280605	276456	480624	3110	455	3451110	103	62	64	56	56

processed_m4133_ME21_3350_test40_SRCoff_170516_164909_TMBCounters.txt																																													
alct0 valid pattern flag received	alct1 valid pattern flag received	raw hits readout   	Pretrigger   	Pretrigger on CFEB0	Pretrigger on CFEB1	Pretrigger on CFEB2	Pretrigger on CFEB3	Pretrigger on CFEB4	Pretrigger on CFEB5	Pretrigger on CFEB6	Pretrigger on ME1A CFEB 4-6 only	Pretrigger on ME1B CFEBs 0-3 only	Discarded, CLCT0 invalid pattern after drift	BX pretrig waiting for triads to dissipate	clct0 sent to TMB matching section	clct1 sent to TMB matching section	TMB accepted alct	TMB match reject event  	Matching found one ALCT	Matching found one CLCT	Matching found two ALCTs	Matching found two CLCTs	ALCT0 copied into ALCT1 to make 2nd LCT	CLCT0 copied into CLCT1 to make 2nd LCT	LCT1 has higher quality than LCT0 	Transmitted LCT0 to MPC	Transmitted LCT1 to MPC	MPC rejected both LCT0 and LCT1	L1A received   	L1A received, TMB in L1A window	L1A received, no TMB in window	TMB triggered, no L1A in window	TMB readouts completed	Pretrigger counter   	CLCT counter   	TMB trigger counter	ALCTs received counter	L1As received counter 	Readout counter 	Orbit counter	CLCT pre-trigger and ALCT coincidence counter	CFEB0 active flag sent to DMB for readout	CFEB1 active flag sent to DMB for readout	CFEB2 active flag sent to DMB for readout	CFEB3 active flag sent to DMB for readout
33733	1234	2791	22819	8557	6622	4308	3911	0	0	0	0	0	12274	52512	10545	245	10387	158	9733	10143	654	244	80	490	53	10387	734	10387	2873	783	2090	9604	783	22879	10564	10396	33919	2873	783	104816	20778	9779	8601	5672	4569
807	22	0	242	66	49	64	71	0	0	0	0	0	162	519	80	3	47	33	42	45	5	2	1	4	0	47	6	47	0	0	0	47	0	23121	10644	10443	34726	2873	783	333833	112	72	62	85	85
34172	1348	2921	23209	8635	6873	4491	3886	0	0	0	0	0	12289	53842	10920	297	10762	158	10019	10467	743	295	90	538	59	10762	833	10762	3024	824	2200	9938	824	46345	21570	21211	68916	1804	1607	388205	21089	9856	8791	5865	4582
572	8	0	138	43	36	24	37	0	0	0	0	0	83	302	55	0	29	26	29	29	0	0	0	0	0	29	0	29	0	0	0	29	0	46483	21625	21240	69488	1804	1607	536255	61	54	46	34	44
34982	1397	2993	23465	8691	6861	4550	4000	0	0	0	0	0	12557	54175	10908	275	10765	143	10020	10490	745	275	84	554	56	10765	829	10765	3080	848	2232	9917	848	69966	32538	32010	104497	790	2455	590628	21256	9940	8851	5952	4716
871	13	0	259	63	77	58	65	0	0	0	0	0	174	557	85	1	56	29	50	55	6	1	0	5	0	56	6	56	0	0	0	56	0	70225	32623	32066	105369	790	2455	819647	125	76	93	85	71
34304	1248	2849	22995	8579	6639	4421	3935	0	0	0	0	0	12379	52893	10616	276	10444	172	9758	10168	686	276	85	495	54	10444	771	10444	2931	817	2114	9627	817	93265	43259	42530	139741	3730	3274	874021	20892	9814	8596	5825	4610
548	7	0	161	39	38	47	43	0	0	0	0	0	109	345	52	0	18	34	17	18	1	0	0	1	0	18	1	18	0	0	0	18	0	93426	43311	42548	140289	3730	3274	1022059	65	43	52	59	48
34055	1255	2811	22934	8710	6738	4356	3743	0	0	0	0	0	12476	52623	10458	275	10282	176	9594	10007	688	275	81	494	49	10282	769	10282	2901	798	2103	9484	798	116385	53779	52840	174384	2538	4072	1076444	20839	9971	8751	5709	4432
809	13	0	245	74	59	60	58	0	0	0	0	0	163	525	82	1	32	50	32	31	0	1	1	0	0	32	1	32	0	0	0	32	0	116630	53861	52872	175193	2538	4072	1305451	107	81	88	72	67
33964	1216	2855	23091	8677	6774	4273	3945	0	0	0	0	0	12416	53057	10675	222	10506	169	9850	10284	656	222	65	499	45	10506	721	10506	2942	836	2106	9670	836	139754	64551	63393	209205	1391	814	1359836	20981	9909	8638	5697	4640
555	7	0	142	34	29	46	35	0	0	0	0	0	89	315	53	0	19	34	19	19	0	0	0	0	0	19	0	19	0	0	0	19	0	139896	64604	63412	209760	1391	814	1507874	64	37	47	54	41
33575	1232	2760	22727	8463	6567	4472	3844	0	0	0	0	0	12200	52250	10527	264	10351	176	9663	10088	688	263	74	499	55	10351	762	10351	2844	763	2081	9588	763	162635	75135	73767	243357	140	1577	1562259	20539	9636	8563	5839	4569
927	15	0	257	75	60	58	71	0	0	0	0	0	174	558	83	1	37	46	34	36	3	1	0	2	0	37	3	37	0	0	0	37	0	162892	75218	73804	244284	140	1577	1791267	127	88	80	75	79
35840	1384	3095	24200	9064	7021	4717	4030	0	0	0	0	0	12980	55761	11220	254	11054	166	10299	10802	755	252	82	585	41	11054	837	11054	3176	854	2322	10200	854	187102	86440	84860	280138	3319	2431	1845639	21951	10386	9091	6134	4768
567	13	0	129	30	41	27	31	0	0	0	0	0	90	281	39	0	26	13	23	26	3	0	0	3	0	26	3	26	0	0	0	26	0	187232	86480	84887	280706	3319	2431	1993688	68	38	52	40	38
33629	1285	2840	22616	8456	6586	4264	3884	0	0	0	0	0	12274	51997	10342	253	10197	145	9514	9945	683	252	82	513	46	10197	765	10197	2927	796	2131	9401	796	209870	96833	95094	314370	2152	3227	2048062	20559	9674	8504	5590	4564
887	15	0	235	70	59	52	57	0	0	0	0	0	150	499	85	1	44	41	40	43	4	1	0	3	0	44	4	44	0	0	0	44	0	210106	96918	95138	315257	2152	3227	2277069	112	78	77	74	64
2682	96	198	1691	625	497	333	278	0	0	0	0	0	950	3837	741	19	719	22	662	700	57	19	5	43	3	719	62	719	206	40	166	679	40	211798	97659	95857	317940	2358	3267	2331454	1517	713	635	420	333
561	8	0	153	37	46	46	28	0	0	0	0	0	106	321	47	2	22	25	19	20	3	2	0	1	1	22	3	22	0	0	0	22	0	211951	97706	95879	318502	2358	3267	2479492	66	46	59	57	37
2829	107	207	1800	672	523	335	323	0	0	0	0	0	1000	4092	800	22	775	25	714	753	61	22	7	46	4	775	68	775	213	65	148	710	65	213752	98506	96654	321332	2571	3332	2533877	1583	781	675	439	381
908	12	0	202	49	58	45	53	0	0	0	0	0	126	442	76	0	37	39	33	37	4	0	0	4	0	37	4	37	0	0	0	37	0	213954	98582	96691	322240	2571	3332	2762885	98	54	72	63	65
5172	171	423	3392	1279	1025	612	569	0	0	0	0	0	1905	7674	1487	34	1457	30	1364	1423	93	34	14	73	2	1457	107	1457	436	110	326	1347	110	217354	100074	98153	327422	3008	3443	2817269	3036	1469	1320	833	663
562	5	0	166	55	48	42	28	0	0	0	0	0	100	380	66	0	35	31	34	35	1	0	0	1	0	35	1	35	0	0	0	35	0	217520	100140	98188	327986	3008	3443	2965308	70	59	64	62	32
2896	86	208	1807	665	510	347	326	0	0	0	0	0	1031	4076	776	14	747	29	703	733	44	14	5	35	4	747	49	747	214	55	159	692	55	219329	100917	98936	330885	3223	3498	3019681	1609	749	673	444	379
935	21	0	263	65	65	72	68	0	0	0	0	0	166	589	97	4	55	42	48	51	7	4	1	4	2	55	8	55	0	0	0	55	0	219592	101014	98991	331820	3223	3498	3248689	126	81	87	87	75
2689	105	209	1719	625	508	310	328	0	0	0	0	0	945	3888	774	20	761	13	705	741	56	20	6	42	8	761	62	761	215	59	156	702	59	221312	101789	99752	334510	3438	3557	3303072	1522	731	653	405	366
600	11	0	170	47	42	43	43	0	0	0	0	0	98	383	72	1	40	32	37	39	3	1	1	3	0	40	4	40	0	0	0	40	0	221483	101862	99792	335112	3438	3557	3451110	89	52	55	50	50
4669	150	393	3054	1146	865	621	513	0	0	0	0	0	1678	6987	1376	31	1339	37	1253	1308	86	31	10	65	13	1339	96	1339	404	92	312	1247	92	224539	103239	101132	339784	3842	3649	3505485	2713	1287	1138	783	608
893	23	0	239	68	65	61	50	0	0	0	0	0	168	509	71	3	40	31	35	38	5	2	0	3	0	40	5	40	0	0	0	40	0	224778	103310	101172	340677	3842	3649	3734504	110	82	82	78	60
2719	91	218	1694	636	481	337	288	0	0	0	0	0	947	3855	747	20	724	23	669	704	55	20	4	39	4	724	59	724	229	73	156	651	73	226473	104057	101896	343398	4071	3722	3788876	1516	724	629	424	334
533	16	0	128	38	27	38	29	0	0	0	0	0	71	298	57	1	31	26	27	31	4	0	0	4	0	31	4	31	0	0	0	31	0	226601	104114	101927	343931	4071	3722	3936926	63	41	39	45	39
3200	104	230	2068	748	589	399	373	0	0	0	0	0	1125	4716	943	24	909	34	860	885	49	24	9	34	3	909	58	909	236	60	176	849	60	228672	105058	102837	347134	211	3782	3991299	1822	840	762	528	436
847	12	0	245	64	57	65	70	0	0	0	0	0	171	501	74	2	38	36	36	37	2	1	0	1	0	38	2	38	0	0	0	38	0	228917	105132	102875	347981	211	3782	4220349	112	69	71	82	74
3317	99	293	2179	794	630	409	395	0	0	0	0	0	1200	4965	979	25	947	32	892	922	55	25	9	39	6	947	64	947	304	101	203	846	101	231098	106113	103824	351305	515	3883	4274691	1925	900	801	544	452
569	7	0	142	37	28	43	36	0	0	0	0	0	99	311	43	0	16	27	16	16	0	0	0	0	0	16	0	16	0	0	0	16	0	231241	106156	103840	351874	515	3883	4422730	68	44	44	56	43
2750	85	216	1726	625	487	351	316	0	0	0	0	0	973	3925	753	18	722	31	678	704	44	18	5	31	2	722	49	722	221	64	157	658	64	232967	106909	104562	354624	736	3947	4477114	1522	704	621	433	366
857	16	0	239	57	78	46	64	0	0	0	0	0	158	522	81	1	37	44	31	36	6	1	0	5	0	37	6	37	0	0	0	37	0	233206	106990	104599	355483	736	3947	4706122	113	66	91	73	74
2669	86	229	1698	624	480	354	276	0	0	0	0	0	929	3898	769	10	741	28	702	731	39	10	5	34	2	741	44	741	235	67	168	674	67	234904	107759	105340	358155	971	4014	4760494	1510	710	624	445	333
520	11	0	142	32	40	35	37	0	0	0	0	0	83	312	59	2	26	33	23	24	3	2	0	1	1	26	3	26	0	0	0	26	0	235047	107819	105367	358677	971	4014	4908545	61	36	51	51	43
510	12	2	264	73	77	62	59	0	0	0	0	0	151	602	113	2	90	23	88	88	2	2	0	0	0	90	2	90	2	0	2	90	0	235311	107932	105457	359187	973	4014	4962918	191	89	89	83	66
866	22	0	221	59	54	52	60	0	0	0	0	0	137	488	84	3	41	43	36	38	5	3	1	3	0	41	6	41	0	0	0	41	0	235532	108016	105498	360053	973	4014	5191937	104	69	70	71	63
544	8	0	261	66	80	59	61	0	0	0	0	0	159	569	102	2	85	17	81	83	4	2	1	3	0	85	5	85	0	0	0	85	0	235793	108118	105583	360598	973	4014	5246311	193	80	99	78	67
541	12	0	161	45	41	39	41	0	0	0	0	0	116	331	45	0	21	24	20	21	1	0	0	1	0	21	1	21	0	0	0	21	0	235954	108163	105604	361139	973	4014	5394369	74	52	63	48	46
521	10	0	228	57	60	59	55	0	0	0	0	0	138	501	90	0	79	11	74	79	5	0	0	5	0	79	5	79	0	0	0	79	0	236182	108253	105683	361660	973	4014	5448732	178	71	80	66	63
855	17	0	248	57	65	63	64	0	0	0	0	0	157	542	91	1	41	50	39	40	2	1	1	2	0	41	3	41	0	0	0	41	0	236430	108344	105724	362515	973	4014	5677741	119	68	82	81	73
477	10	1	220	53	65	45	59	0	0	0	0	0	139	477	81	0	65	16	59	65	6	0	0	6	0	65	6	65	1	1	0	64	1	236651	108425	105789	362993	974	4015	5732113	165	62	88	62	63
607	11	0	168	47	42	41	41	0	0	0	0	0	99	372	69	0	39	30	36	39	3	0	0	3	0	39	3	39	0	0	0	39	0	236819	108494	105828	363600	974	4015	5880163	79	49	53	52	46
541	6	1	262	70	68	74	54	0	0	0	0	0	161	565	101	1	90	11	87	89	3	1	0	2	0	90	3	90	1	0	1	90	0	237081	108595	105918	364142	975	4015	5934536	195	75	93	89	61
915	14	0	280	70	63	76	77	0	0	0	0	0	197	608	83	1	43	40	42	42	1	1	1	1	0	43	2	43	0	0	0	43	0	237362	108678	105961	365059	975	4015	6163555	135	78	84	91	90
502	4	0	251	71	72	62	59	0	0	0	0	0	152	560	99	4	83	16	82	79	1	4	3	0	0	83	4	83	0	0	0	83	0	237613	108777	106044	365561	975	4015	6217929	184	82	92	82	70
538	12	0	140	38	34	38	34	0	0	0	0	0	93	291	47	0	18	29	18	18	0	0	0	0	0	18	0	18	0	0	0	18	0	237753	108824	106062	366099	975	4015	6365978	65	45	41	46	42
523	10	0	258	74	69	53	67	0	0	0	0	0	145	610	113	3	93	20	87	90	6	3	1	4	0	93	7	93	0	0	0	93	0	238011	108937	106155	366624	975	4015	6420352	186	83	85	73	78
862	9	0	244	63	58	58	70	0	0	0	0	0	173	501	71	1	37	34	35	36	2	1	0	1	0	37	2	37	0	0	0	37	0	238255	109008	106192	367486	975	4015	6649371	124	69	73	74	79
539	8	0	273	76	76	71	56	0	0	0	0	0	167	580	106	0	96	10	91	96	5	0	0	5	0	96	5	96	0	0	0	96	0	238528	109114	106288	368026	975	4015	6703744	203	86	103	91	65
546	3	0	168	41	47	36	49	0	0	0	0	0	114	359	54	0	20	34	20	20	0	0	0	0	0	20	0	20	0	0	0	20	0	238696	109168	106308	368573	975	4015	6851782	69	49	51	49	60
509	15	0	258	75	68	66	54	0	0	0	0	0	169	551	89	3	73	16	64	70	9	3	1	7	1	73	10	73	0	0	0	73	0	238954	109257	106381	369083	975	4015	6906154	200	88	89	83	63
887	12	0	236	71	63	53	55	0	0	0	0	0	138	528	98	1	40	58	37	39	3	1	1	3	0	40	4	40	0	0	0	40	0	239190	109355	106421	369971	975	4015	7135175	107	78	76	74	66
534	12	0	281	92	74	61	58	0	0	0	0	0	171	617	110	2	92	18	86	90	6	2	0	4	0	92	6	92	0	0	0	92	0	239471	109465	106513	370505	975	4015	7189547	204	106	103	80	67
551	13	0	167	38	37	42	52	0	0	0	0	0	107	355	60	0	33	27	30	33	3	0	0	3	0	33	3	33	0	0	0	33	0	239638	109525	106546	371056	975	4015	7337596	82	42	54	58	62
564	11	0	285	77	71	67	74	0	0	0	0	0	167	630	118	1	88	30	84	87	4	1	0	3	0	88	4	88	0	0	0	88	0	239923	109643	106634	371621	975	4015	7391970	199	84	93	81	80
830	15	0	235	55	63	68	54	0	0	0	0	0	160	511	75	0	40	35	37	40	3	0	0	3	0	40	3	40	0	0	0	40	0	240158	109718	106674	372451	975	4015	7620977	108	65	80	89	66
505	14	0	258	71	77	61	55	0	0	0	0	0	157	567	101	2	85	16	77	83	8	2	0	6	2	85	8	85	0	0	0	85	0	240417	109819	106759	372956	975	4015	7675363	183	85	96	80	66
576	13	0	179	46	42	45	49	0	0	0	0	0	121	389	58	1	27	31	26	27	1	0	0	1	0	27	1	27	0	0	0	27	0	240597	109877	106786	373533	975	4015	7823400	70	56	53	62	56
532	9	2	274	70	70	74	68	0	0	0	0	0	173	579	101	1	84	17	79	83	5	1	1	5	0	84	6	84	2	0	2	84	0	240872	109978	106870	374067	977	4015	7877785	198	80	91	100	81
884	10	0	259	64	64	62	81	0	0	0	0	0	166	554	93	1	53	40	50	53	3	0	0	3	0	53	3	53	0	0	0	53	0	241131	110071	106923	374951	977	4015	8106793	125	72	81	88	88
548	15	0	275	81	82	65	56	0	0	0	0	0	155	637	120	2	101	19	95	99	6	2	0	4	0	101	6	101	0	0	0	101	0	241406	110191	107024	375499	977	4015	8161166	210	91	104	81	60
593	8	0	147	36	42	28	43	0	0	0	0	0	101	320	46	0	26	20	24	26	2	0	0	2	0	26	2	26	0	0	0	26	0	241553	110237	107050	376092	977	4015	8309216	76	45	52	43	43
472	9	2	226	60	59	52	58	0	0	0	0	0	129	500	97	2	84	13	79	82	5	2	0	3	0	84	5	84	2	0	2	84	0	241780	110334	107134	376565	979	4015	8363589	176	69	79	64	63
876	13	0	252	62	57	76	61	0	0	0	0	0	181	531	71	1	35	36	33	34	2	1	0	1	0	35	2	35	0	0	0	35	0	242032	110405	107169	377441	979	4015	8592608	120	69	76	99	78
539	15	1	280	69	75	54	84	0	0	0	0	0	174	614	106	1	87	19	79	86	8	1	0	7	0	87	8	87	1	0	1	87	0	242313	110511	107256	377981	980	4015	8646981	203	81	91	70	92
587	11	0	163	41	42	36	48	0	0	0	0	0	119	343	44	1	23	21	22	22	1	1	1	1	0	23	2	23	0	0	0	23	0	242476	110555	107279	378568	980	4015	8795020	83	45	52	51	53
455	2	0	205	53	51	54	49	0	0	0	0	0	127	451	78	0	66	12	66	66	0	0	0	0	0	66	0	66	0	0	0	66	0	242681	110633	107345	379023	980	4015	8849403	142	57	69	67	62
949	19	0	231	54	61	60	64	0	0	0	0	0	144	510	87	3	55	32	53	52	2	3	1	0	0	55	3	55	0	0	0	55	0	242912	110720	107400	379972	980	4015	9078412	121	65	77	84	75
450	11	0	225	53	49	53	77	0	0	0	0	0	139	492	86	0	67	19	64	67	3	0	0	3	0	67	3	67	0	0	0	67	0	243137	110806	107467	380423	980	4015	9132795	156	61	61	74	82
559	3	0	151	49	32	31	41	0	0	0	0	0	95	331	56	0	23	33	21	23	2	0	0	2	0	23	2	23	0	0	0	23	0	243288	110862	107490	380982	980	4015	9280834	67	57	40	42	45
476	12	0	232	62	68	57	53	0	0	0	0	0	155	475	77	0	63	14	60	63	3	0	0	3	0	63	3	63	0	0	0	63	0	243520	110939	107553	381458	980	4015	9335218	154	68	87	71	68
881	9	0	249	58	72	66	60	0	0	0	0	0	156	544	93	1	47	46	45	46	2	1	0	1	0	47	2	47	0	0	0	47	0	243770	111033	107601	382340	980	4015	9564237	121	63	91	95	67
460	11	0	215	59	56	54	51	0	0	0	0	0	133	485	82	2	70	12	66	69	4	1	0	3	0	70	4	70	0	0	0	70	0	243987	111117	107673	382803	980	4015	9618611	152	68	68	71	65
600	6	0	164	37	46	43	39	0	0	0	0	0	102	344	62	0	34	28	34	34	0	0	0	0	0	34	0	34	0	0	0	34	0	244151	111179	107707	383403	980	4015	9766662	86	44	54	56	48
470	7	1	209	57	54	57	46	0	0	0	0	0	130	452	79	2	71	8	70	69	1	2	2	1	1	71	3	71	1	1	0	70	1	244360	111258	107778	383874	981	4016	9821034	165	65	72	73	58
874	17	1	246	75	72	54	59	0	0	0	0	0	152	542	94	2	53	41	48	51	5	2	0	3	2	53	5	53	1	1	0	52	1	244606	111352	107831	384748	982	4017	10050030	118	87	93	71	64
443	13	1	205	61	59	45	48	0	0	0	0	0	137	436	68	3	55	13	49	52	6	3	1	4	0	55	7	55	1	0	1	55	0	244812	111420	107886	385192	983	4017	10104403	151	70	79	55	56
580	8	0	151	44	41	39	32	0	0	0	0	0	99	328	52	2	33	19	32	31	1	2	1	0	0	33	2	33	0	0	0	33	0	244963	111472	107919	385773	983	4017	10252453	79	49	48	49	35
457	10	0	209	44	56	58	58	0	0	0	0	0	133	451	76	1	64	12	61	63	3	1	0	2	0	64	3	64	0	0	0	64	0	245172	111548	107983	386230	983	4017	10306826	156	58	68	67	71
923	19	0	235	63	48	67	63	0	0	0	0	0	151	504	84	2	47	37	41	45	6	2	0	4	1	47	6	47	0	0	0	47	0	245407	111632	108030	387154	983	4017	10535845	116	70	69	81	76
446	6	0	183	60	52	32	41	0	0	0	0	0	120	390	63	0	51	12	51	51	0	0	0	0	0	51	0	51	0	0	0	51	0	245590	111695	108081	387600	983	4017	10590219	135	63	70	39	45

processed_m4135_ME21_3300_test40_SRCoff_170516_173254_TMBCounters.txt																																													
alct0 valid pattern flag received	alct1 valid pattern flag received	raw hits readout   	Pretrigger   	Pretrigger on CFEB0	Pretrigger on CFEB1	Pretrigger on CFEB2	Pretrigger on CFEB3	Pretrigger on CFEB4	Pretrigger on CFEB5	Pretrigger on CFEB6	Pretrigger on ME1A CFEB 4-6 only	Pretrigger on ME1B CFEBs 0-3 only	Discarded, CLCT0 invalid pattern after drift	BX pretrig waiting for triads to dissipate	clct0 sent to TMB matching section	clct1 sent to TMB matching section	TMB accepted alct	TMB match reject event  	Matching found one ALCT	Matching found one CLCT	Matching found two ALCTs	Matching found two CLCTs	ALCT0 copied into ALCT1 to make 2nd LCT	CLCT0 copied into CLCT1 to make 2nd LCT	LCT1 has higher quality than LCT0 	Transmitted LCT0 to MPC	Transmitted LCT1 to MPC	MPC rejected both LCT0 and LCT1	L1A received   	L1A received, TMB in L1A window	L1A received, no TMB in window	TMB triggered, no L1A in window	TMB readouts completed	Pretrigger counter   	CLCT counter   	TMB trigger counter	ALCTs received counter	L1As received counter 	Readout counter 	Orbit counter	CLCT pre-trigger and ALCT coincidence counter	CFEB0 active flag sent to DMB for readout	CFEB1 active flag sent to DMB for readout	CFEB2 active flag sent to DMB for readout	CFEB3 active flag sent to DMB for readout
34622	1045	2850	14526	4932	4564	2781	2557	0	0	0	0	0	10643	28970	3883	102	3790	93	3409	3688	381	102	23	302	21	3790	404	3790	3458	286	3172	3504	286	14559	3891	3794	34782	3458	286	104812	12171	5753	5878	3637	3043
986	18	0	202	48	63	47	47	0	0	0	0	0	148	413	54	1	25	29	23	25	2	0	0	2	0	25	2	25	0	0	0	25	0	14761	3945	3819	35768	3458	286	387800	87	55	80	70	55
38038	1170	3153	15998	5396	4900	3141	2932	0	0	0	0	0	11675	32099	4323	131	4225	98	3768	4094	457	131	25	351	24	4225	482	4225	3800	304	3496	3921	304	30759	8268	8044	73806	3162	590	442184	13435	6321	6296	4060	3416
428	7	0	88	25	29	18	18	0	0	0	0	0	58	176	30	0	16	14	15	16	1	0	0	1	0	16	1	16	0	0	0	16	0	30847	8298	8060	74234	3162	590	590223	30	27	36	25	21
36908	1069	3069	15540	5292	4861	3031	2718	0	0	0	0	0	11190	31125	4350	123	4234	116	3833	4111	401	123	38	316	11	4234	439	4234	3695	294	3401	3940	294	46387	12648	12294	111143	2761	884	644606	13033	6193	6153	3915	3247
951	21	0	165	37	47	51	38	0	0	0	0	0	111	353	54	0	25	29	20	25	5	0	0	5	0	25	5	25	0	0	0	25	0	46552	12702	12319	112095	2761	884	927594	61	47	61	58	44
37950	1223	3173	15787	5459	4850	3068	2776	0	0	0	0	0	11359	31806	4428	125	4334	94	3856	4210	478	124	33	387	21	4334	511	4334	3821	335	3486	3999	335	62339	17130	16653	150045	2486	1219	981967	13380	6342	6196	4036	3317
507	8	0	92	20	32	18	27	0	0	0	0	0	65	182	27	3	10	17	8	8	2	2	0	0	1	10	2	10	0	0	0	10	0	62431	17157	16663	150552	2486	1219	1130017	34	27	38	28	31
35070	1088	2832	14728	4953	4591	2798	2693	0	0	0	0	0	10714	29632	4014	103	3926	88	3539	3823	387	103	23	307	22	3926	410	3926	3440	270	3170	3656	270	77159	21171	20589	185623	1830	1489	1184390	12431	5840	5813	3683	3167
933	9	0	172	38	49	45	41	0	0	0	0	0	129	339	43	1	10	33	10	9	0	1	1	0	0	10	1	10	0	0	0	10	0	77331	21214	20599	186556	1830	1489	1467378	52	52	71	58	46
35751	1062	2950	14986	5100	4628	2923	2659	0	0	0	0	0	10870	30021	4116	107	4004	112	3619	3897	385	107	32	310	19	4004	417	4004	3553	269	3284	3735	269	92317	25330	24603	222307	1287	1758	1521751	12626	5995	5885	3834	3166
493	5	0	77	18	19	22	21	0	0	0	0	0	56	154	21	0	9	12	8	9	1	0	0	1	0	9	1	9	0	0	0	9	0	92394	25351	24612	222800	1287	1758	1669801	26	24	26	28	24
35612	1158	3027	14887	5105	4614	2853	2652	0	0	0	0	0	10768	29807	4119	121	4015	104	3594	3894	421	121	30	330	22	4015	451	4015	3703	302	3401	3713	302	107281	29470	28627	258412	894	2060	1724174	12478	5935	5970	3771	3136
890	14	0	175	53	39	31	55	0	0	0	0	0	136	348	39	0	16	23	15	16	1	0	0	1	0	16	1	16	0	0	0	16	0	107456	29509	28643	259303	894	2060	2007171	65	62	51	47	61
38608	1160	3297	16227	5491	4931	3199	2952	0	0	0	0	0	11741	32524	4486	109	4372	114	3931	4263	441	109	28	360	17	4372	469	4372	3943	343	3600	4029	343	123683	33995	33015	297911	741	2403	2061545	13651	6416	6322	4135	3490
494	7	0	95	28	28	20	22	0	0	0	0	0	67	191	28	1	15	13	13	15	2	0	0	2	0	15	2	15	0	0	0	15	0	123778	34023	33030	298406	741	2403	2209596	42	30	41	24	26
39375	1199	3375	16382	5569	5001	3237	2930	0	0	0	0	0	11923	32802	4459	109	4362	97	3904	4253	458	109	30	379	27	4362	488	4362	4014	292	3722	4070	292	140161	38483	37393	337782	659	2695	2263968	13784	6509	6379	4155	3458
967	16	0	172	34	36	49	55	0	0	0	0	0	126	359	46	0	20	26	17	20	3	0	0	3	0	20	3	20	0	0	0	20	0	140333	38529	37413	338749	659	2695	2546956	76	43	47	61	59
38291	1178	3159	15986	5335	4941	3178	2880	0	0	0	0	0	11568	32052	4418	122	4329	89	3921	4207	408	122	36	322	15	4329	444	4329	3803	300	3503	4029	300	156319	42947	41742	377040	366	2995	2601340	13429	6235	6293	4034	3488
482	8	0	83	17	20	20	27	0	0	0	0	0	63	153	20	0	6	14	6	6	0	0	0	0	0	6	0	6	0	0	0	6	0	156402	42967	41748	377522	366	2995	2749377	23	20	25	27	29
36435	1118	3103	15142	5279	4589	3038	2575	0	0	0	0	0	10976	30393	4166	100	4076	90	3699	3976	377	100	27	304	26	4076	404	4076	3716	302	3414	3774	302	171544	47133	45824	413959	4082	3297	2803752	12739	6121	5932	3894	3097
952	14	0	177	41	47	44	53	0	0	0	0	0	131	351	46	2	20	26	16	19	4	1	0	3	1	20	4	20	0	0	0	20	0	171721	47179	45844	414912	4082	3297	3086749	63	46	60	58	61
37917	1105	3186	15812	5434	4826	3065	2838	0	0	0	0	0	11488	31588	4324	124	4198	126	3771	4075	427	123	29	333	28	4198	456	4198	3833	322	3511	3876	322	187533	51503	50042	452829	3819	3619	3141123	13299	6334	6221	4009	3399
435	4	0	79	26	20	21	17	0	0	0	0	0	56	160	23	0	10	13	8	10	2	0	0	2	0	10	2	10	0	0	0	10	0	187612	51526	50052	453265	3819	3619	3289172	32	29	29	27	17
36878	1083	3151	15178	5175	4664	2947	2721	0	0	0	0	0	11068	30354	4110	116	4002	108	3615	3886	387	116	25	296	26	4002	412	4002	3796	310	3486	3692	310	202793	55636	54054	490147	3519	3929	3343546	12801	6092	6033	3822	3215

