processed_m4510_ME21_HV0_test40_SRCoff_170715_213442_TMBCounters.txt																																													
alct0 valid pattern flag received	alct1 valid pattern flag received	raw hits readout   	Pretrigger   	Pretrigger on CFEB0	Pretrigger on CFEB1	Pretrigger on CFEB2	Pretrigger on CFEB3	Pretrigger on CFEB4	Pretrigger on CFEB5	Pretrigger on CFEB6	Pretrigger on ME1A CFEB 4-6 only	Pretrigger on ME1B CFEBs 0-3 only	Discarded, CLCT0 invalid pattern after drift	BX pretrig waiting for triads to dissipate	clct0 sent to TMB matching section	clct1 sent to TMB matching section	TMB accepted alct	TMB match reject event  	Matching found one ALCT	Matching found one CLCT	Matching found two ALCTs	Matching found two CLCTs	ALCT0 copied into ALCT1 to make 2nd LCT	CLCT0 copied into CLCT1 to make 2nd LCT	LCT1 has higher quality than LCT0 	Transmitted LCT0 to MPC	Transmitted LCT1 to MPC	MPC rejected both LCT0 and LCT1	L1A received   	L1A received, TMB in L1A window	L1A received, no TMB in window	TMB triggered, no L1A in window	TMB readouts completed	Pretrigger counter   	CLCT counter   	TMB trigger counter	ALCTs received counter	L1As received counter 	Readout counter 	Orbit counter	CLCT pre-trigger and ALCT coincidence counter	CFEB0 active flag sent to DMB for readout	CFEB1 active flag sent to DMB for readout	CFEB2 active flag sent to DMB for readout	CFEB3 active flag sent to DMB for readout
51003	2435	2066	62740	20330	17650	13577	13972	0	0	0	0	0	19207	164653	43533	1875	43264	269	41111	41390	2153	1874	646	925	333	43264	2799	43264	2072	2031	41	41233	2031	79171	43595	43287	51595	2072	2031	104937	23480	23298	22828	17605	15598
1708	11	0	47951	11690	10933	8760	16812	0	0	0	0	0	47766	59596	185	1	69	116	65	68	4	1	0	3	1	69	4	69	0	0	0	69	0	127156	43780	43356	53303	2072	2031	252974	89	13283	14413	10760	17529
56431	2773	2276	67846	22311	19244	14404	14915	0	0	0	0	0	19592	180206	48254	2034	47915	339	45467	45883	2448	2032	654	1070	366	47915	3102	47915	2285	2253	32	45662	2253	195039	92034	91271	109735	261	188	307350	25842	25549	24929	18840	16671
1730	12	0	47984	11618	11156	8746	16733	0	0	0	0	0	47784	59872	200	2	88	112	85	86	3	2	1	2	1	88	4	88	0	0	0	88	0	243051	92234	91359	111468	261	188	455400	107	13224	14537	10760	17452
52157	2524	2092	63886	21131	17684	13809	14136	0	0	0	0	0	19268	168124	44618	1968	44291	327	42071	42327	2220	1964	663	919	340	44291	2883	44291	2098	2055	43	42236	2055	306972	136852	135650	163629	2359	2243	509770	24080	23982	23068	17784	15808
1698	14	0	48066	11598	11028	8957	16708	0	0	0	0	0	47851	60150	215	1	89	126	84	88	5	1	0	4	0	89	5	89	0	0	0	89	0	355074	137067	135739	165327	2359	2243	657823	101	13232	14476	10840	17424
53253	2601	2078	64585	21146	18034	13980	14291	0	0	0	0	0	19079	170931	45506	1980	45187	319	42894	43209	2293	1978	667	982	339	45187	2960	45187	2086	2046	40	43141	2046	419699	182574	180926	218581	349	193	712193	24329	24221	23321	18102	16010
1700	12	0	48528	11831	11126	8838	17003	0	0	0	0	0	48344	60448	184	2	74	110	69	73	5	1	1	5	1	74	6	74	0	0	0	74	0	468274	182758	181000	220281	349	193	860246	101	13512	14776	10781	17720
52739	2587	2078	64334	20897	18101	13958	14280	0	0	0	0	0	19305	169481	45029	1904	44728	301	42444	42827	2284	1901	607	990	359	44728	2891	44728	2084	2055	29	42673	2055	532644	227787	225728	273020	2433	2248	914616	24124	23939	23350	18090	15933
1708	18	0	47743	11617	11052	8719	16606	0	0	0	0	0	47555	59431	188	4	80	108	70	76	10	4	0	6	0	80	10	80	0	0	0	80	0	580429	227977	225809	274729	2433	2248	1062657	88	13332	14466	10617	17333
51912	2491	2038	63380	20661	17648	13687	14128	0	0	0	0	0	18936	167097	44444	1862	44101	343	41868	42243	2233	1858	622	997	353	44101	2855	44101	2046	1999	47	42102	1999	643844	272421	269910	326641	383	151	1117039	23870	23563	22879	17715	15839
1699	14	0	47894	11727	10935	8706	16760	0	0	0	0	0	47695	59776	199	3	75	124	71	72	4	3	1	2	1	75	5	75	0	0	0	75	0	691779	272620	269985	328340	383	151	1265080	95	13336	14474	10661	17495
50490	2459	2020	62295	20238	17412	13445	13910	0	0	0	0	0	19173	163209	43122	1804	42825	297	40641	41023	2184	1802	617	999	345	42825	2801	42825	2031	1982	49	40843	1982	754098	315742	312810	378830	2414	2133	1319454	23131	23214	22505	17339	15591
1759	15	0	47991	11787	10954	8768	16739	0	0	0	0	0	47805	59786	186	2	85	101	78	83	7	2	0	5	0	85	7	85	0	0	0	85	0	802138	315928	312895	380590	2414	2133	1467502	104	13372	14435	10749	17397
52216	2558	2082	63690	20867	17799	13755	14136	0	0	0	0	0	18945	168076	44745	1974	44390	355	42124	42417	2266	1973	669	962	345	44390	2935	44390	2086	2053	33	42337	2053	865867	360673	357285	432810	404	90	1521874	23934	23812	23118	17856	15854
1725	10	0	48096	11803	11017	8761	16779	0	0	0	0	0	47889	60140	207	3	81	126	77	78	4	3	1	2	0	81	5	81	0	0	0	81	0	914003	360880	357366	434536	404	90	1669915	99	13411	14472	10719	17537
53945	2687	2244	65451	21541	18468	14031	14295	0	0	0	0	0	19366	173149	46085	1971	45751	334	43373	43786	2378	1965	663	1076	383	45751	3041	45751	2251	2217	34	43534	2217	979494	406965	403117	488482	2655	2307	1724297	24756	24650	23829	18159	16023
1737	10	0	48040	11721	10984	8860	16750	0	0	0	0	0	47868	59659	172	3	78	94	75	76	3	2	0	1	1	78	3	78	0	0	0	78	0	1027572	407137	403195	490221	2655	2307	1872346	112	13327	14477	10836	17445
54930	2654	2180	66161	21771	18588	14316	14489	0	0	0	0	0	19230	175513	46931	2021	46620	311	44288	44601	2332	2019	702	1015	394	46620	3034	46620	2185	2140	45	44480	2140	1093763	454068	449815	545151	744	351	1926721	25318	24754	24077	18559	16303
1752	16	0	47935	11791	10869	8642	16885	0	0	0	0	0	47740	59886	195	2	77	118	71	75	6	2	0	4	0	77	6	77	0	0	0	77	0	1141747	454263	449892	546904	744	351	2074758	93	13373	14331	10614	17617
53559	2541	2171	64913	21205	18023	14229	14343	0	0	0	0	0	19204	171526	45709	1885	45367	342	43138	43483	2229	1884	658	1003	369	45367	2887	45367	2177	2138	39	43229	2138	1206709	499972	495259	600463	2921	2489	2129143	24795	24249	23353	18337	16114
1691	11	0	48084	11864	10993	8757	16746	0	0	0	0	0	47895	59878	189	2	84	105	79	83	5	1	0	4	0	84	5	84	0	0	0	84	0	1254840	500161	495343	602155	2921	2489	2277205	95	13577	14623	10667	17487
52142	2559	2101	63776	20620	17843	13905	14274	0	0	0	0	0	19246	167791	44530	1953	44194	336	41929	42242	2265	1952	676	989	383	44194	2941	44194	2110	2067	43	42127	2067	1318641	544691	539537	654299	935	460	2331566	24141	23589	23160	17998	15984
1774	13	0	47965	11636	10984	8922	16688	0	0	0	0	0	47769	59826	196	2	89	107	85	87	4	2	1	3	0	89	5	89	0	0	0	89	0	1366649	544887	539626	656074	935	460	2479604	101	13254	14407	10835	17452
54524	2639	2152	65972	21391	18422	14356	14722	0	0	0	0	0	19263	174805	46709	1969	46347	362	44019	44380	2328	1967	670	1031	363	46347	2998	46347	2162	2117	45	44230	2117	1432657	591597	585974	710601	3097	2577	2533977	25318	24501	23889	18569	16479
1678	12	0	48306	11799	10946	8950	16867	0	0	0	0	0	48114	60268	192	4	83	109	77	79	6	4	1	3	1	83	7	83	0	0	0	83	0	1481003	591789	586057	712280	3097	2577	2682026	99	13439	14478	10899	17581
51704	2527	1992	63399	20775	17573	13683	14167	0	0	0	0	0	19204	166585	44195	1848	43850	345	41593	42005	2257	1845	608	1020	371	43850	2865	43850	1999	1958	41	41892	1958	1544446	635985	629908	763986	1000	439	2736402	23746	23679	22782	17634	15897
1714	17	0	48073	11621	11097	8828	16806	0	0	0	0	0	47875	59993	198	3	81	117	78	79	3	2	0	1	0	81	3	81	0	0	0	81	0	1592546	636184	629989	765702	1000	439	2884451	103	13239	14612	10799	17500
53923	2586	2105	65456	21364	18382	13972	14600	0	0	0	0	0	19373	172963	46083	1946	45768	315	43477	43825	2291	1943	633	981	335	45768	2924	45768	2114	2075	39	43693	2075	1658042	682267	675757	819629	3114	2514	2938825	24863	24390	23874	18119	16197
1775	14	0	48299	11867	11071	8770	16878	0	0	0	0	0	48094	60351	205	2	94	111	89	92	5	2	1	4	0	94	6	94	0	0	0	94	0	1706384	682472	675851	821405	3114	2514	3086874	116	13513	14519	10812	17611
53270	2601	2149	64731	21015	17964	14143	14444	0	0	0	0	0	19210	171076	45521	1959	45216	305	42930	43260	2286	1956	664	994	398	45216	2950	45216	2157	2129	28	43087	2129	1771152	727993	721067	874676	1175	547	3141248	24744	23977	23470	18309	16180
1703	13	0	47988	11819	11058	8764	16618	0	0	0	0	0	47821	59792	167	3	67	100	62	65	5	2	1	4	1	67	6	67	0	0	0	67	0	1819177	728160	721134	876379	1175	547	3289286	105	13407	14593	10743	17347
54268	2637	2212	65511	21646	18254	14108	14431	0	0	0	0	0	19223	173565	46288	1951	45975	313	43673	44026	2302	1949	676	1029	368	45975	2978	45975	2221	2181	40	43794	2181	1884723	774448	767109	930648	3396	2728	3343668	24918	24751	23737	18153	16151
1725	21	0	48195	11494	11156	8835	16985	0	0	0	0	0	47991	59909	204	1	80	124	74	79	6	1	0	5	0	80	6	80	0	0	0	80	0	1932956	774653	767190	932376	3396	2728	3491710	109	13170	14585	10844	17716
50573	2387	2060	62503	20327	17466	13290	14159	0	0	0	0	0	19274	163676	43229	1821	42949	280	40863	41131	2086	1818	622	890	366	42949	2708	42949	2071	2024	47	40925	2024	1995500	817883	810140	982950	1371	656	3546094	23400	23237	22490	17272	15770
1804	15	0	48150	11986	10985	8841	16614	0	0	0	0	0	47961	60064	189	6	103	86	97	97	6	6	2	2	1	103	8	103	0	0	0	103	0	2043685	818072	810243	984756	1371	656	3694132	114	13623	14539	10828	17341

processed_m4514_ME21_HV0_test40_SRCoff_170715_222607_TMBCounters.txt																																													
alct0 valid pattern flag received	alct1 valid pattern flag received	raw hits readout   	Pretrigger   	Pretrigger on CFEB0	Pretrigger on CFEB1	Pretrigger on CFEB2	Pretrigger on CFEB3	Pretrigger on CFEB4	Pretrigger on CFEB5	Pretrigger on CFEB6	Pretrigger on ME1A CFEB 4-6 only	Pretrigger on ME1B CFEBs 0-3 only	Discarded, CLCT0 invalid pattern after drift	BX pretrig waiting for triads to dissipate	clct0 sent to TMB matching section	clct1 sent to TMB matching section	TMB accepted alct	TMB match reject event  	Matching found one ALCT	Matching found one CLCT	Matching found two ALCTs	Matching found two CLCTs	ALCT0 copied into ALCT1 to make 2nd LCT	CLCT0 copied into CLCT1 to make 2nd LCT	LCT1 has higher quality than LCT0 	Transmitted LCT0 to MPC	Transmitted LCT1 to MPC	MPC rejected both LCT0 and LCT1	L1A received   	L1A received, TMB in L1A window	L1A received, no TMB in window	TMB triggered, no L1A in window	TMB readouts completed	Pretrigger counter   	CLCT counter   	TMB trigger counter	ALCTs received counter	L1As received counter 	Readout counter 	Orbit counter	CLCT pre-trigger and ALCT coincidence counter	CFEB0 active flag sent to DMB for readout	CFEB1 active flag sent to DMB for readout	CFEB2 active flag sent to DMB for readout	CFEB3 active flag sent to DMB for readout
53793	2420	2165	60060	19416	16987	12922	12420	0	0	0	0	0	26686	143861	33374	1070	33098	276	31243	32028	1855	1070	365	1150	212	33098	2220	33098	2173	1478	695	31620	1478	73607	33416	33118	54234	2173	1478	104938	43081	22245	22075	16713	14064
1381	12	0	39404	9935	9265	7580	12835	0	0	0	0	0	39283	48929	121	1	36	85	34	35	2	1	0	1	0	36	2	36	0	0	0	36	0	113045	33537	33154	55618	2173	1478	252987	110	11286	12261	9201	13439
52178	2374	2101	58460	18903	16485	12597	12169	0	0	0	0	0	26289	139702	32171	1088	31919	252	30104	30832	1815	1087	313	1041	225	31919	2128	31919	2112	1417	695	30502	1417	171532	65708	65073	107798	189	2895	307360	41797	21627	21450	16351	13700
1421	9	0	39716	9875	9318	7554	13182	0	0	0	0	0	39595	49409	121	3	52	69	47	50	5	2	1	4	1	52	6	52	0	0	0	52	0	211288	65829	65125	109221	189	2895	455410	124	11317	12288	9284	13831
52262	2355	2140	58433	18857	16365	12687	12198	0	0	0	0	0	26184	139831	32249	1064	32002	246	30189	30939	1813	1063	360	1110	225	32002	2173	32002	2146	1447	699	30555	1447	269767	98078	97127	161483	2335	246	509782	41691	21583	21246	16437	13725
1332	17	0	39622	9862	9231	7727	13019	0	0	0	0	0	39471	49040	151	0	58	93	56	58	2	0	0	2	0	58	2	58	0	0	0	58	0	309431	98229	97185	162817	2335	246	657833	120	11188	12239	9431	13602
54137	2468	2161	60141	19501	17013	12855	12549	0	0	0	0	0	26824	144032	33317	1081	33042	275	31176	31962	1866	1080	347	1133	211	33042	2213	33042	2176	1446	730	31596	1446	369609	131546	130227	216954	415	1692	712206	43237	22316	21897	16789	14144
1286	6	0	39524	9832	9414	7582	12926	0	0	0	0	0	39382	49015	142	1	50	92	49	49	1	1	1	1	0	50	2	50	0	0	0	50	0	409161	131689	130277	218242	415	1692	860244	116	11152	12338	9323	13548
54755	2462	2132	60799	19572	17096	13346	12643	0	0	0	0	0	27028	145937	33771	1079	33496	275	31610	32418	1886	1078	357	1165	224	33496	2243	33496	2147	1439	708	32057	1439	469993	165460	163773	272999	2562	3131	914619	43746	22366	22321	17249	14293
1328	8	0	39349	9771	9432	7645	12737	0	0	0	0	0	39195	48726	154	1	58	96	57	57	1	1	1	1	0	58	2	58	0	0	0	58	0	509370	165614	163831	274327	2562	3131	1062667	121	11211	12438	9314	13420
53008	2335	2161	59293	19113	16717	12730	12385	0	0	0	0	0	26624	141633	32669	1031	32411	258	30639	31382	1772	1029	341	1084	204	32411	2113	32411	2165	1441	724	30970	1441	568684	198283	196242	327337	631	476	1117052	42385	21929	21598	16437	13966
1362	20	0	39529	9834	9436	7662	12793	0	0	0	0	0	39398	49069	131	0	43	88	38	43	5	0	0	5	0	43	5	43	0	0	0	43	0	608255	198415	196285	328700	631	476	1265090	125	11210	12297	9350	13443
53380	2393	2165	59509	19127	16792	12989	12438	0	0	0	0	0	26572	142543	32937	1030	32654	283	30806	31625	1848	1029	344	1163	196	32654	2192	32654	2175	1433	742	31221	1433	667787	231352	228939	382082	2806	1909	1319462	42704	21836	21930	16794	14009
1340	8	0	39534	9975	9312	7577	12880	0	0	0	0	0	39391	48989	143	1	49	94	48	49	1	0	0	1	0	49	1	49	0	0	0	49	0	707354	231496	228989	383425	2806	1909	1467513	106	11379	12264	9292	13478
52241	2347	2103	58373	18829	16468	12615	12110	0	0	0	0	0	26183	139703	32190	1062	31933	257	30142	30871	1791	1062	354	1083	200	31933	2145	31933	2112	1421	691	30512	1421	765756	263686	260922	435667	822	3330	1521885	41674	21571	21370	16246	13756
1394	6	0	39426	9982	9298	7589	12756	0	0	0	0	0	39260	48968	166	1	53	113	52	52	1	1	1	1	0	53	2	53	0	0	0	53	0	805211	263852	260975	437061	822	3330	1669936	130	11411	12332	9205	13399
53938	2493	2240	59950	19530	16892	12889	12399	0	0	0	0	0	26527	143889	33423	1083	33161	262	31261	32078	1900	1083	351	1168	229	33161	2251	33161	2252	1499	753	31662	1499	865201	297275	294136	491003	3074	733	1724309	43136	22319	21974	16576	13934
1359	15	0	39520	9873	9309	7636	12925	0	0	0	0	0	39393	49141	127	1	57	70	55	56	2	1	1	2	0	57	3	57	0	0	0	57	0	904758	297403	294194	492363	3074	733	1872348	124	11192	12307	9273	13560
54873	2558	2275	60865	19574	17229	13282	12562	0	0	0	0	0	26835	146508	34030	1112	33757	273	31770	32647	1987	1110	344	1221	232	33757	2331	33757	2284	1535	749	32222	1535	965651	331433	327951	547236	1262	2268	1926732	43856	22432	22482	17151	14190
1370	13	0	38980	9712	9179	7538	12782	0	0	0	0	0	38835	48512	145	4	60	85	54	56	6	4	2	4	1	60	8	60	0	0	0	60	0	1004672	331578	328011	548608	1262	2268	2074772	121	11043	12046	9172	13444
53875	2439	2204	60190	19357	17062	13201	12280	0	0	0	0	0	26677	144280	33513	1059	33234	279	31404	32175	1830	1059	357	1128	200	33234	2187	33234	2217	1485	732	31749	1485	1064896	365091	361245	602483	3479	3753	2129145	42958	22222	22114	16935	13940
1314	10	0	39297	9865	9427	7533	12689	0	0	0	0	0	39166	48815	131	2	47	84	45	45	2	2	0	0	1	47	2	47	0	0	0	47	0	1104229	365223	361293	603800	3479	3753	2277194	124	11289	12358	9180	13285
52084	2311	2109	58393	18867	16516	12567	12106	0	0	0	0	0	26406	139396	31987	1038	31731	256	29948	30693	1783	1038	338	1083	227	31731	2121	31731	2115	1433	682	30298	1433	1162650	397210	393024	655887	1498	1090	2331568	41465	21560	21498	16262	13686
1348	10	0	39720	9846	9345	7775	12969	0	0	0	0	0	39575	49287	145	2	60	85	59	58	1	2	2	1	1	60	3	60	0	0	0	60	0	1202395	397356	393084	657236	1498	1090	2479615	125	11226	12411	9407	13598
54618	2512	2297	60718	19839	17081	13102	12491	0	0	0	0	0	26837	145880	33881	1091	33607	274	31675	32516	1932	1091	332	1173	224	33607	2264	33607	2309	1517	792	32090	1517	1263151	431237	426691	711854	3807	2607	2533989	43714	22631	22233	16890	14088
1360	9	0	39584	9973	9444	7447	12920	0	0	0	0	0	39428	49203	156	0	50	106	50	50	0	0	0	0	0	50	0	50	0	0	0	50	0	1302781	431394	426741	713214	3807	2607	2682041	112	11382	12432	9156	13520
55000	2469	2263	60911	19831	16981	13186	12661	0	0	0	0	0	26818	146402	34093	1090	33823	270	31910	32734	1913	1089	328	1152	237	33823	2241	33823	2278	1548	730	32275	1548	1363721	465487	460564	768215	1989	59	2736413	43977	22685	22134	17029	14337
1349	6	0	39606	9965	9364	7511	12964	0	0	0	0	0	39491	49118	115	0	34	81	34	34	0	0	0	0	0	34	0	34	0	0	0	34	0	1403365	465602	460598	769564	1989	59	2884451	96	11380	12382	9173	13626
50488	2199	2090	57180	18589	15853	12350	12037	0	0	0	0	0	25899	136055	31281	1017	31033	248	29345	30016	1688	1017	337	1008	175	31033	2025	31033	2097	1412	685	29621	1412	1460584	496883	491631	820053	4086	1471	2938834	40446	21162	20704	15969	13573
1408	10	0	39598	9712	9357	7665	13070	0	0	0	0	0	39465	49245	133	0	43	90	42	43	1	0	0	1	0	43	1	43	0	0	0	43	0	1500213	497017	491674	821463	4086	1471	3086874	109	11115	12345	9287	13662
55869	2526	2239	61822	19991	17395	13561	12653	0	0	0	0	0	27280	148791	34542	1114	34272	270	32328	33158	1944	1114	381	1211	240	34272	2325	34272	2251	1494	757	32778	1494	1562064	531559	525946	877332	2241	2965	3141259	44655	22885	22844	17434	14313
1396	14	0	39189	9821	9488	7383	12703	0	0	0	0	0	39054	48741	135	1	59	76	53	58	6	1	0	5	1	59	6	59	0	0	0	59	0	1601286	531694	526005	878728	2241	2965	3289299	127	11256	12542	9008	13324
51474	2350	2058	58105	18634	16409	12602	12085	0	0	0	0	0	26016	138851	32089	1052	31814	275	29984	30762	1830	1052	339	1117	205	31814	2169	31814	2072	1371	701	30443	1371	1659427	563783	557819	930205	217	240	3343669	41236	21308	21313	16301	13660
1348	17	0	39644	9906	9518	7511	12905	0	0	0	0	0	39524	49134	120	2	49	71	43	47	6	2	0	4	1	49	6	49	0	0	0	49	0	1699095	563903	557868	931553	217	240	3491720	124	11265	12575	9204	13547
57340	2561	2357	62873	20661	17571	13600	12953	0	0	0	0	0	27475	151840	35398	1119	35162	236	33205	34044	1957	1118	356	1195	220	35162	2313	35162	2366	1612	754	33550	1612	1761998	599301	593030	988893	2583	1852	3546094	45851	23546	22965	17525	14638
1337	5	0	39992	9873	9554	7635	13153	0	0	0	0	0	39880	49664	112	1	40	72	39	39	1	1	0	0	0	40	1	40	0	0	0	40	0	1802030	599413	593070	990231	2583	1852	3694133	97	11271	12550	9371	13788

processed_m4515_ME21_HV0_test40_SRCoff_170715_223524_TMBCounters.txt																																													
alct0 valid pattern flag received	alct1 valid pattern flag received	raw hits readout   	Pretrigger   	Pretrigger on CFEB0	Pretrigger on CFEB1	Pretrigger on CFEB2	Pretrigger on CFEB3	Pretrigger on CFEB4	Pretrigger on CFEB5	Pretrigger on CFEB6	Pretrigger on ME1A CFEB 4-6 only	Pretrigger on ME1B CFEBs 0-3 only	Discarded, CLCT0 invalid pattern after drift	BX pretrig waiting for triads to dissipate	clct0 sent to TMB matching section	clct1 sent to TMB matching section	TMB accepted alct	TMB match reject event  	Matching found one ALCT	Matching found one CLCT	Matching found two ALCTs	Matching found two CLCTs	ALCT0 copied into ALCT1 to make 2nd LCT	CLCT0 copied into CLCT1 to make 2nd LCT	LCT1 has higher quality than LCT0 	Transmitted LCT0 to MPC	Transmitted LCT1 to MPC	MPC rejected both LCT0 and LCT1	L1A received   	L1A received, TMB in L1A window	L1A received, no TMB in window	TMB triggered, no L1A in window	TMB readouts completed	Pretrigger counter   	CLCT counter   	TMB trigger counter	ALCTs received counter	L1As received counter 	Readout counter 	Orbit counter	CLCT pre-trigger and ALCT coincidence counter	CFEB0 active flag sent to DMB for readout	CFEB1 active flag sent to DMB for readout	CFEB2 active flag sent to DMB for readout	CFEB3 active flag sent to DMB for readout
53280	2531	2148	63190	20536	17789	13620	13573	0	0	0	0	0	19715	167093	43475	1737	43168	307	40971	41432	2197	1736	576	1037	369	43168	2773	43168	2155	2008	147	41160	2008	78052	43531	43186	53754	2155	2008	104936	41707	23445	23051	17665	15284
1445	12	0	44167	10875	10290	8422	14800	0	0	0	0	0	43994	54973	173	1	70	103	69	69	1	1	1	1	1	70	2	70	0	0	0	70	0	122303	43704	43256	55199	2155	2008	253001	121	12366	13546	10259	15479
54726	2584	2225	64178	21251	17918	13776	13616	0	0	0	0	0	19453	170838	44725	1771	44445	280	42214	42676	2231	1769	579	1041	378	44445	2810	44445	2235	2107	128	42338	2107	186518	88429	87701	109926	294	19	307362	42769	24280	23319	17893	15332
1466	10	0	43885	11156	10278	8186	14492	0	0	0	0	0	43722	54507	163	6	70	93	67	65	3	5	4	2	1	70	7	70	0	0	0	70	0	230437	88592	87771	111393	294	19	455408	116	12673	13520	10013	15169
55709	2614	2310	65278	21376	18207	14137	13853	0	0	0	0	0	19765	173765	45513	1777	45215	298	42977	43440	2238	1775	594	1057	384	45215	2832	45215	2321	2166	155	43049	2166	295748	134106	132987	167105	2615	2185	509782	43553	24416	23692	18246	15589
1504	13	0	44235	11089	10285	8281	14809	0	0	0	0	0	44042	55062	193	1	80	113	73	79	7	1	1	7	1	80	8	80	0	0	0	80	0	340014	134299	133067	168610	2615	2185	657820	133	12583	13534	10211	15471
53067	2501	2122	62855	20685	17501	13569	13340	0	0	0	0	0	19417	166508	43438	1680	43146	292	40981	41470	2165	1676	548	1037	346	43146	2713	43146	2131	2008	123	41138	2008	402900	177738	176214	221679	650	97	712196	41548	23560	22834	17590	15060
1465	13	0	44320	11016	10366	8349	14814	0	0	0	0	0	44138	55030	182	2	70	112	70	69	0	1	1	0	0	70	1	70	0	0	0	70	0	447245	177920	176284	223146	650	97	860244	131	12508	13613	10204	15475
54237	2516	2255	64153	21233	17686	13831	13766	0	0	0	0	0	19672	169955	44481	1748	44159	322	41989	42413	2170	1746	622	1046	350	44159	2792	44159	2260	2125	135	42034	2125	511435	222401	220443	277383	2910	2222	914640	42536	24119	22968	17944	15521
1492	14	0	44211	10800	10422	8287	14931	0	0	0	0	0	44045	54840	166	2	65	101	61	64	4	1	0	3	0	65	4	65	0	0	0	65	0	555689	222567	220508	278876	2910	2222	1062658	124	12285	13675	10105	15643
57903	2786	2421	67406	22202	18786	14751	14186	0	0	0	0	0	19991	180253	47415	1837	47052	363	44628	45218	2424	1834	630	1220	376	47052	3054	47052	2429	2289	140	44763	2289	623136	269982	267560	336779	1243	415	1117039	45245	25324	24475	19169	16040
1533	19	0	43979	11074	10304	8295	14534	0	0	0	0	0	43802	54844	177	4	72	105	65	69	7	3	1	5	3	72	8	72	0	0	0	72	0	667153	270160	267633	338314	1243	415	1265089	139	12534	13596	10103	15190
53909	2528	2212	63843	20780	17925	13880	13637	0	0	0	0	0	19669	169173	44174	1753	43893	281	41720	42141	2173	1752	582	1003	373	43893	2755	43893	2219	2102	117	41791	2102	731034	314335	311527	392224	3462	2517	1319465	42265	23658	23223	18028	15306
1448	15	0	44018	10959	10284	8223	14764	0	0	0	0	0	43825	54830	193	2	78	115	75	76	3	2	0	1	2	78	3	78	0	0	0	78	0	775087	314528	311605	393672	3462	2517	1467513	130	12402	13505	10052	15430
56413	2786	2261	65878	21449	18539	14491	13895	0	0	0	0	0	19789	176053	46089	1919	45733	356	43338	43816	2395	1917	623	1101	365	45733	3018	45733	2271	2130	141	43603	2130	841005	360617	357338	450087	1637	551	1521887	43987	24429	24088	18741	15660
1497	11	0	44117	10940	10330	8374	14671	0	0	0	0	0	43953	54601	164	5	80	84	74	75	6	5	1	2	1	80	7	80	0	0	0	80	0	885162	360781	357418	451587	1637	551	1669924	136	12423	13585	10188	15333
53544	2538	2155	63236	20882	17853	13420	13431	0	0	0	0	0	19575	167593	43661	1751	43372	289	41143	41622	2229	1750	594	1073	377	43372	2823	43372	2167	2031	136	41341	2031	948431	404442	400790	505134	3804	2582	1724310	41998	23847	23055	17409	15109
1415	13	0	44180	11087	10338	8362	14639	0	0	0	0	0	44008	54943	172	0	68	104	65	68	3	0	0	3	0	68	3	68	0	0	0	68	0	992648	404614	400858	506550	3804	2582	1872337	117	12656	13645	10245	15353
56341	2717	2310	65842	21759	18238	14322	13962	0	0	0	0	0	19693	175735	46149	1783	45827	322	43461	44046	2366	1781	543	1128	343	45827	2909	45827	2329	2165	164	43662	2165	1058533	450763	446685	562891	2037	651	1926712	44037	24742	23680	18532	15727
1458	16	0	43836	10982	10289	8246	14561	0	0	0	0	0	43670	54331	166	4	69	97	64	65	5	4	3	4	1	69	8	69	0	0	0	69	0	1102400	450929	446754	564349	2037	651	2074760	147	12520	13570	10082	15228
54743	2543	2194	64355	20945	18053	13960	13830	0	0	0	0	0	19651	171064	44704	1780	44398	306	42190	42621	2208	1777	606	1037	389	44398	2814	44398	2203	2064	139	42334	2064	1166810	495633	491152	619094	144	2715	2129143	42790	23925	23365	18092	15554
1455	12	0	43959	10931	10312	8236	14735	0	0	0	0	0	43756	54671	203	4	102	101	99	98	3	4	2	1	2	102	5	102	0	0	0	102	0	1210818	495836	491254	620550	144	2715	2277183	150	12421	13545	10030	15412
53347	2579	2174	62994	20599	17775	13616	13345	0	0	0	0	0	19538	166931	43456	1666	43146	310	40941	41482	2205	1664	550	1091	358	43146	2755	43146	2180	2028	152	41118	2028	1273840	539292	534400	673897	2324	647	2331555	41662	23473	22977	17669	14952
1484	12	0	44600	11289	10384	8386	14791	0	0	0	0	0	44433	55437	167	2	67	100	61	65	6	2	1	5	0	67	7	67	0	0	0	67	0	1318475	539459	534467	675381	2324	647	2479606	117	12895	13663	10164	15511
54639	2619	2210	64129	21235	17994	13920	13407	0	0	0	0	0	19460	170710	44669	1756	44362	307	42107	42609	2255	1753	616	1118	366	44362	2871	44362	2217	2098	119	42264	2098	1382642	584128	578829	730022	445	2745	2533978	42635	24177	23406	18080	15076
1499	12	0	44400	11154	10451	8315	14735	0	0	0	0	0	44230	55292	170	2	72	98	68	70	4	2	0	2	0	72	4	72	0	0	0	72	0	1427085	584299	578901	731522	445	2745	2682027	117	12601	13676	10215	15429
52165	2492	2120	62154	20273	17553	13340	13402	0	0	0	0	0	19524	164377	42630	1702	42368	262	40207	40668	2161	1700	565	1026	365	42368	2726	42368	2136	1991	145	40377	1991	1489275	626929	621269	783689	2581	640	2736401	40909	23138	22617	17304	15011
1405	14	0	43898	10938	10377	8266	14582	0	0	0	0	0	43717	54744	181	5	73	108	67	69	6	4	0	2	0	73	6	73	0	0	0	73	0	1533204	627110	621342	785096	2581	640	2884452	136	12456	13635	9980	15275
51776	2462	2064	61569	20059	17303	13184	13281	0	0	0	0	0	19362	162454	42207	1702	41930	277	39798	40230	2132	1700	574	1006	365	41930	2706	41930	2084	1945	139	39985	1945	1594813	669317	663272	836874	569	2585	2938816	40420	22767	22401	17343	14993
1446	12	0	44545	11059	10594	8408	14719	0	0	0	0	0	44382	55410	163	5	55	108	52	51	3	4	1	0	1	55	4	55	0	0	0	55	0	1639394	669480	663327	838321	569	2585	3086873	114	12668	13828	10243	15385
56330	2657	2266	65822	21668	18508	14235	13852	0	0	0	0	0	19680	175791	46142	1810	45822	320	43538	44016	2284	1806	628	1106	384	45822	2912	45822	2280	2138	142	43684	2138	1705256	715622	709149	894652	2849	627	3141246	44079	24674	23927	18568	15537
1424	12	0	44443	11177	10368	8225	14933	0	0	0	0	0	44267	55139	176	0	74	102	72	74	2	0	0	2	0	74	2	74	0	0	0	74	0	1749736	715798	709223	896076	2849	627	3289286	116	12657	13667	10060	15593
55201	2604	2261	64913	21339	18176	14075	13757	0	0	0	0	0	19793	172240	45120	1721	44820	300	42572	43100	2248	1720	563	1091	342	44820	2811	44820	2268	2123	145	42697	2123	1814688	760918	754043	951278	1021	2750	3343669	43227	24293	23649	18362	15560
1432	9	0	44052	11061	10318	8190	14724	0	0	0	0	0	43877	54803	175	1	68	107	65	67	3	1	0	2	1	68	3	68	0	0	0	68	0	1858775	761093	754111	952710	1021	2750	3491708	127	12550	13481	9978	15360
53828	2607	2195	63766	21050	17795	13718	13628	0	0	0	0	0	19694	169077	44072	1782	43772	300	41543	41994	2229	1778	609	1060	346	43772	2838	43772	2198	2072	126	41700	2072	1922582	805168	797885	1006544	3219	726	3546081	42244	23963	23133	17810	15362
1481	22	0	44383	10793	10550	8253	15011	0	0	0	0	0	44207	55246	176	5	69	107	61	64	8	5	0	3	0	69	8	69	0	0	0	69	0	1966996	805345	797954	1008025	3219	726	3694131	131	12381	13798	10079	15641

processed_m4516_ME21_HV0_test40_SRCoff_170715_230047_TMBCounters.txt																																													
alct0 valid pattern flag received	alct1 valid pattern flag received	raw hits readout   	Pretrigger   	Pretrigger on CFEB0	Pretrigger on CFEB1	Pretrigger on CFEB2	Pretrigger on CFEB3	Pretrigger on CFEB4	Pretrigger on CFEB5	Pretrigger on CFEB6	Pretrigger on ME1A CFEB 4-6 only	Pretrigger on ME1B CFEBs 0-3 only	Discarded, CLCT0 invalid pattern after drift	BX pretrig waiting for triads to dissipate	clct0 sent to TMB matching section	clct1 sent to TMB matching section	TMB accepted alct	TMB match reject event  	Matching found one ALCT	Matching found one CLCT	Matching found two ALCTs	Matching found two CLCTs	ALCT0 copied into ALCT1 to make 2nd LCT	CLCT0 copied into CLCT1 to make 2nd LCT	LCT1 has higher quality than LCT0 	Transmitted LCT0 to MPC	Transmitted LCT1 to MPC	MPC rejected both LCT0 and LCT1	L1A received   	L1A received, TMB in L1A window	L1A received, no TMB in window	TMB triggered, no L1A in window	TMB readouts completed	Pretrigger counter   	CLCT counter   	TMB trigger counter	ALCTs received counter	L1As received counter 	Readout counter 	Orbit counter	CLCT pre-trigger and ALCT coincidence counter	CFEB0 active flag sent to DMB for readout	CFEB1 active flag sent to DMB for readout	CFEB2 active flag sent to DMB for readout	CFEB3 active flag sent to DMB for readout
11894	512	893	27475	9368	6909	4763	6955	0	0	0	0	0	17542	54042	9933	372	9859	74	9409	9487	450	372	119	197	73	9859	569	9859	897	870	27	8989	870	42966	9996	9883	12428	897	870	104936	8597	10550	9074	6029	7430
1527	8	0	44535	11002	10433	8378	14989	0	0	0	0	0	44341	55656	194	4	83	111	80	79	3	4	2	1	1	83	5	83	0	0	0	83	0	87588	10190	9966	13957	897	870	252986	119	12494	13738	10250	15637
11876	503	837	27284	9411	6900	4869	6685	0	0	0	0	0	17242	54008	10042	340	9945	97	9489	9606	456	339	117	234	77	9945	573	9945	844	817	27	9128	817	114909	20232	19911	25835	1741	1687	307361	8701	10502	9131	6133	7130
1525	12	0	44967	11260	10405	8363	15176	0	0	0	0	0	44802	56003	165	3	64	101	58	61	6	3	0	3	0	64	6	64	0	0	0	64	0	159905	20397	19975	27361	1741	1687	455408	114	12723	13693	10193	15849
11504	476	885	26574	9169	6715	4635	6572	0	0	0	0	0	16998	52455	9576	370	9487	89	9060	9117	427	370	138	195	69	9487	565	9487	888	863	25	8624	863	186532	29974	29463	38867	2629	2550	509779	8292	10331	8766	5818	7021
1516	21	0	45430	11253	10388	8635	15393	0	0	0	0	0	45246	56544	184	3	90	94	83	87	7	3	1	5	1	90	8	90	0	0	0	90	0	232015	30158	29553	40385	2629	2550	657831	146	12754	13839	10539	16121
12373	514	941	27741	9599	7184	4790	6754	0	0	0	0	0	17259	55528	10482	396	10386	96	9921	9991	465	395	154	224	67	10386	619	10386	949	912	37	9474	912	259792	40640	39939	52760	3578	3462	712216	9024	10805	9388	6014	7218
1535	13	0	45092	11093	10504	8571	15156	0	0	0	0	0	44916	56157	176	4	66	110	61	63	5	3	2	4	1	66	7	66	0	0	0	66	0	304920	40817	40005	54296	3578	3462	860253	125	12615	13889	10423	15858
12318	525	973	27560	9577	7153	4713	6722	0	0	0	0	0	17182	55281	10378	368	10296	82	9846	9929	450	367	121	204	78	10296	571	10296	977	940	37	9356	940	332515	51196	50301	66615	459	306	914637	9045	10806	9365	5936	7161
1461	12	0	45261	11245	10599	8443	15222	0	0	0	0	0	45076	56299	185	4	81	104	76	77	5	4	2	3	1	81	7	81	0	0	0	81	0	377820	51382	50383	68080	459	306	1062665	135	12807	13920	10340	15923
11725	436	881	27030	9224	6908	4790	6649	0	0	0	0	0	17118	53550	9912	314	9817	95	9424	9503	393	314	120	199	72	9817	513	9817	884	853	31	8964	853	404893	61294	60200	79805	1343	1159	1117048	8629	10389	9084	5949	7068
1560	13	0	45597	11391	10602	8545	15312	0	0	0	0	0	45386	56877	211	1	97	114	95	96	2	1	0	1	1	97	2	97	0	0	0	97	0	450528	61505	60297	81365	1343	1159	1265098	149	12947	13971	10425	16041
11520	538	880	26758	9140	6875	4631	6689	0	0	0	0	0	16961	52956	9797	401	9699	98	9219	9298	480	401	117	196	76	9699	597	9699	881	860	21	8839	860	477320	71302	69996	92885	2224	2019	1319483	8405	10303	9025	5813	7118
1488	10	0	44709	11004	10373	8381	15206	0	0	0	0	0	44527	55728	182	4	73	109	70	69	3	4	3	2	1	73	6	73	0	0	0	73	0	522060	71484	70069	94374	2224	2019	1467511	126	12567	13595	10201	15908
12274	505	960	27565	9539	7195	4785	6668	0	0	0	0	0	17166	55068	10399	356	10304	95	9862	9949	442	355	119	206	86	10304	561	10304	963	927	36	9377	927	549653	81883	80373	106650	3187	2946	1521884	9057	10786	9448	6012	7112
1461	9	0	45636	11401	10646	8598	15251	0	0	0	0	0	45451	56947	185	1	77	108	77	77	0	0	0	0	0	77	0	77	0	0	0	77	0	595312	82068	80450	108111	3187	2946	1669934	118	12941	14004	10412	15969
11788	524	868	27041	9412	6782	4761	6611	0	0	0	0	0	17102	53633	9939	376	9846	93	9378	9470	468	376	112	204	86	9846	580	9846	872	838	34	9008	838	622387	92007	90296	119899	4059	3784	1724307	8576	10608	9009	5962	7096
1483	4	0	45075	11175	10606	8431	15117	0	0	0	0	0	44901	56107	174	1	69	105	69	68	0	1	1	0	0	69	1	69	0	0	0	69	0	667502	92181	90365	121384	4059	3784	1872357	119	12705	13897	10241	15758
11606	467	880	26765	9210	6826	4720	6554	0	0	0	0	0	16942	52936	9823	349	9724	99	9320	9375	404	349	136	191	74	9724	540	9724	882	845	37	8879	845	694308	102004	100089	132994	845	533	1926730	8475	10337	8976	5949	7051
1608	15	0	45322	11250	10647	8485	15184	0	0	0	0	0	45119	56316	203	1	92	111	88	92	4	0	0	4	0	92	4	92	0	0	0	92	0	739667	102207	100181	134603	845	533	2074770	152	12903	14028	10350	15888
12447	539	946	27517	9645	7011	4820	6607	0	0	0	0	0	16992	55474	10525	388	10421	104	9929	10034	492	387	121	226	88	10421	613	10421	949	922	27	9499	922	767218	112732	110602	147051	1794	1455	2129153	9127	10843	9195	6050	7084
1554	9	0	45237	11130	10541	8492	15285	0	0	0	0	0	45032	56403	205	2	94	111	90	92	4	2	1	3	0	94	5	94	0	0	0	94	0	812495	112937	110696	148606	1794	1455	2277192	132	12765	13796	10368	15952
11643	496	892	26705	9343	6831	4537	6566	0	0	0	0	0	16891	52942	9814	385	9729	85	9285	9344	444	385	143	202	62	9729	587	9729	900	864	36	8865	864	839244	122751	120425	160253	2694	2319	2331576	8550	10464	8927	5785	6994
1467	11	0	45420	11427	10501	8362	15393	0	0	0	0	0	45215	56614	205	3	75	130	73	73	2	2	0	0	1	75	2	75	0	0	0	75	0	884702	122956	120500	161721	2694	2319	2479615	136	12945	13875	10152	16087
12046	518	948	27399	9454	7023	4739	6744	0	0	0	0	0	17160	54626	10239	384	10117	122	9648	9734	469	383	112	198	91	10117	581	10117	951	921	30	9196	921	912147	133195	130617	173769	3645	3240	2533988	8849	10605	9185	5985	7180
1569	14	0	44749	11016	10294	8358	15309	0	0	0	0	0	44578	55776	171	1	62	109	58	61	4	1	0	3	0	62	4	62	0	0	0	62	0	956942	133366	130679	175341	3645	3240	2682038	127	12516	13520	10148	16005
11584	479	874	26915	9185	6792	4852	6622	0	0	0	0	0	17179	53078	9736	362	9654	82	9231	9292	423	362	120	181	67	9654	543	9654	879	858	21	8796	858	983895	143103	140334	186927	428	2	2736411	8504	10332	8941	6077	7076
1565	16	0	44768	11123	10343	8326	15203	0	0	0	0	0	44602	55660	166	2	79	87	72	77	7	2	0	5	0	79	7	79	0	0	0	79	0	1028703	143271	140415	188494	428	2	2884461	140	12634	13572	10185	15854
11680	529	910	26832	9235	6829	4646	6624	0	0	0	0	0	16981	53349	9851	346	9741	110	9282	9396	459	345	100	214	52	9741	559	9741	914	888	26	8853	888	1055572	153122	150156	200176	1342	890	2938834	8465	10420	8974	5880	7080
1467	12	0	45135	11367	10408	8491	15151	0	0	0	0	0	44969	56260	166	2	59	107	57	57	2	2	1	1	1	59	3	59	0	0	0	59	0	1100739	153288	150215	201643	1342	890	3086872	109	12818	13846	10292	15844
12416	559	929	27396	9558	6974	4774	6685	0	0	0	0	0	16867	55288	10529	403	10412	117	9910	10009	502	403	126	225	89	10412	628	10412	934	902	32	9510	902	1128171	163817	160627	214059	2276	1792	3141257	9047	10740	9104	5965	7173
1539	10	0	44872	11196	10428	8267	15232	0	0	0	0	0	44683	55808	189	3	72	117	68	70	4	2	1	3	0	72	5	72	0	0	0	72	0	1173072	164006	160699	215599	2276	1792	3289295	119	12758	13718	10108	15847
11796	484	877	27072	9533	6885	4630	6600	0	0	0	0	0	17114	53744	9958	374	9831	127	9400	9457	431	374	136	193	85	9831	567	9831	881	844	37	8987	844	1200187	173964	170530	227395	3157	2636	3343680	8523	10670	9052	5850	7023
1476	10	0	44938	11163	10349	8394	15264	0	0	0	0	0	44782	55780	156	0	73	83	70	73	3	0	0	3	0	73	3	73	0	0	0	73	0	1245156	174120	170603	228873	3157	2636	3491718	124	12659	13644	10232	15934
11898	548	959	27077	9416	6851	4707	6691	0	0	0	0	0	17034	53936	10043	382	9950	93	9458	9568	492	382	124	234	75	9950	616	9950	965	925	40	9025	925	1272260	184164	180554	240774	26	3561	3546090	8648	10510	9116	5893	7120
1540	13	0	45223	11286	10474	8403	15300	0	0	0	0	0	45057	56280	166	3	68	98	64	66	4	2	0	2	0	68	4	68	0	0	0	68	0	1317527	184330	180622	242316	26	3561	3694141	122	12849	13819	10211	15970
11600	492	892	27200	9372	6977	4777	6684	0	0	0	0	0	17371	53561	9829	372	9745	84	9303	9373	442	372	130	200	78	9745	572	9745	895	864	31	8881	864	1344763	194159	190367	253918	921	329	3748514	8511	10503	9213	5969	7139
1412	12	0	45309	11300	10398	8392	15447	0	0	0	0	0	45137	56251	172	2	63	109	61	61	2	2	1	1	0	63	3	63	0	0	0	63	0	1390101	194331	190430	255330	921	329	3896564	105	12829	13752	10241	16142
11989	519	944	27269	9380	7077	4726	6656	0	0	0	0	0	17061	54390	10208	375	10092	116	9626	9718	466	374	121	213	74	10092	587	10092	946	920	26	9172	920	1417412	204539	200522	267320	1867	1249	3950936	8775	10586	9291	6021	7132
1582	19	0	45089	11286	10433	8335	15302	0	0	0	0	0	44883	56162	206	1	83	123	78	82	5	1	1	5	0	83	6	83	0	0	0	83	0	1462547	204746	200606	268904	1867	1249	4098987	146	12752	13657	10196	16000
12133	548	927	27392	9549	7006	4704	6727	0	0	0	0	0	17181	54446	10211	366	10127	84	9632	9761	495	366	115	244	79	10127	610	10127	930	903	27	9224	903	1489974	214957	210733	281037	2797	2152	4153359	8825	10753	9214	5966	7158
1472	9	0	45259	11335	10341	8645	15177	0	0	0	0	0	45079	56459	180	0	67	113	62	67	5	0	0	5	0	67	5	67	0	0	0	67	0	1535267	215137	210800	282510	2797	2152	4301397	128	12865	13660	10509	15902
12297	543	931	27715	9663	7140	4749	6743	0	0	0	0	0	17314	55365	10401	390	10302	99	9804	9914	498	388	131	241	73	10302	629	10302	932	908	24	9394	908	1563014	225539	221103	294809	3729	3060	4355782	8968	10880	9413	5958	7168
1465	11	0	45265	11276	10462	8498	15250	0	0	0	0	0	45098	56502	167	1	69	98	65	68	4	1	0	3	0	69	4	69	0	0	0	69	0	1608304	225706	221172	296275	3729	3060	4503820	122	12812	13806	10394	15963
11586	514	886	26810	9357	6719	4715	6560	0	0	0	0	0	17000	53238	9810	363	9702	108	9249	9339	453	363	119	209	68	9702	572	9702	888	862	26	8840	862	1635148	235518	230876	307863	521	3922	4558194	8467	10524	8903	5963	7010
1510	8	0	45030	11086	10511	8447	15218	0	0	0	0	0	44842	56060	188	0	75	113	74	75	1	0	0	1	0	75	1	75	0	0	0	75	0	1680223	235706	230951	309375	521	3922	4706243	137	12542	13775	10288	15908
11953	478	863	27191	9333	6937	4809	6653	0	0	0	0	0	17126	53931	10065	356	9983	82	9550	9627	433	356	114	191	81	9983	547	9983	866	833	33	9150	833	1707455	245771	240934	321331	1387	659	4760618	8822	10518	9079	6086	7127
1514	21	0	45182	11034	10560	8535	15296	0	0	0	0	0	45006	56076	176	2	71	105	65	69	6	2	1	5	1	71	7	71	0	0	0	71	0	1752684	245947	241005	322845	1387	659	4908669	126	12579	13844	10402	15949
11946	509	863	27282	9480	7004	4750	6582	0	0	0	0	0	17171	54395	10111	345	10003	108	9551	9659	452	344	108	216	59	10003	560	10003	867	829	38	9174	829	1780009	256058	251008	334792	2254	1488	4963040	8649	10697	9163	5976	7013
1481	14	0	45633	11334	10591	8565	15392	0	0	0	0	0	45454	56638	179	2	73	106	70	71	3	2	1	2	0	73	4	73	0	0	0	73	0	1825676	256237	251081	336273	2254	1488	5111089	130	12943	13900	10427	16020
11248	479	886	26488	8980	6771	4727	6544	0	0	0	0	0	17023	51991	9465	338	9364	101	8940	9026	424	338	104	190	63	9364	528	9364	889	850	39	8514	850	1852188	265702	260445	347521	3143	2338	5165463	8122	10133	8826	5852	7015
1592	19	0	44991	11188	10561	8335	15138	0	0	0	0	0	44810	56032	181	4	81	100	75	77	6	4	2	4	1	81	8	81	0	0	0	81	0	1897217	265883	260526	349115	3143	2338	5313502	121	12678	13756	10282	15813
11953	498	899	27219	9332	7039	4755	6662	0	0	0	0	0	17112	54156	10107	378	9988	119	9553	9610	435	378	136	193	57	9988	571	9988	905	868	37	9120	868	1924471	275990	270514	361071	4048	3206	5367886	8658	10536	9207	6009	7097
1599	9	0	45460	11445	10544	8442	15263	0	0	0	0	0	45255	56832	205	1	95	110	93	94	2	1	1	2	0	95	3	95	0	0	0	95	0	1969971	276195	270609	362672	4048	3206	5515924	149	12998	13942	10317	15948
11743	460	884	27031	9324	7012	4659	6559	0	0	0	0	0	17091	53684	9940	318	9855	85	9438	9537	417	318	109	208	59	9855	526	9855	885	854	31	9001	854	1997037	286135	280464	374417	837	4060	5570297	8598	10481	9148	5917	6994
1514	15	0	45538	11290	10614	8524	15355	0	0	0	0	0	45369	56670	169	4	70	99	64	67	6	3	0	3	0	70	6	70	0	0	0	70	0	2042609	286304	280534	375933	837	4060	5718347	125	12917	14009	10407	16029
11563	505	925	26697	9301	6814	4617	6524	0	0	0	0	0	16868	52970	9829	350	9731	98	9289	9381	442	350	115	207	78	9731	557	9731	927	905	22	8826	905	2069347	296133	290265	387498	1764	869	5772720	8475	10506	8959	5792	6951
1539	17	0	45173	11309	10524	8481	15097	0	0	0	0	0	44987	56439	186	2	77	109	74	77	3	0	0	3	0	77	3	77	0	0	0	77	0	2114548	296320	290342	389038	1764	869	5920770	139	12834	13797	10314	15781
11676	510	922	26985	9194	6958	4824	6548	0	0	0	0	0	17068	53612	9917	353	9808	109	9346	9455	462	353	115	224	72	9808	577	9808	925	897	28	8911	897	2141579	306237	300150	400717	2689	1766	5975143	8579	10428	9082	6035	7010
1556	11	0	44999	11363	10385	8400	15113	0	0	0	0	0	44793	55838	206	4	85	121	80	82	5	3	1	3	1	85	6	85	0	0	0	85	0	2186612	306443	300235	402275	2689	1766	6123194	128	12858	13605	10183	15797
11882	545	943	26972	9322	6900	4657	6699	0	0	0	0	0	16931	53686	10041	379	9940	101	9448	9561	492	379	117	230	84	9940	609	9940	948	911	37	9029	911	2213618	316485	310175	414157	3637	2677	6177566	8674	10515	9010	5921	7147
1488	14	0	45137	11360	10495	8370	15140	0	0	0	0	0	44934	56453	203	3	91	112	85	88	6	3	0	3	0	91	6	91	0	0	0	91	0	2258806	316688	310266	415645	3637	2677	6325605	153	12861	13871	10209	15842
11937	541	905	27017	9279	7001	4595	6715	0	0	0	0	0	17021	53668	9996	388	9899	97	9418	9511	481	388	120	213	79	9899	601	9899	910	885	25	9014	885	2285861	326684	320165	427583	451	3562	6379989	8602	10469	9136	5846	7176
1485	19	0	45253	11149	10668	8494	15196	0	0	0	0	0	45091	56327	162	3	77	85	75	74	2	3	2	1	1	77	4	77	0	0	0	77	0	2331151	326846	320242	429068	451	3562	6528027	137	12730	13971	10372	15854
12747	557	989	27843	9848	7263	4735	6585	0	0	0	0	0	17057	56259	10786	384	10698	88	10212	10315	486	383	126	229	63	10698	612	10698	997	955	42	9743	955	2359034	337632	330940	441816	1448	421	6582413	9362	11092	9522	6002	7056
1511	15	0	45596	11485	10644	8511	15193	0	0	0	0	0	45394	56766	202	5	87	115	81	82	6	5	0	1	1	87	6	87	0	0	0	87	0	2404664	337834	331027	443331	1448	421	6730450	160	13024	14043	10412	15916
11804	486	887	26768	9172	6913	4633	6646	0	0	0	0	0	16827	53294	9941	369	9845	96	9415	9476	430	369	126	187	68	9845	556	9845	890	856	34	8989	856	2431473	347775	340872	455136	2338	1277	6784825	8471	10340	9035	5807	7096
1486	6	0	45068	11480	10400	8427	15026	0	0	0	0	0	44883	56333	185	1	77	108	73	76	4	1	0	3	0	77	4	77	0	0	0	77	0	2476582	347960	340949	456623	2338	1277	6932873	113	13024	13739	10255	15707
12135	536	955	27424	9535	7039	4748	6644	0	0	0	0	0	17201	54909	10223	382	10124	99	9651	9743	473	381	128	220	77	10124	601	10124	957	926	31	9198	926	2504050	358183	351073	468759	3295	2203	6987247	8748	10781	9254	5980	7093
1569	16	0	45179	11114	10547	8439	15329	0	0	0	0	0	44986	56330	193	3	85	108	81	82	4	3	2	3	2	85	6	85	0	0	0	85	0	2549262	358376	351158	470329	3295	2203	7135296	137	12665	13797	10294	16045
12214	509	940	27681	9552	7164	4727	6801	0	0	0	0	0	17388	55014	10293	394	10188	105	9732	9794	456	394	127	189	65	10188	583	10188	947	909	38	9279	909	2576971	368669	361346	482546	146	3112	7189670	8946	10750	9400	6029	7208
1553	7	0	45074	11061	10482	8429	15343	0	0	0	0	0	44889	56176	185	1	84	101	82	83	2	1	0	1	1	84	2	84	0	0	0	84	0	2622085	368854	361430	484100	146	3112	7337719	124	12581	13810	10292	15974
11439	483	885	26760	9199	6828	4762	6515	0	0	0	0	0	17103	52576	9657	352	9570	87	9134	9218	436	352	130	214	60	9570	566	9570	888	856	32	8714	856	2648870	378511	371000	495541	1034	3968	7392093	8397	10356	9055	5957	6935
1535	10	0	45193	10961	10694	8448	15321	0	0	0	0	0	45018	56409	175	4	79	96	77	77	2	2	1	1	0	79	3	79	0	0	0	79	0	2694091	378686	371079	497077	1034	3968	7540131	116	12484	14011	10349	15991
11926	515	933	27192	9373	7016	4798	6604	0	0	0	0	0	17096	54013	10096	383	10001	95	9544	9618	457	383	133	207	88	10001	590	10001	939	910	29	9091	910	2721323	388783	381080	509006	1973	782	7594514	8721	10600	9090	5983	7074
1489	12	0	45303	11229	10525	8461	15301	0	0	0	0	0	45107	56550	196	4	79	117	76	77	3	2	2	3	0	79	5	79	0	0	0	79	0	2766669	388979	381159	510495	1973	782	7742554	134	12837	13860	10300	15985
12051	529	909	27168	9366	7099	4681	6631	0	0	0	0	0	16961	54276	10207	373	10116	91	9652	9743	464	373	121	212	67	10116	585	10116	910	883	27	9233	883	2793870	399187	391275	522547	2883	1665	7796937	8856	10546	9229	5900	7095
1552	12	0	45447	11277	10516	8555	15338	0	0	0	0	0	45266	56547	181	1	76	105	73	75	3	1	1	3	0	76	4	76	0	0	0	76	0	2839362	399369	391351	524100	2883	1665	7944978	120	12854	13894	10447	16020
12738	563	1009	27942	9842	7119	4831	6748	0	0	0	0	0	17150	56587	10792	413	10685	107	10195	10272	490	413	132	209	94	10685	622	10685	1009	980	29	9705	980	2867347	410161	402036	536839	3892	2645	7999349	9278	11062	9374	6090	7195
1567	10	0	45171	11136	10515	8397	15352	0	0	0	0	0	44985	56202	186	2	83	103	80	81	3	2	0	1	0	83	3	83	0	0	0	83	0	2912564	410347	402119	538409	3892	2645	8147401	126	12711	13851	10213	16038
11968	467	897	27114	9331	6899	4783	6655	0	0	0	0	0	17032	53825	10082	322	9995	87	9588	9673	407	322	120	205	71	9995	527	9995	901	867	34	9128	867	2939717	420429	412114	550380	697	3512	8201772	8675	10435	9005	6009	7094
1568	21	0	45392	11335	10499	8487	15315	0	0	0	0	0	45188	56352	204	5	88	116	83	85	5	3	1	3	1	88	6	88	0	0	0	88	0	2985146	420633	412202	551949	697	3512	8349824	133	12869	13871	10396	15985
11387	535	851	26761	9216	6773	4628	6668	0	0	0	0	0	17191	52625	9570	410	9489	81	9016	9079	473	410	134	197	84	9489	607	9489	854	819	35	8670	819	3011941	430203	421691	563337	1551	235	8404198	8282	10344	8957	5799	7087
1476	15	0	45418	11268	10511	8522	15358	0	0	0	0	0	45230	56531	188	5	71	117	66	68	5	3	1	3	2	71	6	71	0	0	0	71	0	3057392	430391	421762	564814	1551	235	8552236	125	12769	13889	10341	16056
11915	490	885	26938	9339	6907	4695	6534	0	0	0	0	0	16901	53640	10037	372	9939	98	9508	9570	431	369	131	193	78	9939	562	9939	888	862	26	9077	862	3084368	440428	431701	576730	2439	1097	8606618	8698	10485	9063	5939	6986
1490	11	0	45161	11443	10478	8424	15073	0	0	0	0	0	44960	56417	201	3	98	103	95	96	3	2	2	3	0	98	5	98	0	0	0	98	0	3129564	440629	431799	578220	2439	1097	8754658	148	13017	13872	10121	15769
11471	512	864	26790	9262	6838	4698	6562	0	0	0	0	0	17149	52845	9641	382	9536	105	9079	9156	457	380	130	207	73	9536	587	9536	868	842	26	8694	842	3156393	450271	441335	589693	3307	1939	8809043	8310	10389	9009	5942	7014

processed_m4517_ME21_HV0_test40_SRCoff_170715_231747_TMBCounters.txt																																													
alct0 valid pattern flag received	alct1 valid pattern flag received	raw hits readout   	Pretrigger   	Pretrigger on CFEB0	Pretrigger on CFEB1	Pretrigger on CFEB2	Pretrigger on CFEB3	Pretrigger on CFEB4	Pretrigger on CFEB5	Pretrigger on CFEB6	Pretrigger on ME1A CFEB 4-6 only	Pretrigger on ME1B CFEBs 0-3 only	Discarded, CLCT0 invalid pattern after drift	BX pretrig waiting for triads to dissipate	clct0 sent to TMB matching section	clct1 sent to TMB matching section	TMB accepted alct	TMB match reject event  	Matching found one ALCT	Matching found one CLCT	Matching found two ALCTs	Matching found two CLCTs	ALCT0 copied into ALCT1 to make 2nd LCT	CLCT0 copied into CLCT1 to make 2nd LCT	LCT1 has higher quality than LCT0 	Transmitted LCT0 to MPC	Transmitted LCT1 to MPC	MPC rejected both LCT0 and LCT1	L1A received   	L1A received, TMB in L1A window	L1A received, no TMB in window	TMB triggered, no L1A in window	TMB readouts completed	Pretrigger counter   	CLCT counter   	TMB trigger counter	ALCTs received counter	L1As received counter 	Readout counter 	Orbit counter	CLCT pre-trigger and ALCT coincidence counter	CFEB0 active flag sent to DMB for readout	CFEB1 active flag sent to DMB for readout	CFEB2 active flag sent to DMB for readout	CFEB3 active flag sent to DMB for readout
12633	581	934	28319	9777	7217	4892	7069	0	0	0	0	0	17482	56967	10837	454	10728	109	10203	10276	525	452	151	224	90	10728	676	10728	939	902	37	9826	902	44087	10905	10761	13214	939	902	104949	8311	10991	9544	6106	7524
1591	15	0	45831	11334	10451	8476	15815	0	0	0	0	0	45641	56994	190	3	76	114	72	73	4	3	3	4	0	76	7	76	0	0	0	76	0	89943	11095	10837	14805	939	902	252988	127	12951	13876	10403	16524
11706	479	886	27125	9349	6882	4732	6737	0	0	0	0	0	17141	53644	9984	376	9882	102	9453	9506	429	376	126	179	68	9882	555	9882	891	862	29	9020	862	117102	21079	20719	26511	1830	1764	307358	7738	10518	9200	5916	7219
1618	16	0	45985	11392	10547	8534	15748	0	0	0	0	0	45778	57208	207	4	95	112	90	92	5	3	0	2	1	95	5	95	0	0	0	95	0	163137	21286	20814	28130	1830	1764	455411	132	12908	14005	10416	16449
12457	523	981	27854	9665	7181	4789	6865	0	0	0	0	0	17145	56023	10709	400	10590	119	10123	10191	467	399	153	221	76	10590	620	10590	984	968	16	9622	968	191036	31995	31404	40587	2814	2732	509781	8138	10897	9444	6070	7323
1604	14	0	45928	11318	10667	8466	15713	0	0	0	0	0	45722	57445	206	4	81	125	76	78	5	3	1	3	2	81	6	81	0	0	0	81	0	237010	32201	31485	42192	2814	2732	657831	136	12882	14004	10335	16327
12128	527	945	27691	9570	7136	4786	6834	0	0	0	0	0	17279	55340	10412	394	10296	116	9813	9904	483	392	129	220	76	10296	612	10296	945	927	18	9369	927	264732	42613	41781	54322	3759	3659	712204	7927	10771	9371	6074	7263
1556	11	0	46122	11507	10680	8531	15661	0	0	0	0	0	45928	57476	194	2	84	110	82	83	2	1	1	2	1	84	3	84	0	0	0	84	0	310892	42807	41865	55880	3759	3659	860254	120	13075	14102	10450	16370
11880	503	921	27573	9427	7011	4824	6890	0	0	0	0	0	17451	54548	10122	396	10013	109	9563	9617	450	396	152	206	70	10013	602	10013	921	902	19	9111	902	338507	52929	51878	67760	584	465	914627	7772	10662	9252	6078	7324
1541	13	0	46100	11536	10753	8416	15663	0	0	0	0	0	45900	57386	200	3	82	118	78	79	4	3	1	2	0	82	5	82	0	0	0	82	0	384639	53129	51960	69301	584	465	1062665	132	13168	14081	10334	16362
12220	474	912	27795	9602	7117	4828	6859	0	0	0	0	0	17373	55340	10422	352	10319	103	9901	9968	418	351	119	186	68	10319	537	10319	917	896	21	9423	896	412485	63551	62279	81522	1501	1361	1117050	8012	10795	9350	6067	7334
1577	13	0	46022	11392	10557	8635	15664	0	0	0	0	0	45842	57388	180	3	81	99	79	78	2	3	1	0	0	81	3	81	0	0	0	81	0	458544	63731	62360	83102	1501	1361	1265090	109	12888	13890	10554	16391
11646	534	889	27061	9320	6811	4760	6759	0	0	0	0	0	17119	53435	9942	382	9847	95	9381	9466	466	381	128	213	71	9847	594	9847	892	876	16	8971	876	485644	73673	72207	94748	2393	2237	1319463	7664	10544	8948	5906	7199
1577	12	0	46012	11443	10661	8500	15681	0	0	0	0	0	45829	57321	183	2	81	102	77	79	4	2	1	3	0	81	5	81	0	0	0	81	0	531687	73856	72288	96325	2393	2237	1467511	109	12984	14012	10353	16389
11786	517	849	27435	9429	6963	4800	6828	0	0	0	0	0	17344	54450	10091	404	9966	125	9504	9562	462	404	133	191	86	9966	595	9966	853	831	22	9135	831	559153	83947	82254	108111	3246	3068	1521885	7787	10659	9178	6028	7308
1617	15	0	45982	11406	10657	8503	15661	0	0	0	0	0	45790	57431	192	2	82	110	77	81	5	1	0	4	0	82	5	82	0	0	0	82	0	605178	84139	82336	109730	3246	3068	1669934	117	12979	14125	10364	16381
12049	506	924	27779	9656	7185	4734	6801	0	0	0	0	0	17474	55256	10305	407	10222	83	9763	9816	459	406	135	188	97	10222	594	10222	929	902	27	9320	902	633003	94444	92558	121780	79	3970	1724308	7904	10862	9313	6017	7271
1542	9	0	46116	11366	10722	8571	15698	0	0	0	0	0	45941	57299	175	1	74	101	71	73	3	1	0	2	0	74	3	74	0	0	0	74	0	679157	94619	92632	123325	79	3970	1872357	127	12957	14112	10484	16408
12191	514	927	27695	9571	7081	4806	6897	0	0	0	0	0	17269	55302	10426	396	10310	116	9852	9915	458	395	132	195	74	10310	590	10310	929	907	22	9403	907	706886	105046	102942	135516	1008	781	1926730	7950	10785	9258	6044	7359
1609	9	0	46003	11328	10522	8617	15777	0	0	0	0	0	45801	57341	202	3	101	101	99	98	2	3	2	1	0	101	4	101	0	0	0	101	0	752925	105248	103043	137126	1008	781	2074769	128	12854	13900	10518	16492
12242	532	927	27874	9716	7188	4788	6778	0	0	0	0	0	17398	55642	10476	377	10366	110	9887	9989	479	377	124	226	71	10366	603	10366	935	909	26	9457	909	780838	115724	113409	149370	1943	1690	2129159	8002	10933	9442	6039	7254
1548	11	0	46031	11497	10693	8427	15638	0	0	0	0	0	45828	57351	203	0	87	116	82	87	5	0	0	5	0	87	5	87	0	0	0	87	0	826915	115928	113496	150919	1943	1690	2277203	130	13014	14038	10312	16362
11883	536	856	27682	9282	7214	4824	6965	0	0	0	0	0	17513	54916	10169	388	10075	94	9598	9688	477	387	110	200	63	10075	587	10075	859	844	15	9231	844	854623	126097	123571	162802	2802	2534	2331575	7775	10524	9440	6145	7446
1492	12	0	45827	11414	10610	8542	15516	0	0	0	0	0	45646	57210	181	2	77	104	74	75	3	2	0	1	1	77	3	77	0	0	0	77	0	900488	126278	123648	164296	2802	2534	2479613	123	13001	14055	10448	16203
12050	465	894	27738	9411	7178	4759	6962	0	0	0	0	0	17466	55032	10272	331	10163	109	9752	9832	411	331	125	205	63	10163	536	10163	899	866	33	9297	866	928252	136550	133811	176349	3701	3400	2533988	7947	10642	9295	6023	7429
1611	18	0	45479	11194	10334	8419	15780	0	0	0	0	0	45271	56442	208	4	86	122	77	82	9	4	0	5	0	86	9	86	0	0	0	86	0	973773	136758	133897	177962	3701	3400	2682038	127	12687	13725	10270	16439
11977	521	853	27788	9393	7122	4916	6971	0	0	0	0	0	17503	55085	10285	361	10170	115	9710	9809	460	361	118	217	72	10170	578	10170	853	834	19	9336	834	1001591	147043	144067	189940	458	138	2736410	7913	10570	9264	6168	7431
1667	9	0	45926	11252	10682	8427	15794	0	0	0	0	0	45763	57329	163	0	73	90	70	73	3	0	0	3	0	73	3	73	0	0	0	73	0	1047569	147206	144140	191609	458	138	2884461	132	12795	13954	10330	16471
11992	476	914	27480	9586	6875	4717	6868	0	0	0	0	0	17237	54734	10243	368	10162	81	9736	9794	426	368	128	186	66	10162	554	10162	922	888	34	9274	888	1075090	157449	154302	203601	1380	1026	2938834	7852	10755	9093	5872	7328
1633	7	0	46310	11443	10681	8687	15731	0	0	0	0	0	46099	57711	211	2	72	139	70	70	2	2	1	1	0	72	3	72	0	0	0	72	0	1121441	157660	154374	205236	1380	1026	3086871	140	13009	14040	10580	16392
11281	486	839	26708	9068	6757	4571	6845	0	0	0	0	0	17108	52448	9600	371	9503	97	9070	9132	433	371	110	172	71	9503	543	9503	840	824	16	8679	824	1148185	167261	163878	216521	2220	1850	3141257	7338	10226	8876	5793	7260
1487	13	0	46395	11651	10632	8611	15732	0	0	0	0	0	46195	57940	200	3	99	101	94	97	5	2	0	3	0	99	5	99	0	0	0	99	0	1194610	167461	163977	218009	2220	1850	3289294	127	13186	14048	10588	16376
12225	505	935	27637	9563	7076	4802	6792	0	0	0	0	0	17170	55269	10467	392	10374	93	9916	9982	458	392	124	190	66	10374	582	10374	938	918	20	9456	918	1222284	177928	174351	230235	3158	2768	3343669	8114	10703	9279	6047	7238
1555	10	0	45876	11246	10617	8450	15828	0	0	0	0	0	45679	56962	197	2	73	124	69	71	4	2	1	3	0	73	5	73	0	0	0	73	0	1268198	178126	174425	231792	3158	2768	3491718	134	12823	13970	10254	16497
11700	494	915	27307	9418	6999	4640	6845	0	0	0	0	0	17388	53806	9919	361	9832	87	9398	9472	434	360	118	192	71	9832	552	9832	917	888	29	8944	888	1295546	188045	184257	243494	4075	3656	3546090	7588	10620	9165	5833	7270
1526	15	0	46109	11317	10594	8602	15828	0	0	0	0	0	45898	57464	211	4	95	116	90	91	5	4	0	1	1	95	5	95	0	0	0	95	0	1341693	188256	184352	245023	4075	3656	3694141	130	12868	13880	10498	16532
11126	475	819	26902	9181	6888	4699	6660	0	0	0	0	0	17374	52587	9528	379	9426	102	9001	9048	425	378	130	177	62	9426	555	9426	819	805	14	8621	805	1368631	197784	193778	256151	798	365	3748513	7229	10369	9063	5899	7140
1543	7	0	46173	11483	10602	8494	15835	0	0	0	0	0	45989	57402	184	0	70	114	68	70	2	0	0	2	0	70	2	70	0	0	0	70	0	1414844	197968	193848	257694	798	365	3896564	116	13072	13928	10350	16514
11356	458	851	27120	9213	7004	4704	6742	0	0	0	0	0	17560	52716	9560	375	9452	108	9035	9077	417	375	139	181	67	9452	556	9452	855	827	28	8625	827	1442012	207528	203300	269051	1653	1192	3950936	7349	10402	9207	5904	7175
1616	11	0	46135	11293	10648	8581	15853	0	0	0	0	0	45938	57404	197	2	87	110	85	85	2	2	1	1	0	87	3	87	0	0	0	87	0	1488180	207725	203387	270670	1653	1192	4098987	114	12785	13990	10513	16574
11743	496	848	27342	9268	6960	4905	6786	0	0	0	0	0	17303	54082	10039	359	9932	107	9484	9573	448	359	118	207	67	9932	566	9932	851	825	26	9107	825	1515564	217764	213319	282413	2504	2017	4153370	7779	10421	9183	6193	7253
1587	11	0	45800	11453	10656	8442	15478	0	0	0	0	0	45604	57050	196	3	85	111	80	82	5	3	1	3	0	85	6	85	0	0	0	85	0	1561393	217960	213404	284000	2504	2017	4301410	117	13038	14095	10260	16159
11647	493	849	27273	9405	7009	4709	6741	0	0	0	0	0	17345	53827	9928	374	9820	108	9378	9447	442	373	110	179	72	9820	552	9820	850	828	22	8992	828	1588703	227888	223224	295648	3354	2845	4355782	7624	10620	9169	5944	7212
1606	10	0	45755	11467	10519	8488	15502	0	0	0	0	0	45540	57103	215	2	98	117	95	96	3	2	1	2	2	98	4	98	0	0	0	98	0	1634494	228103	223322	297254	3354	2845	4503821	136	12950	13998	10378	16159
11814	534	893	27383	9388	6733	4978	6844	0	0	0	0	0	17280	54265	10103	370	10013	90	9537	9644	476	369	121	228	86	10013	597	10013	898	876	22	9137	876	1661915	238206	233335	309068	156	3721	4558194	7804	10547	8994	6159	7312
1580	8	0	45812	11328	10583	8496	15644	0	0	0	0	0	45638	57085	174	1	72	102	67	71	5	1	0	4	1	72	5	72	0	0	0	72	0	1707774	238380	233407	310650	156	3721	4706255	114	12951	13849	10307	16307
11798	507	852	27507	9359	7113	4707	6924	0	0	0	0	0	17428	54416	10079	371	9963	116	9524	9593	439	370	105	174	79	9963	544	9963	854	834	20	9129	834	1735317	248459	243370	322449	1010	459	4760617	7718	10610	9291	5967	7352
1589	13	0	45858	11151	10644	8557	15730	0	0	0	0	0	45660	57073	198	1	92	106	87	91	5	1	0	4	0	92	5	92	0	0	0	92	0	1781208	248657	243462	324038	1010	459	4908678	131	12759	14003	10443	16442
11477	462	891	27043	9123	6979	4646	6854	0	0	0	0	0	17245	53153	9798	346	9685	113	9268	9339	417	346	127	198	71	9685	544	9685	894	874	20	8811	874	1808294	258455	253147	335516	1904	1333	4963051	7539	10283	9070	5914	7311
1573	15	0	45957	11255	10582	8768	15587	0	0	0	0	0	45784	57059	173	2	75	98	68	73	7	2	0	5	1	75	7	75	0	0	0	75	0	1854283	258628	253222	337090	1904	1333	5111089	108	12763	13984	10605	16304
11257	482	872	26944	9084	6934	4677	6823	0	0	0	0	0	17407	52554	9537	382	9428	109	9003	9046	425	382	132	175	69	9428	557	9428	880	851	29	8577	851	1881265	268165	262650	348350	2784	2184	5165474	7410	10299	9034	5895	7243
1552	11	0	45726	11248	10636	8508	15594	0	0	0	0	0	45539	56820	187	1	87	100	81	86	6	1	0	5	0	87	6	87	0	0	0	87	0	1927029	268352	262737	349903	2784	2184	5313512	125	12755	13898	10410	16277
11118	442	822	26743	9021	6810	4639	6807	0	0	0	0	0	17279	52100	9464	333	9364	100	8973	9031	391	333	116	174	71	9364	507	9364	825	811	14	8553	811	1953810	277816	272101	361023	3609	2995	5367897	7323	10184	8916	5881	7240
1516	13	0	46001	11424	10703	8380	15727	0	0	0	0	0	45830	57158	171	4	66	105	63	62	3	4	3	2	0	66	6	66	0	0	0	66	0	1999845	277987	272167	362540	3609	2995	5515924	126	13034	14089	10258	16389
10991	461	859	26738	9087	6831	4612	6763	0	0	0	0	0	17316	52185	9422	319	9330	92	8911	9012	419	318	92	193	67	9330	511	9330	863	844	19	8486	844	2026612	287409	281497	373532	376	3839	5570309	7161	10253	8933	5834	7177
1566	23	0	46181	11502	10681	8661	15579	0	0	0	0	0	46012	57617	169	6	69	100	65	64	4	5	4	3	2	69	8	69	0	0	0	69	0	2072828	287578	281566	375099	376	3839	5718347	119	12988	14149	10562	16303
11138	464	805	26594	9005	6774	4712	6668	0	0	0	0	0	17157	51977	9437	329	9351	86	8935	9022	416	329	113	200	66	9351	529	9351	809	787	22	8564	787	2099462	297015	290917	386240	1185	530	5772720	7237	10138	8862	5907	7144
1592	17	0	46149	11394	10682	8670	15637	0	0	0	0	0	45935	57625	214	2	96	118	92	94	4	2	1	3	0	96	5	96	0	0	0	96	0	2145644	297230	291014	387835	1185	530	5920770	131	13013	14069	10530	16345
11719	476	888	27350	9281	6986	4813	6863	0	0	0	0	0	17376	54045	9974	370	9880	94	9463	9511	417	369	139	187	60	9880	556	9880	890	868	22	9012	868	2173035	307204	300894	399555	2075	1398	5975143	7754	10404	9105	6047	7361
1529	14	0	46042	11512	10516	8505	15757	0	0	0	0	0	45861	57529	181	4	77	104	69	73	8	4	0	4	2	77	8	77	0	0	0	77	0	2219125	307385	300971	401084	2075	1398	6123193	111	13027	13888	10341	16466
11172	470	876	26743	9120	6648	4637	6925	0	0	0	0	0	17199	52422	9544	370	9442	102	9006	9072	436	370	109	175	60	9442	545	9442	880	858	22	8584	858	2245893	316929	310413	412257	2955	2256	6177578	7301	10271	8645	5769	7386
1560	16	0	45730	11243	10557	8503	15651	0	0	0	0	0	45531	57049	199	1	79	120	72	78	7	1	0	6	0	79	7	79	0	0	0	79	0	2291673	317128	310492	413818	2955	2256	6325616	123	12757	13826	10276	16317
12124	568	890	27725	9533	7119	4852	6798	0	0	0	0	0	17255	55553	10470	436	10357	113	9853	9921	504	436	142	210	99	10357	646	10357	895	873	22	9484	873	2319433	327598	320849	425943	3850	3129	6379999	7973	10769	9268	6041	7203
1572	15	0	46201	11276	10644	8612	15897	0	0	0	0	0	46010	57458	191	3	76	115	72	73	4	3	1	2	1	76	5	76	0	0	0	76	0	2365673	327789	320925	427516	3850	3129	6528028	133	12874	14003	10531	16631
11926	487	950	27565	9381	7076	4752	6940	0	0	0	0	0	17351	54647	10214	382	10125	89	9683	9745	442	380	136	198	66	10125	578	10125	953	933	20	9192	933	2393280	338004	331050	439442	707	4062	6582401	7856	10610	9267	5971	7349
1568	12	0	45942	11446	10550	8522	15635	0	0	0	0	0	45768	57298	174	0	81	93	79	81	2	0	0	2	0	81	2	81	0	0	0	81	0	2439267	338178	331131	441010	707	4062	6730451	125	12948	13833	10412	16364
11693	493	920	27027	9274	6874	4673	6754	0	0	0	0	0	17073	53594	9954	349	9868	86	9424	9519	444	349	111	206	52	9868	555	9868	921	905	16	8963	905	2466321	348132	340999	452705	1628	871	6784823	7657	10445	9078	5878	7186
1592	18	0	46031	11324	10535	8520	15879	0	0	0	0	0	45854	57276	177	1	77	100	72	76	5	1	1	5	0	77	6	77	0	0	0	77	0	2512398	348309	341076	454297	1628	871	6932874	132	12793	13900	10393	16552
11995	500	908	27523	9284	7018	4842	6940	0	0	0	0	0	17295	54726	10228	348	10133	95	9687	9785	446	348	121	219	68	10133	567	10133	909	890	19	9243	890	2539960	358537	351209	466295	2537	1761	6987247	7867	10517	9190	6106	7404
1600	13	0	46186	11378	10775	8425	15844	0	0	0	0	0	46006	57526	180	3	69	111	63	66	6	3	0	3	1	69	6	69	0	0	0	69	0	2586187	358717	351278	467895	2537	1761	7135287	102	12905	14064	10296	16501
11207	471	885	26889	9245	6771	4587	6827	0	0	0	0	0	17309	52381	9580	350	9471	109	9051	9121	420	350	116	186	61	9471	536	9471	891	867	24	8604	867	2613109	368297	360749	479103	3428	2628	7189670	7330	10414	8866	5827	7263
1530	14	0	45311	11221	10445	8501	15419	0	0	0	0	0	45098	56286	213	1	99	114	96	98	3	1	0	2	0	99	3	99	0	0	0	99	0	2658465	368510	360848	480633	3428	2628	7337708	139	12778	13774	10322	16103
11574	493	866	27005	9282	6849	4717	6706	0	0	0	0	0	17109	53312	9896	342	9803	93	9365	9461	438	342	128	224	64	9803	566	9803	866	846	20	8957	846	2685505	378406	370651	492207	198	3474	7392091	7542	10420	8979	5951	7144
1552	24	0	45858	11385	10620	8419	15692	0	0	0	0	0	45692	56871	166	4	77	89	69	73	8	4	0	4	1	77	8	77	0	0	0	77	0	2731397	378572	370728	493759	198	3474	7540131	111	12901	13958	10318	16387
11610	530	842	27292	9420	7013	4735	6681	0	0	0	0	0	17356	53880	9936	381	9813	123	9336	9432	477	381	118	214	75	9813	595	9813	844	823	21	8990	823	2758729	388508	380541	505370	1042	201	7594505	7616	10602	9229	5962	7125
1556	12	0	46220	11569	10366	8565	15971	0	0	0	0	0	46041	57524	179	0	71	108	70	71	1	0	0	1	0	71	1	71	0	0	0	71	0	2804999	388687	380612	506927	1042	201	7742554	101	13084	13747	10409	16644
11081	456	829	26877	9088	6773	4697	6868	0	0	0	0	0	17428	52320	9449	345	9341	108	8922	8997	419	344	112	187	79	9341	531	9341	833	806	27	8535	806	2831929	398137	389954	518013	1875	1007	7796926	7226	10231	8914	5946	7313
1595	8	0	45786	11393	10351	8649	15608	0	0	0	0	0	45606	57098	180	6	70	110	66	65	4	5	3	2	1	70	7	70	0	0	0	70	0	2877754	398317	390024	519609	1875	1007	7944977	112	12887	13744	10501	16315
11329	448	854	26769	9024	6884	4793	6628	0	0	0	0	0	17098	52660	9671	342	9572	99	9171	9231	401	341	108	168	63	9572	509	9572	860	833	27	8739	833	2904563	407988	399596	530942	2735	1840	7999349	7445	10208	9069	6000	7045
1634	17	0	45658	11297	10449	8534	15621	0	0	0	0	0	45478	56842	180	6	76	104	68	70	8	6	2	4	1	76	10	76	0	0	0	76	0	2950253	408168	399672	532576	2735	1840	8147399	113	12822	13743	10398	16318
12162	518	903	27583	9598	7213	4693	6683	0	0	0	0	0	17230	54953	10353	369	10246	107	9781	9877	465	369	113	209	75	10246	578	10246	909	886	23	9360	886	2977878	418521	409918	544739	3644	2726	8201772	8031	10815	9449	5940	7145
4310	34	0	125769	31053	29176	23229	42947	0	0	0	0	0	125282	156636	487	5	216	271	208	213	8	3	1	6	0	216	9	216	0	0	0	216	0	3103674	419008	410134	549052	3644	2726	8606215	326	35326	38421	28381	44882
13645	604	996	28937	10293	7400	5017	6929	0	0	0	0	0	17287	59499	11650	438	11569	81	11025	11131	544	438	145	251	76	11569	689	11569	1001	977	24	10592	977	3132652	430658	421703	562698	549	3703	8660599	8953	11588	9744	6294	7385

processed_m4518_ME21_HV0_test40_SRCoff_170715_233958_TMBCounters.txt																																													
alct0 valid pattern flag received	alct1 valid pattern flag received	raw hits readout   	Pretrigger   	Pretrigger on CFEB0	Pretrigger on CFEB1	Pretrigger on CFEB2	Pretrigger on CFEB3	Pretrigger on CFEB4	Pretrigger on CFEB5	Pretrigger on CFEB6	Pretrigger on ME1A CFEB 4-6 only	Pretrigger on ME1B CFEBs 0-3 only	Discarded, CLCT0 invalid pattern after drift	BX pretrig waiting for triads to dissipate	clct0 sent to TMB matching section	clct1 sent to TMB matching section	TMB accepted alct	TMB match reject event  	Matching found one ALCT	Matching found one CLCT	Matching found two ALCTs	Matching found two CLCTs	ALCT0 copied into ALCT1 to make 2nd LCT	CLCT0 copied into CLCT1 to make 2nd LCT	LCT1 has higher quality than LCT0 	Transmitted LCT0 to MPC	Transmitted LCT1 to MPC	MPC rejected both LCT0 and LCT1	L1A received   	L1A received, TMB in L1A window	L1A received, no TMB in window	TMB triggered, no L1A in window	TMB readouts completed	Pretrigger counter   	CLCT counter   	TMB trigger counter	ALCTs received counter	L1As received counter 	Readout counter 	Orbit counter	CLCT pre-trigger and ALCT coincidence counter	CFEB0 active flag sent to DMB for readout	CFEB1 active flag sent to DMB for readout	CFEB2 active flag sent to DMB for readout	CFEB3 active flag sent to DMB for readout
69743	3268	5236	81525	35510	22672	13758	12819	0	0	0	0	0	19665	225516	61860	2510	61574	286	58671	59067	2903	2507	849	1245	475	61574	3752	61574	5261	5142	119	56432	5142	97355	61931	61602	70267	1165	1046	104938	41328	39725	29682	17848	14342
4505	31	0	127708	31581	29399	23668	43750	0	0	0	0	0	127177	159202	531	7	221	310	213	215	8	6	2	4	3	221	10	221	0	0	0	221	0	225163	62463	61823	74776	1165	1046	509379	306	35797	38917	28798	45646
72432	3333	5450	83791	36593	23615	14113	12992	0	0	0	0	0	19533	233053	64258	2659	63916	342	60943	61258	2973	2658	937	1252	505	63916	3910	63916	5478	5364	114	58552	5364	308987	126721	125739	147211	2547	2314	563751	43070	40917	30630	18331	14603
4516	37	0	127752	31187	29377	23635	44258	0	0	0	0	0	127241	159038	511	7	232	279	223	225	9	7	3	5	1	232	12	232	0	0	0	232	0	436781	127232	125971	151728	2547	2314	968205	327	35457	38556	28804	46217
68223	3128	5131	80204	35070	22515	13301	12605	0	0	0	0	0	19747	221035	60457	2421	60152	305	57348	57739	2804	2413	801	1192	461	60152	3605	60152	5155	5033	122	55119	5033	517026	187689	186123	219952	3606	3251	1022578	40442	39244	29239	17404	14096
4399	32	0	127520	31357	29246	23550	44032	0	0	0	0	0	126967	158885	553	9	245	308	233	238	12	7	4	9	0	245	16	245	0	0	0	245	0	644575	188242	186368	224352	3606	3251	1427017	306	35628	38644	28838	45882
73170	3411	5307	84909	37010	23800	14236	13360	0	0	0	0	0	19890	235638	65019	2637	64695	324	61631	62059	3064	2636	904	1332	514	64695	3968	64695	5330	5211	119	59484	5211	729529	253261	251063	297522	744	270	1481403	43480	41458	31176	18586	14941
4376	37	0	127829	31526	29488	23621	43896	0	0	0	0	0	127307	159468	522	4	228	294	216	225	12	3	1	10	0	228	13	228	0	0	0	228	0	857396	253784	251291	301899	744	270	1885843	312	35806	38775	28921	45872
75239	3557	5613	86607	38078	24345	14504	13271	0	0	0	0	0	19842	241838	66765	2772	66424	341	63226	63654	3198	2770	948	1376	544	66424	4146	66424	5632	5500	132	60924	5500	944047	320549	317715	377139	2280	1674	1940216	44616	42763	31974	18907	14876
4559	33	0	127826	31364	29213	23724	44239	0	0	0	0	0	127275	159250	551	8	238	313	226	230	12	8	4	8	3	238	16	238	0	0	0	238	0	1071914	321100	317953	381700	2280	1674	2344657	337	35550	38585	28838	46164
76310	3622	5759	87502	38632	24648	14361	13467	0	0	0	0	0	19671	244734	67831	2744	67488	343	64251	64746	3237	2742	900	1395	532	67488	4137	67488	5788	5663	125	61825	5663	1159455	388931	385441	458012	3972	3241	2399039	45310	43365	32316	18857	15075
4408	40	0	127855	31461	29430	23625	44031	0	0	0	0	0	127348	159144	507	10	208	299	192	200	16	8	0	8	2	208	16	208	0	0	0	208	0	1287349	389438	385649	462422	3972	3241	2803482	282	35759	38796	28761	46013
72506	3393	5441	84151	37111	23337	14008	13221	0	0	0	0	0	19852	233681	64299	2644	63962	337	60925	61320	3037	2642	919	1314	499	63962	3956	63962	5459	5330	129	58632	5330	1371542	453737	449611	534929	1239	379	2857856	42919	41488	30652	18250	14767
4449	43	0	128247	31502	29587	23627	44233	0	0	0	0	0	127701	159803	546	6	236	310	219	231	17	5	2	14	0	236	19	236	0	0	0	236	0	1499826	454283	449847	539378	1239	379	3262295	341	35962	38961	28743	46145

processed_m4519_ME21_HV0_test40_SRCoff_170715_234915_TMBCounters.txt																																													
alct0 valid pattern flag received	alct1 valid pattern flag received	raw hits readout   	Pretrigger   	Pretrigger on CFEB0	Pretrigger on CFEB1	Pretrigger on CFEB2	Pretrigger on CFEB3	Pretrigger on CFEB4	Pretrigger on CFEB5	Pretrigger on CFEB6	Pretrigger on ME1A CFEB 4-6 only	Pretrigger on ME1B CFEBs 0-3 only	Discarded, CLCT0 invalid pattern after drift	BX pretrig waiting for triads to dissipate	clct0 sent to TMB matching section	clct1 sent to TMB matching section	TMB accepted alct	TMB match reject event  	Matching found one ALCT	Matching found one CLCT	Matching found two ALCTs	Matching found two CLCTs	ALCT0 copied into ALCT1 to make 2nd LCT	CLCT0 copied into CLCT1 to make 2nd LCT	LCT1 has higher quality than LCT0 	Transmitted LCT0 to MPC	Transmitted LCT1 to MPC	MPC rejected both LCT0 and LCT1	L1A received   	L1A received, TMB in L1A window	L1A received, no TMB in window	TMB triggered, no L1A in window	TMB readouts completed	Pretrigger counter   	CLCT counter   	TMB trigger counter	ALCTs received counter	L1As received counter 	Readout counter 	Orbit counter	CLCT pre-trigger and ALCT coincidence counter	CFEB0 active flag sent to DMB for readout	CFEB1 active flag sent to DMB for readout	CFEB2 active flag sent to DMB for readout	CFEB3 active flag sent to DMB for readout
87015	4126	6538	97977	43814	27780	16132	14551	0	0	0	0	0	20489	276336	77488	3196	77103	385	73393	73911	3710	3192	1066	1584	580	77103	4776	77103	6559	6457	102	70646	6457	114114	77549	77128	87541	2463	2361	104935	44836	49120	36174	21079	16377
4580	37	0	130847	32085	29884	23718	45854	0	0	0	0	0	130295	163171	552	11	231	321	215	223	16	8	1	9	1	231	17	231	0	0	0	231	0	245007	78101	77359	92121	2463	2361	509379	267	36589	39365	28993	47792
83540	3920	6245	94899	41882	27077	15700	14280	0	0	0	0	0	20422	266386	74477	3023	74097	379	70579	71075	3518	3022	1026	1522	543	74097	4544	74097	6271	6140	131	67957	6140	339945	152578	151456	175664	542	309	563762	43099	47121	35058	20507	16080
4661	34	0	130989	31827	30073	24092	45691	0	0	0	0	0	130410	163417	579	6	236	343	229	231	7	5	4	6	3	236	11	236	0	0	0	236	0	470971	153157	151692	180326	542	309	968215	296	36318	39684	29472	47644
77854	3596	5867	89641	39749	25267	14575	13907	0	0	0	0	0	20279	249899	69362	2840	69001	361	65741	66164	3260	2837	974	1397	545	69001	4234	69001	5887	5793	94	63208	5793	560648	222519	220693	258181	2333	2006	1022577	40013	44493	33114	19070	15613
4721	33	0	131001	32176	29889	23952	45646	0	0	0	0	0	130472	163077	529	11	220	309	212	211	8	9	5	4	4	220	13	220	0	0	0	220	0	691685	223049	220913	262904	2333	2006	1427028	288	36560	39246	29175	47597
78987	3593	5974	90662	40318	25586	14849	13766	0	0	0	0	0	20175	253543	70487	2905	70136	351	66908	67233	3228	2903	1018	1343	524	70136	4246	70136	5994	5878	116	64258	5878	782379	293536	291049	341893	135	3788	1481414	40532	45258	33388	19407	15423
4608	41	0	130754	31986	30016	24100	45363	0	0	0	0	0	130217	163140	537	6	226	311	213	221	13	5	3	11	2	226	16	226	0	0	0	226	0	913166	294073	291275	346505	135	3788	1885840	283	36465	39562	29439	47339
80614	3835	6035	91887	40881	25843	15199	13917	0	0	0	0	0	20119	257427	71768	2997	71400	368	67964	68403	3436	2997	1038	1477	553	71400	4474	71400	6050	5932	118	65468	5932	1005086	365842	362676	427120	2089	1528	1940224	41517	45934	33704	19906	15695
4548	36	0	130591	31842	29825	23929	45692	0	0	0	0	0	130041	162957	550	11	217	333	205	207	12	10	5	7	4	217	17	217	0	0	0	217	0	1135713	366392	362893	431668	2089	1528	2344678	305	36242	39370	29140	47580
83433	4079	6519	94760	42667	26419	15556	14223	0	0	0	0	0	20428	266633	74332	3153	73953	379	70297	70803	3656	3150	1040	1546	617	73953	4696	73953	6548	6421	127	67532	6421	1230517	440724	436846	515103	445	3853	2399040	42947	47639	34630	20360	15997
4684	42	0	130447	32125	29765	23728	45512	0	0	0	0	0	129934	162402	513	6	206	307	200	200	6	6	4	4	3	206	10	206	0	0	0	206	0	1360998	441237	437052	519787	445	3853	2803482	309	36553	39156	28943	47516

processed_m4520_ME21_HV0_test40_SRCoff_170715_235737_TMBCounters.txt																																													
alct0 valid pattern flag received	alct1 valid pattern flag received	raw hits readout   	Pretrigger   	Pretrigger on CFEB0	Pretrigger on CFEB1	Pretrigger on CFEB2	Pretrigger on CFEB3	Pretrigger on CFEB4	Pretrigger on CFEB5	Pretrigger on CFEB6	Pretrigger on ME1A CFEB 4-6 only	Pretrigger on ME1B CFEBs 0-3 only	Discarded, CLCT0 invalid pattern after drift	BX pretrig waiting for triads to dissipate	clct0 sent to TMB matching section	clct1 sent to TMB matching section	TMB accepted alct	TMB match reject event  	Matching found one ALCT	Matching found one CLCT	Matching found two ALCTs	Matching found two CLCTs	ALCT0 copied into ALCT1 to make 2nd LCT	CLCT0 copied into CLCT1 to make 2nd LCT	LCT1 has higher quality than LCT0 	Transmitted LCT0 to MPC	Transmitted LCT1 to MPC	MPC rejected both LCT0 and LCT1	L1A received   	L1A received, TMB in L1A window	L1A received, no TMB in window	TMB triggered, no L1A in window	TMB readouts completed	Pretrigger counter   	CLCT counter   	TMB trigger counter	ALCTs received counter	L1As received counter 	Readout counter 	Orbit counter	CLCT pre-trigger and ALCT coincidence counter	CFEB0 active flag sent to DMB for readout	CFEB1 active flag sent to DMB for readout	CFEB2 active flag sent to DMB for readout	CFEB3 active flag sent to DMB for readout
81870	3960	6243	94814	41955	26442	15782	14947	0	0	0	0	0	21530	262062	73284	3094	72963	321	69433	69869	3530	3094	1056	1492	567	72963	4586	72963	6276	6183	93	66780	6183	112193	73352	72993	82541	2180	2087	104937	20678	46874	34712	20496	16773
5214	34	0	141873	33834	32458	25425	50945	0	0	0	0	0	141279	176808	594	8	234	360	219	227	15	7	3	11	0	234	18	234	0	0	0	234	0	254198	73947	73228	87759	2180	2087	509380	200	38858	42911	31313	53054
77657	3650	5740	90501	39771	25208	15113	14421	0	0	0	0	0	21102	248876	69399	2825	69054	345	65752	66231	3302	2823	967	1446	507	69054	4269	69054	5764	5671	93	63383	5671	344742	143347	142282	165420	3848	3662	563753	19537	44585	33047	19685	16200
5424	41	0	142363	34397	32225	25521	51008	0	0	0	0	0	141772	177353	591	9	242	349	227	234	15	8	1	8	2	242	16	242	0	0	0	242	0	487152	143938	142524	170844	3848	3662	968193	224	39341	42919	31359	53137
76455	3736	5539	89891	39640	24973	14887	14445	0	0	0	0	0	21432	246301	68459	2882	68137	322	64757	65258	3380	2879	926	1427	543	68137	4306	68137	5562	5483	79	62654	5483	577091	212397	210661	247300	1218	953	1022576	19349	44447	32667	19371	16173
5349	38	0	142171	34355	32427	25607	50536	0	0	0	0	0	141618	177637	553	4	232	321	220	228	12	4	1	9	1	232	13	232	0	0	0	232	0	719305	212950	210893	252650	1218	953	1427018	241	39262	42859	31366	52676
73531	3434	5545	86804	38185	24101	14303	14060	0	0	0	0	0	21058	236891	65746	2756	65438	308	62355	62683	3083	2755	939	1267	534	65438	4022	65438	5561	5495	66	59943	5495	806166	278696	276331	326183	2683	2352	1481389	18609	42812	31500	18692	15759
5344	34	0	141887	34311	32344	25326	50685	0	0	0	0	0	141297	176683	590	6	250	340	238	246	12	4	1	9	0	250	13	250	0	0	0	250	0	948093	279286	276581	331528	2683	2352	1885843	234	39435	42661	31061	52870
77472	3665	5896	90863	39939	25569	15035	14347	0	0	0	0	0	21474	249145	69389	2928	69030	359	65709	66103	3321	2927	1001	1395	551	69030	4322	69030	5919	5849	70	63181	5849	1038993	348675	345611	409001	410	9	1940215	19446	44744	33490	19592	16055
5421	36	0	142809	34438	32295	25541	51339	0	0	0	0	0	142182	177745	627	10	261	366	245	252	16	9	3	10	0	261	19	261	0	0	0	261	0	1181838	349303	345872	414422	410	9	2344657	221	39314	42786	31566	53573
73881	3539	5594	87390	38506	24492	14277	14083	0	0	0	0	0	21202	238490	66188	2889	65863	325	62687	62974	3176	2889	998	1285	534	65863	4174	65863	5616	5544	72	60319	5544	1269267	415492	411736	488305	1930	1457	2399043	18593	43110	31999	18638	15748
5333	36	0	142739	34181	32548	25718	51077	0	0	0	0	0	142146	178371	593	7	262	331	251	257	11	5	1	7	1	262	12	262	0	0	0	262	0	1412047	416085	411998	493639	1930	1457	2803484	235	39134	43021	31498	53290
75108	3575	5602	88502	38773	24719	14622	14346	0	0	0	0	0	21320	242014	67182	2799	66855	327	63643	64058	3212	2797	988	1403	530	66855	4200	66855	5626	5549	77	61306	5549	1500590	483267	478853	568747	3460	2910	2857857	18822	43568	32290	19096	16007

processed_m4521_ME21_HV0_test40_SRCoff_170716_000523_TMBCounters.txt																																													
alct0 valid pattern flag received	alct1 valid pattern flag received	raw hits readout   	Pretrigger   	Pretrigger on CFEB0	Pretrigger on CFEB1	Pretrigger on CFEB2	Pretrigger on CFEB3	Pretrigger on CFEB4	Pretrigger on CFEB5	Pretrigger on CFEB6	Pretrigger on ME1A CFEB 4-6 only	Pretrigger on ME1B CFEBs 0-3 only	Discarded, CLCT0 invalid pattern after drift	BX pretrig waiting for triads to dissipate	clct0 sent to TMB matching section	clct1 sent to TMB matching section	TMB accepted alct	TMB match reject event  	Matching found one ALCT	Matching found one CLCT	Matching found two ALCTs	Matching found two CLCTs	ALCT0 copied into ALCT1 to make 2nd LCT	CLCT0 copied into CLCT1 to make 2nd LCT	LCT1 has higher quality than LCT0 	Transmitted LCT0 to MPC	Transmitted LCT1 to MPC	MPC rejected both LCT0 and LCT1	L1A received   	L1A received, TMB in L1A window	L1A received, no TMB in window	TMB triggered, no L1A in window	TMB readouts completed	Pretrigger counter   	CLCT counter   	TMB trigger counter	ALCTs received counter	L1As received counter 	Readout counter 	Orbit counter	CLCT pre-trigger and ALCT coincidence counter	CFEB0 active flag sent to DMB for readout	CFEB1 active flag sent to DMB for readout	CFEB2 active flag sent to DMB for readout	CFEB3 active flag sent to DMB for readout
72110	3370	5381	88135	37862	24403	14647	15000	0	0	0	0	0	23863	235301	64272	2715	63919	353	60896	61205	3023	2714	941	1250	509	63919	3964	63919	5402	5314	88	58605	5314	108073	64406	63953	72842	1306	1218	104938	14697	42501	31988	19115	16795
6086	36	0	160078	37587	36235	28697	58501	0	0	0	0	0	159215	200274	863	9	221	642	212	214	9	7	4	6	1	221	13	221	0	0	0	221	0	268240	65269	64174	78934	1306	1218	509379	165	43546	47987	35570	61614
75571	3658	5616	90992	39303	25309	15066	15401	0	0	0	0	0	23615	244786	67377	2818	66997	380	63714	64182	3283	2815	932	1400	539	66997	4215	66997	5642	5552	90	61445	5552	359275	132646	131171	154507	2852	2674	563752	15433	44038	33087	19605	17199
6053	26	0	161075	37788	36478	28933	58825	0	0	0	0	0	160247	201668	828	7	250	578	244	244	6	6	3	3	0	250	9	250	0	0	0	250	0	520392	133475	131421	160563	2852	2674	968205	182	43587	48278	35880	61879
76672	3739	5889	92477	39831	25879	15364	15571	0	0	0	0	0	23877	249124	68600	2916	68208	392	64860	65297	3348	2911	968	1405	554	68208	4316	68208	5911	5825	86	62383	5825	612914	202075	199629	237236	571	307	1022577	15766	44720	33737	20110	17420
6041	38	0	160783	37806	36526	28766	58645	0	0	0	0	0	159874	200949	909	8	267	642	257	261	10	6	5	9	4	267	15	267	0	0	0	267	0	773751	202985	199896	243279	571	307	1427018	178	43795	48426	35595	61767
72636	3513	5412	88350	38248	24550	14596	14825	0	0	0	0	0	23534	236778	64816	2771	64469	347	61291	61698	3178	2771	943	1350	542	64469	4121	64469	5428	5342	86	59127	5342	862141	267801	264365	315917	1903	1553	1481394	14857	43003	32070	19046	16610
6177	41	0	160297	37582	36208	28865	58559	0	0	0	0	0	159454	200599	843	3	219	624	208	216	11	3	1	9	0	219	12	219	0	0	0	219	0	1022480	268644	264584	322095	1903	1553	1885842	162	43486	48014	35501	61666
71450	3380	5304	87507	37663	24481	14524	14769	0	0	0	0	0	23591	233903	63916	2687	63564	352	60527	60878	3037	2686	920	1271	498	63564	3957	63564	5330	5229	101	58335	5229	1110036	332560	328148	393547	3137	2686	1940216	14612	42297	32013	18927	16505
6194	42	0	160980	37472	36608	29037	58824	0	0	0	0	0	160135	201369	845	11	263	582	247	253	16	10	4	10	2	263	20	263	0	0	0	263	0	1271067	333405	328411	399745	3137	2686	2344658	204	43322	48491	35804	61929
74018	3537	5545	89938	38473	25197	14933	15287	0	0	0	0	0	23776	241378	66162	2841	65815	347	62617	62975	3198	2840	970	1328	505	65815	4168	65815	5562	5475	87	60340	5475	1361047	399567	394226	473764	507	4065	2399040	15354	43287	32782	19545	17091
5992	30	0	161060	37620	36767	29045	58588	0	0	0	0	0	160238	201323	822	8	224	598	220	217	4	7	5	2	1	224	9	224	0	0	0	224	0	1522153	400389	394450	479756	507	4065	2803483	186	43424	48666	35964	61682
71762	3392	5266	87898	37553	24517	14564	15012	0	0	0	0	0	23715	234709	64183	2651	63850	333	60788	61201	3062	2649	862	1275	465	63850	3924	63850	5294	5212	82	58638	5212	1610105	464572	458300	551520	1705	1085	2857855	14799	42316	31990	19144	16739
5987	52	0	160285	37497	36605	28845	58279	0	0	0	0	0	159481	200296	804	5	223	581	211	220	12	3	2	11	0	223	14	223	0	0	0	223	0	1770446	465377	458523	557509	1705	1085	3262298	192	43432	48457	35648	61359

processed_m4523_ME21_HV0_test40_SRCoff_170716_003330_TMBCounters.txt																																													
alct0 valid pattern flag received	alct1 valid pattern flag received	raw hits readout   	Pretrigger   	Pretrigger on CFEB0	Pretrigger on CFEB1	Pretrigger on CFEB2	Pretrigger on CFEB3	Pretrigger on CFEB4	Pretrigger on CFEB5	Pretrigger on CFEB6	Pretrigger on ME1A CFEB 4-6 only	Pretrigger on ME1B CFEBs 0-3 only	Discarded, CLCT0 invalid pattern after drift	BX pretrig waiting for triads to dissipate	clct0 sent to TMB matching section	clct1 sent to TMB matching section	TMB accepted alct	TMB match reject event  	Matching found one ALCT	Matching found one CLCT	Matching found two ALCTs	Matching found two CLCTs	ALCT0 copied into ALCT1 to make 2nd LCT	CLCT0 copied into CLCT1 to make 2nd LCT	LCT1 has higher quality than LCT0 	Transmitted LCT0 to MPC	Transmitted LCT1 to MPC	MPC rejected both LCT0 and LCT1	L1A received   	L1A received, TMB in L1A window	L1A received, no TMB in window	TMB triggered, no L1A in window	TMB readouts completed	Pretrigger counter   	CLCT counter   	TMB trigger counter	ALCTs received counter	L1As received counter 	Readout counter 	Orbit counter	CLCT pre-trigger and ALCT coincidence counter	CFEB0 active flag sent to DMB for readout	CFEB1 active flag sent to DMB for readout	CFEB2 active flag sent to DMB for readout	CFEB3 active flag sent to DMB for readout
78287	3690	5868	99442	41709	27510	16798	17849	0	0	0	0	0	29616	259388	69826	2887	69350	476	66026	66465	3324	2885	972	1411	579	69350	4296	69350	5888	5799	89	63551	5799	125077	70093	69389	79259	1792	1703	104938	8893	47007	36040	21869	20227
7925	38	0	203640	44949	46544	38503	75041	0	0	0	0	0	201672	258118	1968	10	250	1718	235	243	15	7	2	10	1	250	17	250	0	0	0	250	0	328874	72062	69639	87191	1792	1703	509390	147	52781	61555	48484	81516
75380	3597	5724	97051	40540	26918	16358	17557	0	0	0	0	0	29803	251660	67248	2847	66717	531	63492	63871	3225	2846	1003	1382	543	66717	4228	66717	5754	5641	113	61076	5641	425992	139310	136356	162574	3450	3248	563763	8684	45615	35247	21306	19831
7954	44	0	205283	45177	46808	39045	75672	0	0	0	0	0	203393	260186	1890	6	218	1672	204	214	14	4	2	12	1	218	16	218	0	0	0	218	0	631329	141201	136574	170530	3450	3248	968204	146	52969	61626	49038	82261
69329	3311	5146	90934	37376	25136	15560	16766	0	0	0	0	0	29129	233230	61805	2574	61308	497	58351	58734	2957	2574	875	1258	448	61308	3832	61308	5176	5077	99	56231	5077	722326	203006	197882	239860	434	133	1022586	7901	42117	32769	20265	18950
7901	49	0	204584	45268	46648	39075	75076	0	0	0	0	0	202684	259410	1900	4	258	1642	241	254	17	4	0	13	1	258	17	258	0	0	0	258	0	926969	204906	198140	247767	434	133	1427029	169	53063	61672	48938	81729
72180	3574	5435	93934	38663	25903	16062	17323	0	0	0	0	0	29559	242189	64375	2776	63865	510	60640	61092	3225	2773	934	1386	477	63865	4159	63865	5453	5370	83	58495	5370	1020972	269282	262005	319953	1791	1407	1481400	8284	43699	33832	21000	19615
7754	45	0	205104	45221	46822	39060	75471	0	0	0	0	0	203217	259641	1887	4	223	1664	211	219	12	4	1	9	1	223	13	223	0	0	0	223	0	1226142	271169	262228	327709	1791	1407	1885843	133	53001	62110	48920	82097
69444	3256	5265	91420	38009	25191	15424	16713	0	0	0	0	0	29451	234339	61969	2555	61504	465	58584	58950	2920	2554	850	1216	487	61504	3770	61504	5289	5199	90	56305	5199	1317617	333138	323732	397155	2984	2510	1940228	8027	42704	32974	20086	18854
7913	46	0	204104	44982	46459	39066	75081	0	0	0	0	0	202134	258792	1970	5	227	1743	218	226	9	1	0	8	1	227	9	227	0	0	0	227	0	1521795	335108	323959	405072	2984	2510	2344668	145	52587	61610	49218	81717
73919	3615	5566	95448	39662	26081	16596	17223	0	0	0	0	0	29605	246574	65843	2756	65332	511	62085	62579	3247	2753	889	1383	509	65332	4136	65332	5590	5476	114	59856	5476	1617296	400951	389291	478993	382	3890	2399041	8559	44672	34294	21439	19501
7859	46	0	204120	45516	46706	38780	74612	0	0	0	0	0	202239	258471	1881	6	214	1667	204	208	10	6	2	6	3	214	12	214	0	0	0	214	0	1821477	402833	389505	486852	382	3890	2803482	133	53377	61817	48462	81202
76096	3601	5591	97246	40687	26844	16368	17613	0	0	0	0	0	29334	253101	67912	2831	67394	518	64138	64565	3256	2829	957	1384	541	67394	4213	67394	5610	5520	90	61874	5520	1918785	470745	456899	562950	1896	1218	2857865	8727	45839	35065	21288	19850
7627	41	0	204295	45372	46729	38956	74692	0	0	0	0	0	202404	259085	1891	6	245	1646	233	240	12	5	3	10	2	245	15	245	0	0	0	245	0	2123141	472636	457144	570577	1896	1218	3262305	152	53174	61678	49058	81282

